0 0.529630 0.319271 0.022222 0.014583
0 0.577778 0.318229 0.022222 0.013542
0 0.079630 0.476042 0.025926 0.009375
0 0.953704 0.656250 0.029630 0.015625
0 0.300926 0.320833 0.022222 0.014583
0 0.390741 0.583333 0.022222 0.013542
0 0.548148 0.200000 0.011111 0.007292
0 0.562963 0.319792 0.018519 0.013542
0 0.991667 0.327604 0.016667 0.014583
0 0.248148 0.357812 0.029630 0.015625
0 0.250926 0.711979 0.029630 0.013542
0 0.275000 0.555729 0.029630 0.017708
0 0.995370 0.550000 0.005556 0.012500
0 0.990741 0.704167 0.018519 0.016667
0 0.314815 0.325521 0.029630 0.017708
0 0.353704 0.320833 0.031481 0.018750
0 0.389815 0.711979 0.029630 0.017708
0 0.361111 0.307292 0.029630 0.015625
0 0.610185 0.404167 0.022222 0.013542
0 0.372222 0.574479 0.025926 0.015625
0 0.562037 0.498437 0.018519 0.011458
0 0.438889 0.518229 0.027778 0.014583
0 0.423148 0.573958 0.025926 0.011458
0 0.996296 0.435417 0.005556 0.015625
0 0.418519 0.582292 0.024074 0.014583
0 0.519444 0.310937 0.024074 0.015625
0 0.995370 0.723958 0.007407 0.022917
0 0.994444 0.604167 0.024074 0.012500
0 0.454630 0.515625 0.027778 0.015625
0 0.994444 0.530729 0.009259 0.010417
0 0.485185 0.490104 0.022222 0.012500
0 0.420370 0.582292 0.025926 0.014583
0 0.993519 0.695312 0.011111 0.015625
0 0.455556 0.515625 0.025926 0.015625
0 0.464815 0.510938 0.018519 0.012500
0 0.497222 0.292187 0.025926 0.015625
0 0.487037 0.504687 0.024074 0.014583
0 0.475926 0.319271 0.024074 0.013542
0 0.995370 0.700000 0.005556 0.018750
0 0.526852 0.504687 0.024074 0.013542
0 0.497222 0.322396 0.022222 0.012500
0 0.523148 0.494271 0.022222 0.010417
0 0.500000 0.332292 0.020370 0.012500
0 0.991667 0.760938 0.016667 0.037500
0 0.552778 0.482812 0.022222 0.012500
0 0.563889 0.319792 0.020370 0.014583
0 0.997222 0.279687 0.005556 0.015625
0 0.636111 0.495833 0.025926 0.015625
0 0.606481 0.317708 0.022222 0.015625
0 0.914815 0.687500 0.033333 0.020833
0 0.688889 0.408333 0.027778 0.017708
0 0.636111 0.424479 0.020370 0.011458
0 0.998148 0.513542 0.003704 0.018750
0 0.990741 0.710417 0.016667 0.018750
0 0.994444 0.601042 0.011111 0.026042
0 0.012037 0.600000 0.022222 0.009375
0 0.337037 0.322917 0.024074 0.017708
0 0.020370 0.700521 0.035185 0.021875
0 0.971296 0.470833 0.025926 0.011458
0 0.081481 0.514583 0.031481 0.015625
0 0.962963 0.735938 0.035185 0.018750
0 0.995370 0.541146 0.020370 0.011458
0 0.992593 0.665625 0.022222 0.013542
0 0.991667 0.735417 0.016667 0.018750
0 0.991667 0.721875 0.014815 0.020833
0 0.994444 0.363542 0.009259 0.015625
0 0.992593 0.316146 0.012963 0.014583
0 0.993519 0.684896 0.012963 0.016667
0 0.993519 0.388542 0.009259 0.012500
0 0.994444 0.743750 0.011111 0.019792
0 0.994444 0.405208 0.007407 0.015625
0 0.993519 0.678125 0.012963 0.016667
0 0.988889 0.818229 0.018519 0.031250
0 0.990741 0.253646 0.018519 0.010417
0 0.993519 0.275000 0.011111 0.015625
0 0.999074 0.514062 0.005556 0.017708
0 0.990741 0.755208 0.016667 0.022917
0 0.996296 0.721875 0.005556 0.014583
0 0.995370 0.563542 0.009259 0.020833
0 0.994444 0.712500 0.009259 0.014583
0 0.993519 0.773438 0.012963 0.016667
0 0.999074 0.436458 0.000000 0.000000
0 0.991667 0.600000 0.014815 0.027083
0 0.995370 0.598958 0.009259 0.019792
0 0.991667 0.721354 0.012963 0.019792
0 0.991667 0.486979 0.016667 0.015625
