0 0.650000 0.689063 0.042593 0.023958
0 0.290741 0.373958 0.042593 0.021875
0 0.805556 0.570833 0.027778 0.018750
0 0.207407 0.638021 0.029630 0.017708
0 0.651852 0.702604 0.031481 0.015625
0 0.285185 0.670312 0.027778 0.014583
0 0.092593 0.643229 0.037037 0.018750
0 0.214815 0.360417 0.025926 0.012500
0 0.835185 0.541146 0.031481 0.018750
0 0.475000 0.543229 0.040741 0.022917
0 0.395370 0.766667 0.031481 0.016667
0 0.751852 0.518750 0.037037 0.020833
0 0.703704 0.278646 0.033333 0.016667
0 0.634259 0.572917 0.025926 0.016667
0 0.074074 0.674479 0.031481 0.016667
0 0.631481 0.549479 0.031481 0.018750
0 0.252778 0.659375 0.037037 0.014583
0 0.350926 0.658333 0.033333 0.018750
0 0.622222 0.244792 0.035185 0.019792
0 0.748148 0.429688 0.044444 0.023958
0 0.516667 0.720313 0.042593 0.021875
0 0.837037 0.561979 0.033333 0.019792
0 0.335185 0.769271 0.031481 0.017708
0 0.375000 0.663021 0.037037 0.020833
0 0.675926 0.500521 0.037037 0.021875
0 0.003704 0.632812 0.007407 0.016667
0 0.467593 0.571875 0.048148 0.028125
0 0.642593 0.267708 0.033333 0.019792
0 0.275000 0.513542 0.042593 0.022917
0 0.156481 0.674479 0.044444 0.023958
0 0.808333 0.527604 0.035185 0.018750
0 0.505556 0.480729 0.044444 0.026042
0 0.773148 0.376563 0.042593 0.023958
0 0.367593 0.731771 0.031481 0.017708
0 0.606481 0.717187 0.035185 0.021875
0 0.812037 0.381250 0.035185 0.018750
0 0.424074 0.759896 0.027778 0.017708
0 0.496296 0.210417 0.038889 0.022917
0 0.660185 0.540625 0.046296 0.025000
0 0.572222 0.720833 0.033333 0.020833
0 0.387037 0.250521 0.031481 0.019792
0 0.051852 0.469792 0.025926 0.013542
0 0.599074 0.277604 0.022222 0.013542
0 0.645370 0.518229 0.035185 0.017708
0 0.713889 0.270833 0.024074 0.013542
0 0.068519 0.252083 0.025926 0.015625
0 0.127778 0.686458 0.038889 0.018750
0 0.280556 0.682292 0.029630 0.017708
0 0.223148 0.427083 0.038889 0.021875
0 0.684259 0.485417 0.025926 0.014583
0 0.049074 0.669271 0.025926 0.014583
0 0.203704 0.773958 0.042593 0.025000
0 0.254630 0.350000 0.040741 0.022917
0 0.100000 0.282813 0.033333 0.017708
0 0.827778 0.337500 0.025926 0.014583
0 0.772222 0.577083 0.035185 0.018750
0 0.614815 0.258333 0.040741 0.026042
0 0.249074 0.648438 0.037037 0.018750
0 0.813889 0.575521 0.035185 0.019792
0 0.833333 0.510938 0.033333 0.019792
0 0.292593 0.709375 0.031481 0.018750
0 0.622222 0.527604 0.031481 0.019792
0 0.699074 0.635417 0.022222 0.014583
0 0.793519 0.558854 0.027778 0.015625
0 0.448148 0.209896 0.024074 0.013542
0 0.243519 0.361458 0.025926 0.010417
0 0.305556 0.540625 0.022222 0.012500
0 0.396296 0.443750 0.031481 0.018750
0 0.075000 0.263542 0.027778 0.013542
0 0.691667 0.285417 0.024074 0.014583
0 0.419444 0.629167 0.033333 0.017708
0 0.594444 0.548958 0.027778 0.016667
0 0.009259 0.442708 0.018519 0.013542
0 0.793519 0.348438 0.024074 0.014583
0 0.773148 0.535937 0.037037 0.020833
