0 0.996296 0.730208 0.007407 0.016667
0 0.989815 0.664062 0.018519 0.010417
0 0.997222 0.680729 0.003704 0.016667
0 0.990741 0.666667 0.014815 0.016667
0 0.997222 0.506250 0.003704 0.017708
0 0.924074 0.387500 0.033333 0.019792
0 0.988889 0.674479 0.018519 0.023958
0 0.800926 0.295833 0.025926 0.014583
0 0.856481 0.478125 0.027778 0.015625
0 0.997222 0.267708 0.005556 0.016667
0 0.754630 0.297396 0.024074 0.014583
0 0.742593 0.464583 0.022222 0.011458
0 0.992593 0.698958 0.012963 0.015625
0 0.996296 0.457292 0.007407 0.020833
0 0.994444 0.671875 0.009259 0.015625
0 0.997222 0.478125 0.003704 0.009375
0 0.996296 0.386458 0.007407 0.012500
0 1.004630 0.392708 0.012963 0.019792
0 0.994444 0.656250 0.009259 0.011458
0 0.996296 0.343750 0.012963 0.013542
0 0.995370 0.343229 0.009259 0.014583
0 0.993519 0.664583 0.011111 0.017708
0 0.145370 0.702604 0.037037 0.021875
0 0.098148 0.544792 0.027778 0.012500
0 0.120370 0.666667 0.035185 0.020833
0 0.103704 0.445833 0.048148 0.025000
0 0.114815 0.687500 0.029630 0.017708
0 0.092593 0.574479 0.012963 0.017708
0 0.060185 0.428125 0.050000 0.028125
0 0.038889 0.444792 0.051852 0.025000
0 0.037963 0.513021 0.025926 0.014583
0 0.020370 0.678646 0.040741 0.023958
0 0.023148 0.414062 0.046296 0.029167
0 0.012963 0.479167 0.025926 0.019792
0 0.013889 0.515104 0.022222 0.014583
0 0.010185 0.143750 0.020370 0.014583
0 0.011111 0.708333 0.022222 0.020833
0 0.002778 0.600000 0.005556 0.019792
0 1.000926 0.648438 0.018519 0.015625
0 0.550000 0.300521 0.031481 0.017708
0 0.594444 0.296354 0.031481 0.019792
0 0.663889 0.697917 0.027778 0.016667
0 0.596296 0.281771 0.025926 0.014583
0 0.796296 0.382292 0.018519 0.010417
0 0.538889 0.559896 0.024074 0.012500
0 0.733333 0.479687 0.024074 0.013542
0 0.634259 0.501563 0.027778 0.015625
0 0.701852 0.297396 0.022222 0.013542
0 0.621296 0.566146 0.024074 0.014583
0 0.694444 0.289062 0.025926 0.015625
0 0.662963 0.497917 0.027778 0.016667
0 0.994444 0.523438 0.009259 0.010417
0 0.680556 0.472396 0.022222 0.012500
0 0.622222 0.566146 0.025926 0.014583
0 0.663889 0.498437 0.027778 0.016667
0 0.692593 0.268229 0.025926 0.014583
0 0.676852 0.486979 0.022222 0.013542
0 0.648148 0.296354 0.024074 0.014583
0 0.996296 0.673438 0.007407 0.018750
0 0.717593 0.486979 0.024074 0.014583
0 0.669444 0.301042 0.020370 0.013542
0 0.706481 0.476562 0.020370 0.012500
0 0.995370 0.567708 0.005556 0.013542
0 0.668519 0.311458 0.022222 0.012500
0 0.527778 0.537500 0.027778 0.016667
0 0.449074 0.699479 0.027778 0.017708
0 0.593519 0.340104 0.031481 0.016667
0 0.995370 0.311979 0.009259 0.009375
0 0.753704 0.296875 0.024074 0.014583
0 0.739815 0.173958 0.011111 0.007292
0 0.560185 0.566667 0.024074 0.013542
0 0.532407 0.296354 0.027778 0.019792
0 0.997222 0.636458 0.024074 0.018750
0 0.313889 0.471354 0.029630 0.015625
0 0.774074 0.296354 0.024074 0.015625
0 0.312963 0.495312 0.029630 0.016667
0 0.996296 0.455729 0.016667 0.011458
0 0.220370 0.683854 0.031481 0.015625
0 0.568519 0.297917 0.024074 0.017708
0 0.284259 0.582812 0.018519 0.009375
0 0.171296 0.720833 0.033333 0.020833
0 0.166667 0.277083 0.033333 0.017708
0 0.494444 0.332292 0.025926 0.015625
0 0.133333 0.712500 0.033333 0.016667
0 0.164815 0.626563 0.035185 0.017708
