0 1.008333 0.311979 0.038889 0.025000
0 0.494444 0.373437 0.025926 0.015625
0 0.495370 0.644271 0.029630 0.017708
0 0.995370 0.602083 0.009259 0.025000
0 0.909259 0.533333 0.040741 0.021875
0 0.815741 0.691146 0.046296 0.023958
0 0.993519 0.541146 0.011111 0.016667
0 0.993519 0.527604 0.012963 0.022917
0 0.987037 0.443229 0.022222 0.025000
0 0.944444 0.748958 0.033333 0.017708
0 0.993519 0.702083 0.009259 0.015625
0 0.983333 0.778125 0.027778 0.015625
0 0.994444 0.221875 0.009259 0.018750
0 0.995370 0.497396 0.007407 0.021875
0 0.990741 0.727604 0.016667 0.015625
0 0.890741 0.270313 0.029630 0.019792
0 0.500926 0.483854 0.024074 0.013542
0 0.997222 0.542188 0.024074 0.018750
0 0.779630 0.702083 0.038889 0.022917
0 0.880556 0.699479 0.029630 0.016667
0 0.882407 0.447917 0.038889 0.019792
0 0.556481 0.681250 0.027778 0.016667
0 0.735185 0.776563 0.029630 0.020833
0 0.992593 0.375521 0.012963 0.022917
0 0.994444 0.603646 0.007407 0.023958
0 0.993519 0.257812 0.011111 0.017708
0 0.900926 0.666146 0.035185 0.019792
0 0.986111 0.627083 0.027778 0.021875
0 1.004630 0.510938 0.088889 0.043750
0 0.876852 0.726562 0.031481 0.018750
0 0.992593 0.610938 0.012963 0.025000
0 0.994444 0.391667 0.011111 0.020833
0 0.996296 0.441146 0.005556 0.015625
0 0.983333 0.673958 0.033333 0.019792
0 0.905556 0.785937 0.031481 0.017708
0 0.992593 0.601042 0.012963 0.022917
0 0.992593 0.745313 0.012963 0.025000
0 0.996296 0.396354 0.003704 0.013542
0 0.977778 0.674479 0.035185 0.020833
0 0.891667 0.677083 0.033333 0.016667
0 1.010185 0.481771 0.042593 0.032292
0 0.585185 0.686979 0.027778 0.016667
0 0.994444 0.502083 0.011111 0.017708
0 0.956481 0.785417 0.018519 0.011458
0 0.995370 0.545312 0.009259 0.021875
0 0.603704 0.681250 0.022222 0.013542
0 1.000926 0.688021 0.035185 0.015625
0 0.867593 0.656771 0.022222 0.015625
0 0.991667 0.580208 0.012963 0.015625
0 0.995370 0.648958 0.031481 0.014583
0 0.473148 0.454688 0.029630 0.017708
0 0.989815 0.538542 0.016667 0.027083
0 0.580556 0.561979 0.024074 0.013542
0 0.012037 0.249479 0.024074 0.015625
0 0.010185 0.466146 0.020370 0.016667
0 0.037037 0.278125 0.025926 0.013542
0 0.668519 0.634375 0.031481 0.018750
0 0.044444 0.467187 0.025926 0.014583
0 0.059259 0.282292 0.024074 0.014583
0 0.055556 0.458333 0.024074 0.012500
0 0.072222 0.292187 0.024074 0.013542
0 0.753704 0.788021 0.035185 0.023958
0 0.077778 0.444792 0.024074 0.012500
0 0.094444 0.279167 0.025926 0.015625
0 0.560185 0.271354 0.027778 0.015625
0 0.103704 0.459375 0.029630 0.015625
0 0.129630 0.278646 0.025926 0.014583
0 0.304630 0.650521 0.029630 0.016667
0 0.132407 0.370833 0.033333 0.017708
0 0.192593 0.388021 0.018519 0.009375
0 0.137963 0.401562 0.025926 0.015625
0 0.572222 0.508854 0.024074 0.012500
0 0.151852 0.366146 0.024074 0.013542
0 0.340741 0.670312 0.035185 0.020833
0 0.862037 0.305729 0.022222 0.012500
0 0.334259 0.695312 0.031481 0.018750
0 0.999074 0.680208 0.012963 0.022917
0 0.394444 0.648438 0.022222 0.012500
0 0.392593 0.663542 0.035185 0.019792
0 1.007407 0.496875 0.029630 0.019792
0 0.978704 0.674479 0.037037 0.021875
0 0.370370 0.694792 0.027778 0.017708
0 0.391667 0.671875 0.024074 0.013542
0 0.880556 0.563021 0.018519 0.010417
0 1.007407 0.668750 0.029630 0.016667
0 0.644444 0.693750 0.025926 0.013542
0 0.475000 0.337500 0.031481 0.017708
0 0.540741 0.280729 0.027778 0.014583
0 0.749074 0.658333 0.042593 0.021875
0 0.991667 0.605208 0.014815 0.020833
0 0.475926 0.356771 0.029630 0.017708
0 0.989815 0.499479 0.020370 0.011458
0 0.780556 0.702604 0.037037 0.022917
