0 0.498148 0.475521 0.038889 0.022917
0 0.145370 0.302604 0.020370 0.010417
0 0.737037 0.314583 0.025926 0.016667
0 0.542593 0.660937 0.027778 0.015625
0 0.697222 0.555729 0.029630 0.016667
0 0.679630 0.577083 0.025926 0.016667
0 0.050000 0.471875 0.027778 0.014583
0 0.868519 0.382812 0.027778 0.013542
0 0.875926 0.564583 0.037037 0.019792
0 0.470370 0.691146 0.033333 0.019792
0 0.855556 0.547917 0.037037 0.019792
0 0.363889 0.694271 0.033333 0.015625
0 0.706481 0.576042 0.031481 0.017708
0 0.138889 0.709896 0.029630 0.016667
0 0.713889 0.600000 0.024074 0.014583
0 0.755556 0.311458 0.031481 0.018750
0 0.484259 0.800521 0.027778 0.015625
0 0.600926 0.575000 0.040741 0.022917
0 0.917593 0.568750 0.027778 0.016667
0 0.297222 0.391146 0.027778 0.013542
0 0.161111 0.704688 0.024074 0.013542
0 0.386111 0.705208 0.022222 0.010417
0 0.725000 0.729688 0.024074 0.015625
0 0.321296 0.675521 0.025926 0.016667
0 0.884259 0.598958 0.029630 0.016667
0 0.787963 0.664583 0.025926 0.014583
0 0.875926 0.586458 0.027778 0.015625
0 0.496296 0.242188 0.024074 0.012500
0 0.334259 0.391146 0.020370 0.008333
0 0.393519 0.564063 0.027778 0.015625
0 0.899074 0.602604 0.033333 0.018750
0 0.020370 0.370312 0.031481 0.016667
0 0.751852 0.525000 0.031481 0.018750
0 0.239815 0.725000 0.033333 0.023958
0 0.039815 0.385417 0.029630 0.016667
0 0.050926 0.667188 0.033333 0.019792
0 0.582407 0.603125 0.048148 0.027083
0 0.727778 0.303646 0.031481 0.015625
0 0.380556 0.545833 0.040741 0.022917
0 0.274074 0.711979 0.040741 0.025000
0 0.905556 0.556771 0.031481 0.018750
0 0.640741 0.513542 0.040741 0.026042
0 0.900000 0.409896 0.040741 0.020833
0 0.462037 0.764583 0.031481 0.016667
0 0.717593 0.746875 0.033333 0.020833
0 0.917593 0.413021 0.027778 0.019792
0 0.513889 0.792708 0.027778 0.017708
0 0.608333 0.247396 0.038889 0.022917
0 0.768519 0.570312 0.042593 0.025000
0 0.685185 0.750521 0.031481 0.019792
0 0.435185 0.281250 0.029630 0.018750
0 0.093519 0.500000 0.027778 0.014583
0 0.710185 0.313021 0.020370 0.012500
0 0.720370 0.544792 0.031481 0.017708
0 0.763889 0.303125 0.020370 0.014583
0 0.870370 0.461979 0.042593 0.023958
0 0.729630 0.281250 0.029630 0.015625
0 0.637037 0.752083 0.042593 0.020833
0 0.917593 0.589063 0.031481 0.018750
0 0.428704 0.804688 0.031481 0.018750
0 0.486111 0.695312 0.035185 0.019792
0 0.793519 0.531250 0.037037 0.020833
0 0.425000 0.407813 0.042593 0.021875
0 0.755556 0.717708 0.042593 0.023958
0 0.388889 0.743750 0.031481 0.018750
0 0.932407 0.540104 0.033333 0.018750
0 0.898148 0.602604 0.035185 0.019792
0 0.363889 0.682292 0.035185 0.019792
0 0.854630 0.604688 0.035185 0.018750
0 0.724074 0.294271 0.040741 0.025000
0 0.880556 0.370833 0.029630 0.016667
0 0.200926 0.306250 0.027778 0.015625
0 0.394444 0.383854 0.040741 0.022917
0 0.290741 0.812500 0.044444 0.025000
0 0.112037 0.705208 0.029630 0.015625
0 0.793519 0.516667 0.020370 0.010417
0 0.335185 0.458333 0.037037 0.020833
0 0.380556 0.716146 0.031481 0.018750
0 0.238889 0.723958 0.033333 0.022917
0 0.119444 0.284375 0.027778 0.016667
0 0.012963 0.348438 0.025926 0.017708
0 0.024074 0.283854 0.016667 0.017708
0 0.204630 0.680208 0.035185 0.019792
0 -0.075000 0.337500 0.000000 0.000000
