0 0.075926 0.254688 0.025926 0.015625
0 0.289815 0.683854 0.031481 0.016667
0 0.141667 0.690104 0.029630 0.018750
0 0.721296 0.273438 0.022222 0.014583
0 0.655556 0.520312 0.035185 0.017708
0 0.609259 0.280208 0.022222 0.013542
0 0.058333 0.471354 0.025926 0.014583
0 0.392593 0.252604 0.031481 0.018750
0 0.581481 0.721875 0.033333 0.018750
0 0.669444 0.542188 0.046296 0.025000
0 0.505556 0.213021 0.038889 0.022917
0 0.431481 0.761458 0.027778 0.017708
0 0.820370 0.383333 0.035185 0.019792
0 0.616667 0.718229 0.035185 0.020833
0 0.375926 0.733333 0.031481 0.016667
0 0.784259 0.378125 0.042593 0.022917
0 0.515741 0.482292 0.044444 0.025000
0 0.816667 0.529687 0.037037 0.018750
0 0.166667 0.676562 0.044444 0.023958
0 0.284259 0.515104 0.042593 0.022917
0 0.650926 0.269792 0.029630 0.019792
0 0.475926 0.573958 0.046296 0.027083
0 0.006481 0.634896 0.012963 0.016667
0 0.402778 0.445312 0.031481 0.018750
0 0.782407 0.537500 0.037037 0.020833
0 0.799074 0.351562 0.027778 0.013542
0 0.012037 0.444271 0.024074 0.012500
0 0.601852 0.551042 0.027778 0.017708
0 0.232407 0.428646 0.040741 0.021875
0 0.691667 0.487500 0.024074 0.013542
0 0.056481 0.670833 0.027778 0.015625
0 0.212037 0.775521 0.044444 0.025000
0 0.265741 0.352083 0.038889 0.021875
0 0.106481 0.284896 0.033333 0.017708
0 0.834259 0.339062 0.025926 0.014583
0 0.781481 0.579167 0.035185 0.019792
0 0.623148 0.260417 0.042593 0.026042
0 0.259259 0.650000 0.038889 0.018750
0 0.823148 0.577083 0.035185 0.018750
0 0.842593 0.513021 0.035185 0.020833
0 0.300926 0.710938 0.031481 0.017708
0 0.660185 0.690625 0.042593 0.025000
0 0.302778 0.376042 0.040741 0.021875
0 0.685185 0.502083 0.037037 0.021875
0 0.383333 0.664583 0.037037 0.021875
0 0.343519 0.770833 0.031481 0.017708
0 0.845370 0.563542 0.031481 0.018750
0 0.525926 0.721875 0.040741 0.020833
0 0.758333 0.431771 0.044444 0.023958
0 0.631481 0.246354 0.033333 0.017708
0 0.360185 0.659896 0.033333 0.019792
0 0.262037 0.660937 0.035185 0.013542
0 0.638889 0.551042 0.031481 0.017708
0 0.080556 0.675521 0.029630 0.015625
0 0.641667 0.575000 0.027778 0.016667
0 0.710185 0.280208 0.031481 0.017708
0 0.761111 0.520312 0.037037 0.020833
0 0.403704 0.768750 0.031481 0.016667
0 0.485185 0.544792 0.040741 0.021875
0 0.844444 0.542708 0.031481 0.017708
0 0.222222 0.361979 0.025926 0.012500
0 0.102778 0.645312 0.038889 0.018750
0 0.658333 0.703646 0.029630 0.014583
0 0.218519 0.641146 0.029630 0.016667
0 0.814815 0.572917 0.027778 0.016667
0 0.706481 0.636458 0.024074 0.014583
0 0.801852 0.560937 0.029630 0.016667
0 0.453704 0.212500 0.024074 0.013542
0 0.250000 0.363542 0.024074 0.010417
0 0.311111 0.542188 0.020370 0.013542
0 0.081481 0.265625 0.027778 0.014583
0 0.697222 0.286458 0.022222 0.015625
0 0.430556 0.630208 0.033333 0.017708
0 0.630556 0.529167 0.031481 0.019792
