0 0.012963 0.518750 0.018519 0.012500
0 0.074074 0.685417 0.040741 0.023958
0 0.062037 0.715625 0.037037 0.021875
0 0.064815 0.521354 0.025926 0.014583
0 0.043519 0.487500 0.035185 0.018750
0 0.041667 0.607812 0.031481 0.017708
0 0.402778 0.366667 0.035185 0.021875
0 0.031481 0.150521 0.027778 0.015625
0 0.031481 0.708333 0.037037 0.019792
0 0.078704 0.422396 0.051852 0.028125
0 0.012963 0.444792 0.025926 0.018750
0 0.207407 0.269792 0.029630 0.017708
0 0.210185 0.228125 0.031481 0.016667
0 0.036111 0.317188 0.027778 0.015625
0 0.060185 0.316667 0.031481 0.015625
0 0.041667 0.704167 0.029630 0.015625
0 0.050926 0.154688 0.024074 0.015625
0 0.042593 0.522917 0.024074 0.013542
0 0.571296 0.298958 0.025926 0.016667
0 0.095370 0.451562 0.051852 0.026042
0 0.118519 0.435417 0.051852 0.029167
0 0.138889 0.581771 0.012963 0.017708
0 0.180556 0.692708 0.031481 0.017708
0 0.160185 0.452604 0.048148 0.025000
0 0.181481 0.671875 0.035185 0.021875
0 0.147222 0.551562 0.027778 0.012500
0 0.206481 0.707292 0.037037 0.021875
0 0.223148 0.631250 0.033333 0.016667
0 0.187963 0.718229 0.027778 0.016667
0 0.553704 0.335938 0.025926 0.015625
0 0.201852 0.284896 0.029630 0.016667
0 0.216667 0.727604 0.033333 0.019792
0 0.344444 0.586458 0.018519 0.010417
0 0.606481 0.302083 0.024074 0.016667
0 0.275000 0.687500 0.029630 0.014583
0 0.983333 0.453646 0.014815 0.011458
0 0.359259 0.499479 0.029630 0.017708
0 0.795370 0.297917 0.024074 0.014583
0 0.360185 0.476042 0.031481 0.016667
0 0.997222 0.630208 0.024074 0.017708
0 0.735185 0.475521 0.022222 0.013542
0 0.685185 0.314063 0.022222 0.012500
0 0.769444 0.464583 0.022222 0.011458
0 0.775000 0.300000 0.024074 0.013542
0 0.889815 0.477083 0.027778 0.015625
0 0.821296 0.297396 0.024074 0.014583
0 0.989815 0.668750 0.020370 0.025000
0 0.954630 0.386458 0.033333 0.018750
0 0.997222 0.502083 0.003704 0.017708
0 0.991667 0.662500 0.014815 0.016667
0 0.997222 0.670312 0.003704 0.015625
0 0.995370 0.728125 0.005556 0.016667
0 0.993519 0.654167 0.009259 0.016667
0 0.994444 0.340625 0.007407 0.014583
0 0.994444 0.649479 0.007407 0.011458
0 1.006481 0.413021 0.016667 0.022917
0 0.995370 0.381771 0.005556 0.012500
0 0.994444 0.666146 0.007407 0.013542
0 0.996296 0.453125 0.007407 0.020833
0 0.993519 0.690625 0.012963 0.015625
0 0.997222 0.476042 0.003704 0.009375
0 0.589815 0.567187 0.024074 0.014583
0 0.755556 0.177604 0.011111 0.008333
0 0.774074 0.298438 0.024074 0.015625
0 0.672222 0.340625 0.037037 0.020833
0 0.493519 0.699479 0.025926 0.012500
0 0.584259 0.538542 0.025926 0.015625
0 1.000926 0.641667 0.016667 0.015625
0 0.588889 0.303646 0.031481 0.015625
0 0.632407 0.300000 0.031481 0.019792
0 0.721296 0.695833 0.025926 0.016667
0 0.632407 0.285417 0.024074 0.013542
0 0.827778 0.381771 0.016667 0.010417
0 0.574074 0.562500 0.018519 0.009375
0 0.762037 0.480208 0.024074 0.014583
0 0.666667 0.501563 0.031481 0.015625
0 0.718519 0.299479 0.022222 0.014583
0 0.659259 0.566146 0.025926 0.014583
0 0.713889 0.292187 0.022222 0.013542
0 0.699074 0.498437 0.027778 0.015625
0 0.994444 0.522917 0.009259 0.011458
0 0.711111 0.472396 0.022222 0.011458
0 0.657407 0.566667 0.025926 0.013542
0 0.698148 0.497917 0.027778 0.016667
0 0.715741 0.271354 0.024074 0.014583
0 0.707407 0.486979 0.020370 0.013542
0 0.664815 0.300000 0.024074 0.012500
0 0.996296 0.669792 0.007407 0.019792
0 0.747222 0.487500 0.024074 0.014583
0 0.686111 0.304167 0.020370 0.013542
