0 0.040741 0.590104 0.022222 0.009375
0 0.555556 0.480729 0.022222 0.013542
0 0.377778 0.557813 0.025926 0.015625
0 0.612037 0.383333 0.022222 0.013542
0 0.374074 0.284896 0.027778 0.016667
0 0.434259 0.696875 0.029630 0.017708
0 0.368519 0.299479 0.033333 0.019792
0 0.327778 0.305208 0.031481 0.018750
0 1.001852 0.685937 0.018519 0.016667
0 0.996296 0.558333 0.007407 0.012500
0 0.299074 0.541146 0.027778 0.016667
0 0.267593 0.702083 0.029630 0.014583
0 0.290741 0.342187 0.033333 0.018750
0 0.991667 0.318750 0.012963 0.012500
0 0.564815 0.297917 0.022222 0.014583
0 0.539815 0.176042 0.011111 0.008333
0 0.397222 0.567187 0.025926 0.015625
0 0.312037 0.300000 0.024074 0.017708
0 0.983333 0.628646 0.031481 0.018750
0 0.104630 0.478646 0.033333 0.014583
0 0.580556 0.296354 0.022222 0.014583
0 0.096296 0.501042 0.033333 0.017708
0 0.975926 0.445833 0.027778 0.012500
0 0.028704 0.692708 0.038889 0.021875
0 0.349074 0.302083 0.025926 0.017708
0 0.497222 0.486979 0.024074 0.014583
0 0.997222 0.463021 0.003704 0.013542
0 0.992593 0.707812 0.014815 0.019792
0 0.991667 0.578125 0.014815 0.029167
0 0.999074 0.435937 0.000000 0.000000
0 0.993519 0.764062 0.012963 0.015625
0 0.994444 0.715625 0.009259 0.014583
0 0.996296 0.720313 0.005556 0.014583
0 0.996296 0.496875 0.007407 0.020833
0 0.993519 0.578125 0.011111 0.027083
0 0.993519 0.678125 0.012963 0.016667
0 0.994444 0.395833 0.007407 0.014583
0 0.940741 0.372396 0.009259 0.013542
0 0.993519 0.671875 0.011111 0.015625
0 0.993519 0.326562 0.012963 0.013542
0 0.994444 0.351562 0.009259 0.015625
0 0.991667 0.708333 0.014815 0.020833
0 0.995370 0.736458 0.005556 0.017708
0 0.980556 0.653646 0.022222 0.012500
0 0.996296 0.519271 0.020370 0.011458
0 0.992593 0.708333 0.014815 0.019792
0 0.985185 0.680208 0.016667 0.016667
0 0.997222 0.505208 0.003704 0.017708
0 0.654630 0.414062 0.020370 0.010417
0 0.708333 0.385417 0.031481 0.018750
0 0.949074 0.661979 0.033333 0.019792
0 0.609259 0.295833 0.024074 0.015625
0 0.654630 0.476042 0.025926 0.014583
0 0.997222 0.269271 0.005556 0.015625
0 0.564815 0.297917 0.022222 0.014583
0 0.561111 0.463542 0.022222 0.012500
0 0.493519 0.312500 0.022222 0.012500
0 0.533333 0.475521 0.025926 0.011458
0 0.490741 0.302083 0.020370 0.013542
0 0.537037 0.486458 0.024074 0.014583
0 0.996296 0.692708 0.005556 0.018750
0 0.469444 0.298438 0.025926 0.014583
0 0.497222 0.269792 0.024074 0.015625
0 0.482407 0.494271 0.018519 0.012500
0 0.470370 0.497396 0.025926 0.015625
0 0.436111 0.566667 0.025926 0.014583
0 0.495370 0.471875 0.022222 0.012500
0 0.994444 0.529167 0.009259 0.010417
0 0.471296 0.497917 0.025926 0.015625
0 0.995370 0.738542 0.007407 0.022917
0 0.514815 0.290104 0.022222 0.014583
0 0.435185 0.566146 0.024074 0.014583
0 0.523148 0.298438 0.022222 0.013542
0 0.996296 0.443750 0.005556 0.016667
0 0.450926 0.502604 0.024074 0.013542
