0 0.991667 0.548438 0.016667 0.031250
0 0.840741 0.474479 0.027778 0.017708
0 0.423148 0.310937 0.022222 0.012500
0 0.995370 0.704167 0.007407 0.013542
0 1.003704 0.466667 0.020370 0.014583
0 0.992593 0.626563 0.012963 0.022917
0 0.993519 0.786458 0.012963 0.019792
0 0.994444 0.627083 0.009259 0.020833
0 0.994444 0.639583 0.007407 0.014583
0 1.000926 0.702604 0.011111 0.016667
0 0.388889 0.496875 0.024074 0.014583
0 0.994444 0.554688 0.011111 0.023958
0 0.911111 0.666146 0.031481 0.016667
0 0.871296 0.688021 0.033333 0.017708
0 0.996296 0.571875 0.022222 0.011458
0 0.991667 0.678646 0.016667 0.030208
0 0.786111 0.721354 0.031481 0.018750
0 0.996296 0.322917 0.020370 0.010417
0 0.819444 0.695833 0.035185 0.019792
0 0.528704 0.391667 0.014815 0.009375
0 0.914815 0.526042 0.024074 0.013542
0 0.488889 0.430208 0.011111 0.006250
0 0.502778 0.415104 0.020370 0.012500
0 0.521296 0.398958 0.029630 0.017708
0 0.743519 0.673438 0.033333 0.020833
0 0.462963 0.308333 0.024074 0.015625
0 0.480556 0.488021 0.025926 0.015625
0 0.925000 0.286458 0.025926 0.016667
0 0.431481 0.308854 0.024074 0.013542
0 0.415741 0.473958 0.024074 0.012500
0 0.993519 0.770312 0.012963 0.030208
0 0.374074 0.324479 0.020370 0.013542
0 0.391667 0.486458 0.025926 0.012500
0 0.367593 0.314063 0.022222 0.013542
0 0.996296 0.669792 0.005556 0.017708
0 0.347222 0.309896 0.024074 0.015625
0 0.350000 0.496354 0.025926 0.014583
0 0.349074 0.283333 0.024074 0.015625
0 0.319444 0.505208 0.020370 0.013542
0 0.306481 0.509896 0.027778 0.017708
0 0.992593 0.681250 0.011111 0.015625
0 0.275000 0.575521 0.031481 0.015625
0 0.343519 0.481771 0.020370 0.012500
0 0.930556 0.529687 0.022222 0.010417
0 0.307407 0.508333 0.029630 0.016667
0 0.995370 0.547917 0.025926 0.012500
0 0.995370 0.673438 0.007407 0.022917
0 0.129630 0.706771 0.024074 0.012500
0 0.936111 0.316146 0.031481 0.017708
0 0.994444 0.622917 0.009259 0.017708
0 0.995370 0.336979 0.009259 0.021875
0 0.992593 0.779167 0.012963 0.016667
0 0.984259 0.702083 0.029630 0.016667
0 0.994444 0.535417 0.009259 0.023958
0 0.991667 0.704688 0.016667 0.021875
0 0.989815 0.732292 0.016667 0.023958
0 0.861111 0.502083 0.025926 0.014583
0 0.992593 0.272917 0.011111 0.016667
0 0.989815 0.242188 0.018519 0.010417
0 0.991667 0.760417 0.014815 0.008333
0 0.990741 0.769271 0.016667 0.017708
0 0.990741 0.768750 0.018519 0.028125
0 0.883333 0.390104 0.029630 0.015625
0 0.994444 0.719792 0.011111 0.020833
0 0.859259 0.373958 0.029630 0.015625
0 0.989815 0.685417 0.018519 0.023958
0 0.892593 0.296354 0.029630 0.015625
0 0.864815 0.354167 0.029630 0.016667
0 0.992593 0.719792 0.014815 0.018750
0 0.821296 0.720833 0.029630 0.018750
0 0.996296 0.742188 0.016667 0.026042
0 0.387963 0.302604 0.025926 0.015625
0 0.275000 0.575521 0.031481 0.014583
0 0.400926 0.310417 0.022222 0.012500
0 0.996296 0.407292 0.003704 0.014583
0 0.278704 0.567187 0.024074 0.010417
0 0.289815 0.511458 0.022222 0.013542
0 0.427778 0.489063 0.020370 0.011458
0 0.219444 0.564063 0.020370 0.012500
0 0.475926 0.394271 0.024074 0.012500
0 0.184259 0.300000 0.033333 0.017708
0 0.210185 0.706250 0.029630 0.017708
0 0.171296 0.314583 0.040741 0.020833
0 0.137963 0.319271 0.031481 0.017708
0 0.840741 0.696875 0.025926 0.016667
0 0.946296 0.538542 0.020370 0.012500
0 0.113889 0.550000 0.031481 0.017708
0 0.064815 0.352604 0.033333 0.017708
