0 0.337037 0.430208 0.048148 0.029167
0 0.123148 0.542708 0.027778 0.017708
0 0.512037 0.491667 0.020370 0.013542
0 0.446296 0.293750 0.033333 0.018750
0 0.155556 0.255729 0.033333 0.020833
0 0.185185 0.273958 0.029630 0.017708
0 0.262037 0.328125 0.027778 0.015625
0 0.237963 0.329167 0.027778 0.017708
0 0.290741 0.692708 0.035185 0.021875
0 0.621296 0.377083 0.035185 0.016667
0 0.433333 0.242708 0.031481 0.016667
0 0.424074 0.284375 0.029630 0.015625
0 0.257407 0.614062 0.031481 0.018750
0 0.248148 0.452083 0.027778 0.016667
0 0.202778 0.521875 0.014815 0.009375
0 0.236111 0.715104 0.029630 0.019792
0 0.297222 0.163542 0.025926 0.014583
0 0.278704 0.722396 0.033333 0.020833
0 0.298148 0.163542 0.024074 0.014583
0 0.216667 0.530729 0.024074 0.013542
0 0.237037 0.494792 0.029630 0.016667
0 0.053704 0.423438 0.037037 0.019792
0 0.066667 0.548438 0.027778 0.014583
0 0.088889 0.545312 0.033333 0.017708
0 0.436111 0.525521 0.018519 0.010417
0 0.200000 0.225000 0.035185 0.020833
0 0.950000 0.439583 0.022222 0.013542
0 0.304630 0.151562 0.024074 0.014583
0 0.220370 0.438021 0.033333 0.020833
0 0.223148 0.453125 0.035185 0.018750
0 0.187037 0.542708 0.033333 0.017708
0 0.261111 0.710417 0.029630 0.017708
0 0.237963 0.529167 0.024074 0.015625
0 0.349074 0.458333 0.048148 0.027083
0 0.375926 0.442708 0.044444 0.028125
0 0.343519 0.592708 0.014815 0.019792
0 0.412963 0.701562 0.033333 0.018750
0 0.412037 0.461458 0.044444 0.026042
0 0.412963 0.680208 0.033333 0.020833
0 0.358333 0.560937 0.031481 0.013542
0 0.433333 0.717187 0.033333 0.022917
0 0.450926 0.640625 0.029630 0.015625
0 0.386111 0.728646 0.027778 0.016667
0 0.833333 0.347917 0.025926 0.015625
0 0.416667 0.296354 0.027778 0.013542
0 0.402778 0.737500 0.035185 0.020833
0 0.583333 0.598437 0.018519 0.010417
0 0.842593 0.317188 0.022222 0.014583
0 0.073148 0.456771 0.025926 0.011458
0 0.310185 0.168229 0.020370 0.013542
0 0.863889 0.519271 0.025926 0.013542
0 0.498148 0.698958 0.024074 0.012500
0 0.575000 0.511458 0.029630 0.017708
0 0.988889 0.316667 0.020370 0.015625
0 0.568519 0.489063 0.025926 0.017708
0 0.829630 0.314063 0.038889 0.025000
0 0.786111 0.583333 0.020370 0.013542
0 0.951852 0.198958 0.012963 0.008333
0 0.965741 0.318229 0.024074 0.013542
0 0.732407 0.716667 0.018519 0.010417
0 0.836111 0.317708 0.029630 0.012500
0 0.858333 0.314583 0.031481 0.015625
0 0.956481 0.715625 0.031481 0.014583
0 0.858333 0.302083 0.024074 0.012500
0 0.992593 0.394271 0.014815 0.009375
0 0.784259 0.578125 0.014815 0.007292
0 0.850926 0.519792 0.024074 0.013542
0 0.900000 0.318750 0.024074 0.014583
0 0.850000 0.585417 0.025926 0.014583
0 0.891667 0.310937 0.024074 0.012500
0 0.897222 0.516667 0.029630 0.015625
0 0.902778 0.490104 0.016667 0.009375
0 0.850000 0.584896 0.024074 0.013542
0 0.896296 0.516146 0.027778 0.015625
0 0.912037 0.290625 0.025926 0.014583
0 0.900926 0.506250 0.018519 0.012500
0 0.859259 0.314583 0.033333 0.015625
0 0.996296 0.659896 0.007407 0.019792
0 0.934259 0.506250 0.025926 0.014583
0 0.870370 0.321875 0.022222 0.012500
0 0.923148 0.493750 0.024074 0.014583
0 0.865741 0.330729 0.022222 0.013542
0 0.960185 0.483333 0.018519 0.009375
0 0.966667 0.318229 0.024074 0.014583
0 0.995370 0.469792 0.005556 0.013542
0 0.993519 0.315104 0.009259 0.017708
0 0.996296 0.404167 0.007407 0.017708
0 0.153704 0.255729 0.033333 0.021875
0 0.153704 0.542188 0.037037 0.019792
0 0.943519 0.727083 0.027778 0.013542
