0 0.993519 0.533333 0.012963 0.022917
0 0.888889 0.291146 0.024074 0.012500
0 0.435185 0.710938 0.031481 0.018750
0 0.992593 0.683333 0.014815 0.027083
0 0.664815 0.570833 0.025926 0.013542
0 0.502778 0.661979 0.020370 0.011458
0 0.500000 0.677083 0.035185 0.018750
0 0.997222 0.665625 0.014815 0.023958
0 0.471296 0.709375 0.027778 0.017708
0 0.497222 0.685937 0.022222 0.012500
0 1.004630 0.565104 0.016667 0.009375
0 1.023148 0.644792 0.072222 0.040625
0 0.737963 0.702604 0.027778 0.014583
0 0.547222 0.345313 0.031481 0.017708
0 0.600926 0.288542 0.025926 0.015625
0 0.877778 0.665625 0.046296 0.022917
0 0.549074 0.366146 0.031481 0.017708
0 0.911111 0.708333 0.042593 0.023958
0 0.567593 0.381250 0.027778 0.015625
0 0.586111 0.655729 0.029630 0.017708
0 0.994444 0.621354 0.009259 0.025000
0 0.992593 0.532813 0.012963 0.020833
0 0.950000 0.697396 0.055556 0.023958
0 0.988889 0.754687 0.018519 0.019792
0 0.994444 0.679167 0.007407 0.013542
0 0.994444 0.767188 0.014815 0.008333
0 0.994444 0.228646 0.009259 0.018750
0 0.995370 0.497917 0.007407 0.021875
0 0.991667 0.738021 0.016667 0.014583
0 0.917593 0.273958 0.033333 0.018750
0 0.568519 0.493229 0.024074 0.013542
0 0.997222 0.529167 0.024074 0.017708
0 0.912037 0.708854 0.040741 0.023958
0 0.997222 0.704688 0.012963 0.016667
0 0.987963 0.447917 0.024074 0.021875
0 0.652778 0.691667 0.027778 0.017708
0 0.848148 0.785417 0.031481 0.018750
0 0.994444 0.379167 0.009259 0.022917
0 0.994444 0.260937 0.009259 0.015625
0 0.995370 0.666146 0.011111 0.020833
0 1.012037 0.511979 0.101852 0.050000
0 0.990741 0.730208 0.018519 0.019792
0 0.993519 0.546875 0.012963 0.023958
0 0.992593 0.416667 0.011111 0.022917
0 0.995370 0.659375 0.009259 0.019792
0 0.993519 0.785937 0.011111 0.016667
0 0.993519 0.750000 0.012963 0.025000
0 0.992593 0.679167 0.014815 0.022917
0 1.003704 0.666146 0.005556 0.010417
0 0.683333 0.696875 0.031481 0.017708
0 0.996296 0.790104 0.029630 0.017708
0 0.993519 0.541667 0.011111 0.022917
0 0.997222 0.680208 0.033333 0.014583
0 1.000926 0.660417 0.022222 0.015625
0 0.995370 0.656771 0.031481 0.014583
0 0.542593 0.465104 0.027778 0.015625
0 0.990741 0.523438 0.016667 0.027083
0 0.211111 0.379688 0.020370 0.011458
0 0.447222 0.684375 0.035185 0.020833
0 0.654630 0.520312 0.022222 0.011458
0 0.050926 0.471354 0.022222 0.012500
0 0.002778 0.566667 0.005556 0.013542
0 0.875926 0.693750 0.027778 0.015625
0 0.014815 0.501563 0.024074 0.013542
0 0.030556 0.493750 0.025926 0.014583
0 0.054630 0.267188 0.027778 0.014583
0 0.062037 0.485417 0.025926 0.015625
0 0.074074 0.294792 0.025926 0.015625
0 0.769444 0.642188 0.038889 0.019792
0 0.101852 0.485938 0.027778 0.014583
0 0.097222 0.298958 0.024074 0.014583
0 0.114815 0.476562 0.027778 0.012500
0 0.107407 0.309896 0.024074 0.014583
0 0.874074 0.796875 0.040741 0.026042
0 0.139815 0.464062 0.024074 0.010417
0 0.139815 0.295312 0.031481 0.014583
0 0.624074 0.279167 0.025926 0.014583
0 0.170370 0.476042 0.035185 0.015625
0 0.176852 0.294271 0.025926 0.014583
0 0.400000 0.664583 0.029630 0.017708
0 0.200000 0.386458 0.031481 0.019792
0 0.237037 0.404687 0.020370 0.010417
0 0.187037 0.418229 0.022222 0.012500
0 0.637963 0.517188 0.024074 0.013542
