0 0.091667 0.269792 0.024074 0.012500
0 0.702778 0.290104 0.024074 0.016667
0 0.458333 0.630208 0.029630 0.016667
0 0.645370 0.528125 0.029630 0.017708
0 0.619444 0.550521 0.027778 0.017708
0 0.023148 0.447396 0.024074 0.014583
0 0.799074 0.535937 0.037037 0.020833
0 0.810185 0.352604 0.027778 0.013542
0 0.324074 0.542188 0.020370 0.011458
0 0.425926 0.447396 0.033333 0.020833
0 0.262037 0.365625 0.024074 0.009375
0 0.009259 0.361979 0.018519 0.015625
0 0.017593 0.636458 0.031481 0.017708
0 0.501852 0.573438 0.048148 0.027083
0 0.661111 0.272917 0.029630 0.018750
0 0.308333 0.516667 0.040741 0.021875
0 0.199074 0.677083 0.042593 0.025000
0 0.833333 0.527604 0.033333 0.018750
0 0.543519 0.483333 0.040741 0.025000
0 0.804630 0.379688 0.040741 0.022917
0 0.400000 0.731771 0.029630 0.016667
0 0.638889 0.715104 0.035185 0.020833
0 0.831481 0.383333 0.031481 0.019792
0 0.454630 0.759375 0.025926 0.016667
0 0.525000 0.217708 0.038889 0.023958
0 0.689815 0.541146 0.042593 0.023958
0 0.606481 0.719271 0.033333 0.019792
0 0.401852 0.255729 0.029630 0.019792
0 0.068519 0.474479 0.025926 0.013542
0 0.627778 0.282813 0.022222 0.012500
0 0.667593 0.517708 0.037037 0.018750
0 0.725926 0.276042 0.020370 0.015625
0 0.084259 0.257812 0.027778 0.013542
0 0.167593 0.689583 0.037037 0.018750
0 0.314815 0.683333 0.029630 0.016667
0 0.258333 0.431250 0.038889 0.020833
0 0.709259 0.486979 0.022222 0.011458
0 0.075926 0.673438 0.025926 0.014583
0 0.236111 0.775000 0.042593 0.025000
0 0.297222 0.356250 0.040741 0.022917
0 0.119444 0.288542 0.033333 0.017708
0 0.835185 0.340104 0.024074 0.015625
0 0.794444 0.576562 0.035185 0.018750
0 0.641667 0.264062 0.038889 0.026042
0 0.287963 0.650521 0.038889 0.018750
0 0.836111 0.574479 0.035185 0.018750
0 0.857407 0.511458 0.033333 0.019792
0 0.325926 0.710417 0.031481 0.018750
0 0.682407 0.686979 0.044444 0.023958
0 0.331481 0.379167 0.042593 0.020833
0 0.708333 0.501563 0.037037 0.020833
0 0.411111 0.663021 0.033333 0.019792
0 0.368519 0.769792 0.031481 0.018750
0 0.858333 0.560937 0.031481 0.017708
0 0.552778 0.718750 0.040741 0.019792
0 0.779630 0.431771 0.042593 0.023958
0 0.648148 0.251042 0.033333 0.018750
0 0.389815 0.659375 0.033333 0.019792
0 0.289815 0.660937 0.035185 0.013542
0 0.652778 0.549479 0.029630 0.017708
0 0.100926 0.677083 0.031481 0.016667
0 0.657407 0.572917 0.027778 0.015625
0 0.716667 0.283333 0.029630 0.017708
0 0.778704 0.519271 0.037037 0.020833
0 0.426852 0.765625 0.029630 0.015625
0 0.512037 0.544792 0.038889 0.021875
0 0.857407 0.540104 0.031481 0.017708
0 0.237963 0.364063 0.025926 0.012500
0 0.132407 0.645833 0.035185 0.017708
0 0.322222 0.671875 0.029630 0.014583
0 0.674074 0.700521 0.029630 0.013542
0 0.246296 0.641667 0.029630 0.016667
0 0.826852 0.569792 0.027778 0.017708
0 0.718519 0.634375 0.024074 0.013542
0 0.815741 0.558333 0.027778 0.015625
0 0.462963 0.215104 0.024074 0.013542
0 0.164815 0.687500 0.031481 0.022917
0 0.670370 0.495312 0.033333 0.016667
