0 0.427778 0.671354 0.038889 0.020833
0 0.704630 0.498958 0.044444 0.023958
0 0.962037 0.390625 0.040741 0.022917
0 0.523148 0.751042 0.029630 0.017708
0 0.782407 0.730729 0.035185 0.020833
0 0.983333 0.394271 0.029630 0.019792
0 0.576852 0.778125 0.025926 0.015625
0 0.657407 0.229687 0.040741 0.023958
0 0.829630 0.554167 0.044444 0.025000
0 0.749074 0.735417 0.035185 0.019792
0 0.467593 0.266667 0.029630 0.018750
0 0.134259 0.491667 0.025926 0.013542
0 0.771296 0.529167 0.029630 0.018750
0 0.803704 0.284896 0.020370 0.014583
0 0.168519 0.275000 0.027778 0.016667
0 0.305556 0.714583 0.033333 0.022917
0 0.441667 0.704167 0.031481 0.016667
0 0.387963 0.447917 0.037037 0.020833
0 0.852778 0.500000 0.020370 0.010417
0 0.167593 0.695833 0.027778 0.015625
0 0.352778 0.800000 0.044444 0.023958
0 0.451852 0.372396 0.042593 0.025000
0 0.236111 0.296354 0.027778 0.014583
0 0.928704 0.352083 0.029630 0.017708
0 0.910185 0.587500 0.035185 0.019792
0 0.774074 0.276042 0.040741 0.027083
0 0.954630 0.584896 0.035185 0.019792
0 0.987037 0.521354 0.024074 0.019792
0 0.450000 0.731250 0.033333 0.018750
0 0.819444 0.702083 0.042593 0.025000
0 0.483333 0.395833 0.040741 0.022917
0 0.855556 0.514583 0.037037 0.021875
0 0.550000 0.682813 0.033333 0.020833
0 0.491667 0.790625 0.031481 0.018750
0 0.975000 0.571354 0.031481 0.018750
0 0.702778 0.737500 0.042593 0.021875
0 0.932407 0.443750 0.046296 0.023958
0 0.780556 0.263021 0.029630 0.016667
0 0.532407 0.677083 0.040741 0.019792
0 0.426852 0.682292 0.035185 0.014583
0 0.758333 0.561458 0.027778 0.018750
0 0.195370 0.700521 0.029630 0.016667
0 0.772222 0.584375 0.024074 0.015625
0 0.795370 0.292708 0.031481 0.017708
0 0.916667 0.530729 0.038889 0.020833
0 0.546296 0.785937 0.027778 0.015625
0 0.665741 0.560937 0.040741 0.022917
0 0.214815 0.695833 0.022222 0.012500
0 0.785185 0.713542 0.025926 0.014583
0 0.386111 0.664583 0.027778 0.016667
0 0.941667 0.580729 0.031481 0.018750
0 0.850926 0.648958 0.025926 0.014583
0 0.924074 0.568229 0.029630 0.017708
0 0.437963 0.552604 0.027778 0.015625
0 0.550926 0.462500 0.038889 0.022917
0 0.164815 0.302604 0.020370 0.010417
0 0.775000 0.296354 0.025926 0.016667
0 0.605556 0.647917 0.031481 0.018750
0 0.748148 0.540104 0.029630 0.016667
0 0.737963 0.563021 0.027778 0.016667
0 0.090741 0.465104 0.025926 0.014583
0 0.917593 0.371875 0.027778 0.013542
0 0.936111 0.547396 0.037037 0.020833
0 0.057407 0.362500 0.031481 0.014583
0 0.812037 0.509375 0.037037 0.020833
0 0.305556 0.714583 0.037037 0.025000
0 0.078704 0.378125 0.031481 0.015625
0 0.105556 0.659375 0.031481 0.018750
0 0.642593 0.589583 0.048148 0.027083
0 0.777778 0.284896 0.031481 0.015625
0 0.436111 0.534375 0.038889 0.022917
0 0.340741 0.701042 0.042593 0.026042
0 0.965741 0.539062 0.033333 0.018750
0 0.047222 0.341146 0.037037 0.017708
0 0.274074 0.704167 0.029630 0.015625
0 0.618519 0.673958 0.031481 0.019792
0 0.956481 0.585417 0.031481 0.019792
0 -0.075926 0.337500 0.000000 0.000000
0 0.060185 0.269271 0.016667 0.018750
0 0.270370 0.670312 0.035185 0.018750
