0 0.233333 0.683333 0.027778 0.015625
0 0.997222 0.477604 0.003704 0.009375
0 0.993519 0.695833 0.012963 0.015625
0 0.996296 0.455208 0.007407 0.020833
0 0.994444 0.669792 0.007407 0.014583
0 0.995370 0.384375 0.005556 0.012500
0 1.004630 0.396875 0.012963 0.018750
0 0.995370 0.653125 0.009259 0.011458
0 0.993519 0.344792 0.012963 0.013542
0 0.995370 0.341146 0.009259 0.014583
0 0.993519 0.661979 0.011111 0.017708
0 0.995370 0.731250 0.005556 0.016667
0 0.989815 0.664062 0.018519 0.011458
0 0.997222 0.680729 0.003704 0.015625
0 0.990741 0.664583 0.014815 0.016667
0 0.997222 0.503125 0.003704 0.017708
0 0.937037 0.385937 0.033333 0.018750
0 0.989815 0.669792 0.020370 0.023958
0 0.812037 0.294792 0.024074 0.015625
0 0.869444 0.477083 0.027778 0.015625
0 0.996296 0.267188 0.003704 0.016667
0 0.765741 0.296354 0.024074 0.014583
0 0.753704 0.463542 0.022222 0.011458
0 0.678704 0.310417 0.024074 0.012500
0 0.717593 0.475521 0.022222 0.013542
0 0.678704 0.299479 0.020370 0.012500
0 0.728704 0.485938 0.024074 0.014583
0 0.996296 0.674479 0.007407 0.018750
0 0.658333 0.294792 0.024074 0.014583
0 0.688889 0.485417 0.020370 0.012500
0 0.704630 0.266667 0.024074 0.014583
0 0.676852 0.496875 0.027778 0.016667
0 0.634259 0.565104 0.024074 0.014583
0 0.691667 0.471354 0.020370 0.012500
0 0.994444 0.524479 0.009259 0.010417
0 0.675926 0.496354 0.027778 0.016667
0 0.704630 0.286979 0.025926 0.014583
0 0.633333 0.564063 0.024074 0.013542
0 0.712037 0.295833 0.022222 0.013542
0 0.645370 0.500521 0.027778 0.014583
0 0.745370 0.478646 0.024074 0.013542
0 0.550000 0.558854 0.022222 0.011458
0 0.809259 0.380729 0.018519 0.010417
0 0.610185 0.280729 0.024074 0.014583
0 0.680556 0.695833 0.025926 0.017708
0 0.608333 0.295312 0.031481 0.019792
0 0.563889 0.300000 0.029630 0.017708
0 1.000926 0.644792 0.016667 0.015625
0 0.995370 0.567187 0.007407 0.013542
0 0.542593 0.535417 0.025926 0.016667
0 0.462963 0.697396 0.024074 0.015625
0 0.616667 0.339062 0.033333 0.017708
0 0.997222 0.310417 0.009259 0.009375
0 0.764815 0.295312 0.024074 0.015625
0 0.750000 0.172396 0.011111 0.007292
0 0.570370 0.565625 0.024074 0.013542
0 0.546296 0.295312 0.027778 0.017708
0 0.997222 0.633854 0.024074 0.018750
0 0.328704 0.470313 0.031481 0.015625
0 0.785185 0.294271 0.024074 0.014583
0 0.327778 0.494271 0.029630 0.016667
0 0.999074 0.454167 0.016667 0.011458
0 0.583333 0.296875 0.022222 0.016667
0 0.301852 0.581771 0.020370 0.010417
0 0.185185 0.719271 0.035185 0.019792
0 0.180556 0.277083 0.029630 0.017708
0 0.512963 0.331250 0.024074 0.015625
0 0.148148 0.711979 0.033333 0.015625
0 0.180556 0.625000 0.031481 0.016667
0 0.162963 0.701042 0.037037 0.022917
0 0.113889 0.543750 0.027778 0.012500
0 0.137963 0.665104 0.035185 0.020833
0 0.121296 0.445312 0.046296 0.026042
0 0.133333 0.685937 0.029630 0.016667
0 0.108333 0.573958 0.014815 0.017708
0 0.077778 0.427604 0.051852 0.029167
0 0.008333 0.140104 0.016667 0.015625
0 0.371296 0.360417 0.033333 0.021875
0 0.011111 0.600000 0.022222 0.018750
0 0.020370 0.707292 0.035185 0.021875
0 0.025000 0.144271 0.022222 0.014583
0 0.025000 0.514062 0.024074 0.013542
0 0.022222 0.479167 0.035185 0.018750
0 0.039815 0.413542 0.053704 0.029167
0 0.035185 0.677604 0.040741 0.022917
0 0.049074 0.511979 0.025926 0.014583
0 0.057407 0.444271 0.055556 0.026042
