0 0.080556 0.453646 0.025926 0.010417
0 0.321296 0.162500 0.022222 0.013542
0 0.872222 0.515104 0.027778 0.013542
0 0.061111 0.420312 0.037037 0.019792
0 0.073148 0.545833 0.027778 0.014583
0 0.096296 0.541667 0.035185 0.017708
0 0.441667 0.522396 0.016667 0.010417
0 0.128704 0.539583 0.027778 0.016667
0 0.521296 0.488542 0.020370 0.014583
0 0.455556 0.290104 0.033333 0.019792
0 0.160185 0.251563 0.033333 0.020833
0 0.160185 0.251563 0.033333 0.021875
0 0.159259 0.539062 0.035185 0.019792
0 0.954630 0.722396 0.027778 0.013542
0 0.208333 0.220312 0.035185 0.021875
0 0.959259 0.435417 0.022222 0.013542
0 0.191667 0.269792 0.029630 0.017708
0 0.314815 0.145833 0.024074 0.014583
0 0.229630 0.434896 0.035185 0.020833
0 0.231481 0.449479 0.035185 0.017708
0 0.193519 0.539583 0.031481 0.017708
0 0.269444 0.706771 0.029630 0.017708
0 0.270370 0.324479 0.029630 0.015625
0 0.244444 0.325521 0.027778 0.017708
0 0.442593 0.238021 0.031481 0.016667
0 0.434259 0.279687 0.027778 0.015625
0 0.995370 0.311458 0.007407 0.015625
0 0.257407 0.447917 0.025926 0.016667
0 0.209259 0.518229 0.014815 0.009375
0 0.242593 0.710938 0.029630 0.019792
0 0.306481 0.157292 0.025926 0.014583
0 0.631481 0.372917 0.033333 0.016667
0 0.265741 0.610417 0.031481 0.017708
0 0.287963 0.718229 0.035185 0.021875
0 0.309259 0.157812 0.024074 0.014583
0 0.221296 0.527083 0.024074 0.013542
0 0.243519 0.491667 0.029630 0.016667
0 0.348148 0.426563 0.046296 0.029167
0 0.298148 0.689063 0.033333 0.020833
0 0.243519 0.525521 0.024074 0.014583
0 0.360185 0.454688 0.050000 0.026042
0 0.387037 0.438542 0.046296 0.026042
0 0.351852 0.589063 0.014815 0.018750
0 0.422222 0.697396 0.033333 0.018750
0 0.422222 0.457813 0.044444 0.027083
0 0.422222 0.676042 0.033333 0.020833
0 0.366667 0.557292 0.031481 0.013542
0 0.442593 0.713542 0.031481 0.022917
0 0.460185 0.636458 0.031481 0.015625
0 0.393519 0.725000 0.027778 0.016667
0 0.850000 0.343229 0.024074 0.015625
0 0.425926 0.292187 0.027778 0.014583
0 0.409259 0.733854 0.037037 0.018750
0 0.593519 0.594792 0.018519 0.010417
0 0.859259 0.311979 0.022222 0.014583
0 0.507407 0.695833 0.024074 0.012500
0 0.585185 0.507812 0.031481 0.017708
0 0.577778 0.484896 0.025926 0.017708
0 0.845370 0.308854 0.038889 0.025000
0 0.798148 0.579167 0.020370 0.013542
0 0.965741 0.193229 0.011111 0.007292
0 0.978704 0.314063 0.025926 0.014583
0 0.743519 0.713021 0.018519 0.010417
0 0.853704 0.312500 0.029630 0.012500
0 0.872222 0.309896 0.033333 0.016667
0 0.966667 0.711458 0.031481 0.015625
0 0.871296 0.296875 0.024074 0.012500
0 0.996296 0.393750 0.014815 0.009375
0 0.797222 0.578125 0.014815 0.007292
0 0.861111 0.516146 0.024074 0.013542
0 0.911111 0.314583 0.024074 0.013542
0 0.859259 0.581771 0.024074 0.014583
0 0.902778 0.306771 0.025926 0.013542
0 0.906481 0.513021 0.027778 0.015625
0 0.913889 0.485938 0.016667 0.009375
0 0.859259 0.581771 0.025926 0.013542
0 0.905556 0.513021 0.027778 0.015625
0 0.924074 0.285938 0.024074 0.014583
0 0.910185 0.502083 0.018519 0.011458
0 0.871296 0.309896 0.033333 0.016667
0 0.943519 0.502604 0.025926 0.014583
0 0.883333 0.317188 0.022222 0.012500
0 0.932407 0.491146 0.024074 0.014583
0 0.874074 0.327604 0.024074 0.014583
0 0.973148 0.479687 0.018519 0.009375
0 0.978704 0.314063 0.024074 0.014583
0 0.995370 0.465104 0.005556 0.013542
0 0.998148 0.311458 0.016667 0.015625
0 0.996296 0.406771 0.005556 0.017708
