0 0.992593 0.595313 0.014815 0.019792
0 0.987963 0.398438 0.020370 0.022917
0 0.916667 0.496354 0.044444 0.025000
0 0.992593 0.555208 0.012963 0.018750
0 0.520370 0.689583 0.042593 0.022917
0 0.618519 0.527083 0.040741 0.022917
0 0.987963 0.281771 0.031481 0.015625
0 0.830556 0.585417 0.051852 0.026042
0 0.256481 0.644792 0.031481 0.017708
0 -0.075926 0.337500 0.000000 0.000000
0 0.454630 0.657292 0.040741 0.021875
0 0.289815 0.259896 0.018519 0.019792
0 0.216667 0.329167 0.035185 0.017708
0 0.415741 0.692187 0.027778 0.015625
0 0.783333 0.669271 0.037037 0.019792
0 0.608333 0.557813 0.022222 0.013542
0 0.130556 0.673958 0.033333 0.018750
0 0.107407 0.699479 0.031481 0.017708
0 0.696296 0.669271 0.031481 0.019792
0 0.997222 0.443229 0.029630 0.018750
0 0.110185 0.667188 0.038889 0.020833
0 0.114815 0.651563 0.025926 0.014583
0 0.348148 0.558854 0.025926 0.015625
0 0.722222 0.673438 0.031481 0.019792
0 0.068519 0.700000 0.033333 0.019792
0 0.633333 0.293750 0.025926 0.011458
0 0.057407 0.675521 0.037037 0.021875
0 0.242593 0.366146 0.029630 0.015625
0 0.487963 0.702604 0.035185 0.020833
0 0.957407 0.494271 0.022222 0.012500
0 0.225000 0.349479 0.031481 0.015625
0 0.279630 0.479687 0.025926 0.014583
0 0.625926 0.260417 0.029630 0.018750
0 0.928704 0.733854 0.033333 0.018750
0 0.996296 0.551562 0.007407 0.020833
0 0.868519 0.225521 0.042593 0.023958
0 0.732407 0.773438 0.027778 0.016667
0 1.000926 0.380208 0.033333 0.022917
0 0.960185 0.730729 0.033333 0.020833
0 0.685185 0.744271 0.029630 0.017708
0 0.937963 0.528125 0.033333 0.017708
0 0.790741 0.642708 0.035185 0.015625
0 0.921296 0.539583 0.022222 0.012500
0 0.986111 0.288542 0.018519 0.014583
0 0.388889 0.267188 0.031481 0.018750
0 0.488889 0.701562 0.038889 0.021875
0 0.610185 0.695833 0.031481 0.017708
0 0.579630 0.440625 0.038889 0.021875
0 0.318519 0.681771 0.025926 0.016667
0 0.509259 0.789583 0.038889 0.020833
0 0.667593 0.365625 0.042593 0.023958
0 0.412963 0.292187 0.025926 0.013542
0 0.987963 0.338542 0.029630 0.016667
0 0.995370 0.602604 0.007407 0.021875
0 0.982407 0.273438 0.035185 0.022917
0 0.608333 0.662500 0.037037 0.019792
0 0.985185 0.592708 0.025926 0.020833
0 1.009259 0.505729 0.050000 0.023958
0 0.612963 0.722917 0.031481 0.019792
0 0.241667 0.452083 0.025926 0.014583
0 0.987963 0.701042 0.022222 0.025000
0 0.695370 0.389062 0.042593 0.022917
0 0.995370 0.498958 0.005556 0.020833
0 0.724074 0.675521 0.038889 0.023958
0 0.650000 0.783333 0.031481 0.018750
0 0.993519 0.591146 0.012963 0.020833
0 0.886111 0.734375 0.044444 0.021875
0 0.995370 0.425000 0.005556 0.016667
0 0.993519 0.259896 0.027778 0.015625
0 0.696296 0.669271 0.031481 0.020833
0 0.604630 0.673438 0.037037 0.015625
0 0.937963 0.558333 0.025926 0.019792
0 0.346296 0.686458 0.031481 0.016667
0 0.956481 0.582812 0.025926 0.016667
0 0.980556 0.290625 0.024074 0.015625
0 0.992593 0.528125 0.011111 0.019792
0 0.704630 0.781250 0.025926 0.014583
0 0.862963 0.557813 0.040741 0.021875
0 0.363889 0.680729 0.020370 0.012500
0 0.968519 0.713021 0.025926 0.015625
0 0.568519 0.655208 0.024074 0.015625
0 0.989815 0.586979 0.016667 0.019792
0 0.999074 0.645312 0.027778 0.015625
0 0.990741 0.553125 0.033333 0.019792
0 0.600926 0.544792 0.027778 0.015625
0 0.991667 0.554688 0.016667 0.025000
0 0.262963 0.308854 0.018519 0.009375
0 0.975000 0.294271 0.022222 0.014583
