0 0.999074 0.436458 0.000000 0.000000
0 0.992593 0.613021 0.014815 0.026042
0 0.993519 0.789062 0.012963 0.020833
0 0.994444 0.610417 0.009259 0.020833
0 0.993519 0.644792 0.011111 0.019792
0 0.993519 0.710938 0.012963 0.018750
0 0.990741 0.604688 0.016667 0.033333
0 0.942593 0.485417 0.027778 0.016667
0 0.996296 0.705729 0.005556 0.011458
0 0.994444 0.609375 0.009259 0.016667
0 0.993519 0.777604 0.012963 0.016667
0 0.994444 0.711979 0.009259 0.015625
0 0.994444 0.551042 0.009259 0.021875
0 0.996296 0.712500 0.007407 0.015625
0 0.990741 0.746875 0.016667 0.022917
0 0.959259 0.513542 0.027778 0.014583
0 0.489815 0.317188 0.022222 0.012500
0 0.028704 0.513542 0.029630 0.015625
0 0.530556 0.316146 0.025926 0.014583
0 0.032407 0.473958 0.027778 0.010417
0 0.893519 0.653125 0.027778 0.015625
0 0.248148 0.320312 0.020370 0.014583
0 0.356481 0.580729 0.020370 0.012500
0 0.487037 0.198958 0.011111 0.006250
0 0.518519 0.317708 0.020370 0.013542
0 0.990741 0.324479 0.018519 0.016667
0 0.184259 0.356771 0.027778 0.016667
0 0.204630 0.709896 0.033333 0.013542
0 0.224074 0.553646 0.029630 0.017708
0 0.995370 0.546354 0.005556 0.011458
0 0.965741 0.707812 0.027778 0.016667
0 0.261111 0.325000 0.031481 0.017708
0 0.294444 0.320833 0.038889 0.018750
0 0.330556 0.709375 0.029630 0.016667
0 0.308333 0.306771 0.031481 0.015625
0 0.566667 0.401562 0.024074 0.012500
0 0.332407 0.572917 0.024074 0.012500
0 0.518519 0.495833 0.020370 0.011458
0 0.388889 0.516667 0.020370 0.012500
0 0.375926 0.571354 0.024074 0.010417
0 0.996296 0.421354 0.003704 0.014583
0 0.373148 0.579167 0.029630 0.013542
0 0.480556 0.309375 0.025926 0.014583
0 0.995370 0.703125 0.007407 0.022917
0 0.994444 0.591667 0.024074 0.012500
0 0.406481 0.513542 0.027778 0.016667
0 0.990741 0.532813 0.014815 0.011458
0 0.438889 0.488021 0.020370 0.012500
0 0.374074 0.579688 0.025926 0.014583
0 0.993519 0.689063 0.011111 0.015625
0 0.408333 0.513542 0.027778 0.015625
0 0.419444 0.508854 0.018519 0.012500
0 0.450926 0.290104 0.024074 0.014583
0 0.443519 0.502083 0.024074 0.014583
0 0.437037 0.316146 0.025926 0.015625
0 0.996296 0.688542 0.005556 0.017708
0 0.482407 0.502083 0.024074 0.013542
0 0.456481 0.320312 0.020370 0.012500
0 0.481481 0.491667 0.024074 0.010417
0 0.461111 0.330729 0.020370 0.013542
0 0.992593 0.762500 0.014815 0.035417
0 0.508333 0.480729 0.024074 0.012500
0 0.520370 0.317188 0.022222 0.013542
0 0.996296 0.289583 0.005556 0.016667
0 0.585185 0.494792 0.027778 0.015625
0 0.561111 0.315625 0.022222 0.014583
0 0.854630 0.683854 0.033333 0.020833
0 0.633333 0.406771 0.029630 0.018750
0 0.591667 0.421875 0.020370 0.010417
0 0.589815 0.438542 0.009259 0.005208
0 1.002778 0.537500 0.016667 0.013542
0 0.941667 0.707292 0.038889 0.020833
0 0.995370 0.331771 0.018519 0.009375
0 0.900926 0.731771 0.033333 0.018750
0 0.995370 0.551042 0.020370 0.011458
0 0.996296 0.698958 0.029630 0.017708
0 0.996296 0.765625 0.016667 0.027083
0 0.936111 0.731771 0.029630 0.017708
0 0.992593 0.711979 0.014815 0.019792
0 0.982407 0.366146 0.031481 0.016667
0 0.990741 0.308854 0.018519 0.016667
0 0.989815 0.700521 0.018519 0.017708
0 0.971296 0.385417 0.031481 0.014583
0 0.993519 0.734896 0.009259 0.020833
0 0.990741 0.402604 0.016667 0.018750
0 0.993519 0.675000 0.012963 0.015625
0 0.994444 0.589063 0.011111 0.025000
0 0.989815 0.799479 0.018519 0.030208
0 0.989815 0.252083 0.018519 0.010417
0 0.992593 0.277083 0.011111 0.016667
