0 0.837963 0.585417 0.029630 0.015625
0 0.737037 0.661458 0.024074 0.014583
0 0.847222 0.597396 0.031481 0.016667
0 0.262037 0.669792 0.027778 0.015625
0 0.682407 0.727604 0.029630 0.016667
0 0.334259 0.700521 0.024074 0.011458
0 0.147222 0.675000 0.037037 0.018750
0 0.249074 0.385937 0.027778 0.012500
0 0.879630 0.567708 0.029630 0.017708
0 0.547222 0.571875 0.042593 0.022917
0 0.433333 0.796354 0.029630 0.015625
0 0.812037 0.546354 0.037037 0.019792
0 0.733333 0.309896 0.031481 0.017708
0 0.686111 0.600000 0.029630 0.015625
0 0.090741 0.705729 0.031481 0.017708
0 0.668519 0.575000 0.029630 0.017708
0 0.306481 0.690104 0.033333 0.014583
0 0.411111 0.686979 0.038889 0.018750
0 0.688889 0.278646 0.031481 0.018750
0 0.822222 0.460417 0.042593 0.025000
0 0.580556 0.748958 0.044444 0.021875
0 0.879630 0.589063 0.033333 0.018750
0 0.375000 0.800521 0.031481 0.018750
0 0.431481 0.692187 0.035185 0.018750
0 0.744444 0.529167 0.037037 0.020833
0 0.369444 0.403125 0.040741 0.020833
0 0.705556 0.715625 0.042593 0.022917
0 0.335185 0.739062 0.033333 0.018750
0 0.890741 0.539062 0.037037 0.020833
0 0.859259 0.602083 0.033333 0.018750
0 0.305556 0.678646 0.038889 0.020833
0 0.683333 0.291146 0.040741 0.026042
0 0.814815 0.603125 0.033333 0.019792
0 0.848148 0.368750 0.027778 0.016667
0 0.175000 0.307812 0.029630 0.015625
0 0.338889 0.379688 0.042593 0.023958
0 0.235185 0.807292 0.042593 0.023958
0 0.062963 0.701042 0.029630 0.014583
0 0.744444 0.514583 0.020370 0.010417
0 0.283333 0.454688 0.038889 0.020833
0 0.326852 0.711979 0.029630 0.017708
0 0.175926 0.719792 0.031481 0.023958
0 0.087963 0.277083 0.029630 0.017708
0 0.742593 0.302083 0.020370 0.014583
0 0.682407 0.543229 0.031481 0.018750
0 0.668519 0.310417 0.022222 0.013542
0 0.056481 0.495833 0.027778 0.014583
0 0.410185 0.278125 0.029630 0.018750
0 0.631481 0.747917 0.033333 0.018750
0 0.721296 0.568229 0.046296 0.023958
0 0.565741 0.243750 0.038889 0.022917
0 0.462963 0.789583 0.027778 0.017708
0 0.874074 0.411979 0.027778 0.019792
0 0.663889 0.743750 0.033333 0.020833
0 0.410185 0.760938 0.031481 0.017708
0 0.851852 0.408333 0.040741 0.021875
0 0.586111 0.510417 0.044444 0.025000
0 0.863889 0.555729 0.033333 0.018750
0 0.213889 0.706771 0.040741 0.025000
0 0.329630 0.542188 0.042593 0.022917
0 0.687963 0.300521 0.031481 0.015625
0 0.530556 0.600000 0.048148 0.026042
0 0.009259 0.663542 0.018519 0.019792
0 0.007407 0.380729 0.014815 0.016667
0 0.182407 0.717187 0.037037 0.027083
0 0.703704 0.522396 0.031481 0.018750
0 0.008333 0.345313 0.016667 0.018750
0 0.859259 0.602083 0.031481 0.018750
0 -0.038889 0.356771 0.014815 0.007292
0 0.474074 0.239063 0.024074 0.012500
0 0.715741 0.314583 0.024074 0.017708
0 0.486111 0.657813 0.029630 0.016667
0 0.660185 0.553646 0.029630 0.017708
0 0.636111 0.576042 0.027778 0.016667
0 0.012963 0.467708 0.025926 0.014583
0 0.838889 0.380729 0.027778 0.013542
0 0.831481 0.563542 0.035185 0.019792
0 0.301852 0.388021 0.022222 0.009375
0 0.359259 0.561458 0.027778 0.014583
0 0.141667 0.297917 0.022222 0.010417
0 0.451852 0.472396 0.037037 0.021875
