0 0.996296 0.669792 0.005556 0.017708
0 0.328704 0.306250 0.024074 0.014583
0 0.993519 0.618229 0.012963 0.022917
0 0.994444 0.628646 0.009259 0.020833
0 0.994444 0.640625 0.007407 0.013542
0 0.987963 0.704688 0.022222 0.018750
0 0.992593 0.538021 0.016667 0.031250
0 1.000926 0.668750 0.033333 0.014583
0 0.818519 0.469792 0.027778 0.016667
0 0.457407 0.483333 0.025926 0.015625
0 0.901852 0.281250 0.025926 0.016667
0 0.409259 0.305208 0.027778 0.014583
0 0.396296 0.470313 0.025926 0.012500
0 0.993519 0.772917 0.011111 0.029167
0 0.356481 0.320312 0.022222 0.013542
0 0.373148 0.482292 0.025926 0.012500
0 0.350000 0.309896 0.022222 0.014583
0 0.369444 0.493229 0.024074 0.014583
0 0.989815 0.764062 0.016667 0.028125
0 0.990741 0.765625 0.018519 0.017708
0 0.991667 0.763021 0.014815 0.008333
0 0.989815 0.234375 0.018519 0.010417
0 0.992593 0.271354 0.011111 0.016667
0 0.839815 0.497917 0.025926 0.013542
0 0.989815 0.730729 0.016667 0.023958
0 0.991667 0.708333 0.014815 0.020833
0 0.994444 0.528646 0.009259 0.022917
0 0.958333 0.698958 0.033333 0.017708
0 0.992593 0.782813 0.012963 0.016667
0 0.994444 0.343229 0.009259 0.022917
0 0.993519 0.623958 0.009259 0.018750
0 0.995370 0.707812 0.007407 0.014583
0 0.985185 0.462500 0.025926 0.015625
0 0.993519 0.787500 0.012963 0.019792
0 0.997222 0.555208 0.009259 0.023958
0 0.887037 0.661979 0.031481 0.017708
0 0.860185 0.384896 0.031481 0.015625
0 0.993519 0.725521 0.011111 0.020833
0 0.834259 0.369271 0.027778 0.015625
0 0.989815 0.681771 0.016667 0.022917
0 0.871296 0.291146 0.027778 0.015625
0 0.840741 0.349479 0.031481 0.017708
0 0.992593 0.723437 0.014815 0.019792
0 0.793519 0.716667 0.029630 0.018750
0 0.996296 0.734375 0.014815 0.026042
0 0.841667 0.683854 0.035185 0.016667
0 0.974074 0.572917 0.022222 0.011458
0 0.991667 0.679688 0.014815 0.030208
0 0.756481 0.717187 0.033333 0.018750
0 0.996296 0.318229 0.020370 0.010417
0 0.788889 0.691667 0.037037 0.020833
0 0.501852 0.387500 0.014815 0.009375
0 0.896296 0.522396 0.025926 0.013542
0 0.463889 0.427083 0.011111 0.007292
0 0.483333 0.410938 0.020370 0.012500
0 0.496296 0.394792 0.029630 0.018750
0 0.715741 0.669271 0.033333 0.020833
0 0.441667 0.303646 0.024074 0.014583
0 0.180556 0.701562 0.029630 0.016667
0 0.143519 0.310937 0.038889 0.019792
0 0.111111 0.315625 0.033333 0.018750
0 0.810185 0.692708 0.027778 0.016667
0 0.933333 0.534896 0.020370 0.012500
0 0.089815 0.546354 0.031481 0.017708
0 0.098148 0.702604 0.022222 0.012500
0 0.040741 0.348438 0.033333 0.016667
0 0.912963 0.310417 0.031481 0.017708
0 0.401852 0.306250 0.020370 0.012500
0 0.329630 0.492708 0.025926 0.015625
0 0.326852 0.279167 0.024074 0.016667
0 0.300926 0.501042 0.018519 0.014583
0 0.285185 0.506250 0.029630 0.018750
0 0.992593 0.686458 0.011111 0.015625
0 0.255556 0.571875 0.029630 0.014583
0 0.324074 0.478646 0.022222 0.012500
0 0.911111 0.525521 0.022222 0.010417
0 0.284259 0.504687 0.027778 0.016667
0 0.995370 0.537500 0.025926 0.012500
0 0.995370 0.671875 0.007407 0.021875
0 0.368519 0.298438 0.024074 0.015625
0 0.254630 0.571875 0.029630 0.015625
0 0.382407 0.306250 0.022222 0.013542
0 0.996296 0.401562 0.003704 0.014583
0 0.256481 0.563542 0.024074 0.010417
0 0.268519 0.507812 0.022222 0.013542
0 0.409259 0.485938 0.020370 0.012500
0 0.197222 0.559896 0.020370 0.011458
0 0.454630 0.390104 0.022222 0.012500
0 0.158333 0.296354 0.033333 0.017708
