0 0.739815 0.688542 0.031481 0.018750
0 0.307407 0.324479 0.027778 0.015625
0 0.699074 0.650000 0.025926 0.014583
0 0.175000 0.234896 0.029630 0.018750
0 0.309259 0.545833 0.025926 0.014583
0 0.749074 0.322917 0.031481 0.018750
0 0.127778 0.445833 0.025926 0.011458
0 0.347222 0.141146 0.024074 0.014583
0 0.910185 0.485417 0.024074 0.013542
0 0.105556 0.412500 0.038889 0.020833
0 0.121296 0.540104 0.029630 0.013542
0 0.145370 0.535417 0.035185 0.017708
0 0.474074 0.506771 0.016667 0.010417
0 0.166667 0.530729 0.029630 0.018750
0 0.568519 0.469792 0.024074 0.014583
0 0.474074 0.269271 0.027778 0.018750
0 0.163889 0.239583 0.027778 0.018750
0 0.169444 0.236458 0.035185 0.018750
0 0.200926 0.530729 0.035185 0.019792
0 1.002778 0.693229 0.025926 0.012500
0 0.231481 0.203646 0.035185 0.021875
0 0.994444 0.414583 0.020370 0.014583
0 0.203704 0.255208 0.031481 0.017708
0 0.462963 0.258854 0.031481 0.017708
0 0.465741 0.216146 0.031481 0.017708
0 0.261111 0.310417 0.029630 0.018750
0 0.287963 0.308854 0.029630 0.016667
0 0.340741 0.696354 0.029630 0.018750
0 0.235185 0.530208 0.031481 0.018750
0 0.286111 0.438021 0.033333 0.018750
0 0.285185 0.422917 0.035185 0.020833
0 0.341667 0.122917 0.024074 0.013542
0 0.308333 0.435417 0.025926 0.017708
0 0.249074 0.506250 0.014815 0.008333
0 0.310185 0.701562 0.033333 0.018750
0 0.336111 0.136458 0.024074 0.015625
0 0.672222 0.352083 0.035185 0.021875
0 0.326852 0.599479 0.029630 0.018750
0 0.362963 0.707292 0.033333 0.020833
0 0.337037 0.136458 0.024074 0.014583
0 0.246296 0.517708 0.024074 0.012500
0 0.275000 0.480729 0.027778 0.017708
0 0.412963 0.410938 0.048148 0.030208
0 0.368519 0.678125 0.031481 0.021875
0 0.268519 0.514062 0.024074 0.014583
0 0.425000 0.439583 0.050000 0.026042
0 0.454630 0.422917 0.044444 0.028125
0 0.487037 0.440625 0.051852 0.026042
0 0.502778 0.660937 0.033333 0.020833
0 0.525000 0.696875 0.033333 0.021875
0 0.459259 0.709896 0.025926 0.015625
0 0.456481 0.272917 0.024074 0.013542
0 0.470370 0.717708 0.033333 0.019792
0 0.669444 0.573438 0.018519 0.010417
0 0.929630 0.283333 0.022222 0.014583
0 0.585185 0.676562 0.024074 0.011458
0 0.637037 0.486979 0.029630 0.017708
0 0.995370 0.282813 0.005556 0.016667
0 0.625000 0.464062 0.027778 0.016667
0 0.925926 0.278646 0.042593 0.027083
0 0.871296 0.559375 0.018519 0.012500
0 0.969444 0.160417 0.011111 0.007292
0 0.987037 0.282813 0.016667 0.014583
0 0.842593 0.687500 0.018519 0.009375
0 0.925926 0.283854 0.027778 0.012500
0 0.912963 0.282813 0.022222 0.012500
0 0.995370 0.689583 0.007407 0.015625
0 0.908333 0.267188 0.024074 0.012500
0 0.890741 0.579167 0.012963 0.006250
0 0.918519 0.491667 0.025926 0.014583
0 0.916667 0.284896 0.018519 0.011458
0 0.899074 0.552083 0.024074 0.013542
0 0.926852 0.279687 0.022222 0.013542
0 0.943519 0.482292 0.029630 0.016667
0 0.952778 0.456250 0.016667 0.008333
0 0.899074 0.553125 0.024074 0.013542
0 0.943519 0.482292 0.029630 0.016667
0 0.937963 0.255208 0.025926 0.014583
0 0.952778 0.473958 0.016667 0.011458
0 0.912963 0.283854 0.025926 0.012500
0 0.972222 0.471875 0.025926 0.013542
0 0.940741 0.290104 0.022222 0.012500
0 0.962037 0.459375 0.024074 0.014583
0 0.925000 0.297917 0.024074 0.015625
0 0.992593 0.447917 0.018519 0.012500
0 0.988889 0.282292 0.022222 0.015625
0 0.995370 0.433333 0.007407 0.014583
0 0.990741 0.281771 0.025926 0.014583
0 0.996296 0.397917 0.005556 0.016667
