0 0.018519 0.738542 0.037037 0.021875
0 0.090741 0.599479 0.022222 0.010417
0 0.393519 0.311458 0.027778 0.017708
0 0.063889 0.701042 0.038889 0.021875
0 0.989815 0.456771 0.018519 0.012500
0 0.138889 0.509896 0.031481 0.017708
0 1.000926 0.680729 0.018519 0.015625
0 0.995370 0.561979 0.005556 0.012500
0 0.343519 0.550521 0.027778 0.017708
0 0.300926 0.711979 0.029630 0.015625
0 0.355556 0.351562 0.027778 0.014583
0 0.992593 0.320312 0.012963 0.011458
0 0.601852 0.307812 0.022222 0.015625
0 0.582407 0.185938 0.011111 0.008333
0 0.425926 0.577083 0.022222 0.014583
0 0.358333 0.309896 0.025926 0.018750
0 0.996296 0.639062 0.022222 0.017708
0 0.146296 0.486979 0.031481 0.014583
0 0.618519 0.306250 0.022222 0.014583
0 0.987963 0.675000 0.024074 0.019792
0 0.601852 0.307292 0.022222 0.014583
0 0.595370 0.473958 0.022222 0.012500
0 0.527778 0.321354 0.020370 0.013542
0 0.568519 0.485417 0.025926 0.012500
0 0.525926 0.311458 0.020370 0.013542
0 0.570370 0.496354 0.024074 0.014583
0 0.995370 0.686458 0.005556 0.018750
0 0.505556 0.307292 0.025926 0.013542
0 0.530556 0.496354 0.024074 0.014583
0 0.536111 0.280208 0.025926 0.016667
0 0.517593 0.504167 0.016667 0.011458
0 0.508333 0.508333 0.027778 0.016667
0 0.471296 0.576562 0.025926 0.014583
0 0.530556 0.481771 0.022222 0.012500
0 0.994444 0.532813 0.009259 0.010417
0 0.507407 0.507812 0.025926 0.016667
0 0.550926 0.299479 0.024074 0.014583
0 0.996296 0.267708 0.003704 0.016667
0 0.997222 0.707292 0.005556 0.017708
0 0.996296 0.511458 0.020370 0.011458
0 0.989815 0.660417 0.020370 0.012500
0 0.995370 0.739062 0.005556 0.017708
0 0.991667 0.695312 0.011111 0.019792
0 0.995370 0.350521 0.009259 0.014583
0 0.992593 0.329688 0.011111 0.013542
0 0.993519 0.670312 0.009259 0.013542
0 0.937037 0.379167 0.009259 0.012500
0 0.995370 0.394271 0.007407 0.013542
0 0.992593 0.681771 0.012963 0.016667
0 0.993519 0.585417 0.011111 0.028125
0 0.996296 0.487500 0.007407 0.020833
0 0.996296 0.716146 0.005556 0.014583
0 0.994444 0.711458 0.009259 0.013542
0 0.999074 0.435937 0.000000 0.000000
0 0.991667 0.585417 0.016667 0.028125
0 0.994444 0.709896 0.014815 0.017708
0 0.997222 0.468750 0.005556 0.011458
0 0.646296 0.305729 0.024074 0.015625
0 0.694444 0.486979 0.027778 0.014583
0 0.374074 0.314583 0.031481 0.017708
0 0.415741 0.309375 0.031481 0.018750
0 0.479630 0.708333 0.031481 0.016667
0 0.419444 0.294792 0.027778 0.015625
0 0.646296 0.393229 0.022222 0.013542
0 0.412963 0.566667 0.027778 0.014583
0 0.588889 0.489063 0.024074 0.013542
0 0.487037 0.512500 0.024074 0.013542
0 0.996296 0.450000 0.005556 0.016667
0 0.558333 0.307292 0.022222 0.013542
0 0.471296 0.576562 0.025926 0.014583
0 0.750926 0.397396 0.031481 0.019792
0 0.695370 0.423958 0.020370 0.010417
0 0.997222 0.502604 0.003704 0.018750
0 0.991667 0.686458 0.016667 0.016667
