0 0.438889 0.708333 0.025926 0.014583
0 0.444444 0.271354 0.025926 0.013542
0 0.450926 0.717187 0.035185 0.019792
0 0.647222 0.573958 0.018519 0.010417
0 0.914815 0.283854 0.022222 0.014583
0 0.562963 0.676562 0.024074 0.011458
0 0.619444 0.487500 0.029630 0.018750
0 0.995370 0.284896 0.005556 0.016667
0 0.609259 0.464062 0.025926 0.016667
0 0.904630 0.280729 0.040741 0.027083
0 0.856481 0.561458 0.018519 0.012500
0 0.965741 0.163021 0.011111 0.007292
0 0.978704 0.286458 0.016667 0.015625
0 0.816667 0.689063 0.018519 0.009375
0 0.907407 0.285417 0.027778 0.012500
0 0.900926 0.284375 0.022222 0.012500
0 0.995370 0.691146 0.007407 0.015625
0 0.894444 0.269271 0.024074 0.012500
0 1.000000 0.381250 0.014815 0.009375
0 0.869444 0.580729 0.012963 0.006250
0 0.897222 0.493750 0.025926 0.014583
0 0.913889 0.285417 0.020370 0.011458
0 0.885185 0.554688 0.027778 0.014583
0 0.917593 0.281771 0.024074 0.014583
0 0.929630 0.484896 0.027778 0.016667
0 0.938889 0.458854 0.014815 0.008333
0 0.885185 0.554688 0.025926 0.014583
0 0.929630 0.484896 0.027778 0.016667
0 0.930556 0.257292 0.024074 0.013542
0 0.937963 0.477604 0.016667 0.011458
0 0.900000 0.284896 0.025926 0.012500
0 0.959259 0.475521 0.025926 0.014583
0 0.921296 0.291667 0.022222 0.012500
0 0.951852 0.463021 0.024074 0.014583
0 0.905556 0.299479 0.024074 0.014583
0 0.981481 0.450521 0.022222 0.014583
0 0.983333 0.285417 0.025926 0.016667
0 0.995370 0.441667 0.007407 0.014583
0 0.983333 0.285417 0.027778 0.015625
0 0.996296 0.398958 0.005556 0.016667
0 0.296296 0.321875 0.027778 0.014583
0 0.683333 0.651042 0.025926 0.015625
0 0.162963 0.231771 0.029630 0.019792
0 0.298148 0.544271 0.024074 0.013542
0 0.737037 0.324479 0.029630 0.018750
0 0.110185 0.442188 0.025926 0.010417
0 0.333333 0.138542 0.022222 0.014583
0 0.898148 0.488542 0.024074 0.013542
0 0.087963 0.408854 0.037037 0.020833
0 0.103704 0.536458 0.031481 0.013542
0 0.127778 0.532813 0.033333 0.016667
0 0.459259 0.506771 0.018519 0.011458
0 0.151852 0.528125 0.027778 0.017708
0 0.553704 0.469271 0.024074 0.015625
0 0.462963 0.268229 0.025926 0.017708
0 0.153704 0.235417 0.027778 0.018750
0 0.158333 0.232813 0.035185 0.018750
0 0.186111 0.527604 0.035185 0.019792
0 1.002778 0.696875 0.025926 0.012500
0 0.217593 0.200521 0.037037 0.022917
0 0.975926 0.418229 0.020370 0.013542
0 0.192593 0.252083 0.031481 0.019792
0 0.327778 0.120313 0.025926 0.014583
0 0.265741 0.420312 0.033333 0.020833
0 0.267593 0.434896 0.033333 0.017708
0 0.219444 0.527604 0.031481 0.017708
0 0.319444 0.694271 0.027778 0.018750
0 0.276852 0.306771 0.029630 0.016667
0 0.250926 0.308333 0.029630 0.018750
0 0.452778 0.215104 0.031481 0.017708
0 0.450000 0.257812 0.031481 0.017708
0 0.291667 0.433854 0.025926 0.017708
0 0.234259 0.504687 0.014815 0.009375
0 0.290741 0.698958 0.033333 0.018750
0 0.323148 0.133333 0.025926 0.015625
0 0.657407 0.353125 0.035185 0.022917
0 0.308333 0.596875 0.031481 0.017708
0 0.341667 0.705208 0.035185 0.020833
0 0.322222 0.132812 0.024074 0.015625
0 0.235185 0.516146 0.022222 0.012500
0 0.262037 0.478125 0.027778 0.016667
0 0.392593 0.408854 0.048148 0.028125
0 0.348148 0.675521 0.033333 0.021875
0 0.256481 0.512500 0.025926 0.014583
0 0.404630 0.438021 0.048148 0.028125
0 0.433333 0.421354 0.046296 0.028125
0 0.468519 0.439583 0.046296 0.026042
0 0.479630 0.659375 0.031481 0.019792
0 0.501852 0.695312 0.033333 0.021875
