0 0.775926 0.386979 0.018519 0.011458
0 0.003704 0.518229 0.007407 0.014583
0 0.003704 0.482812 0.007407 0.019792
0 0.009259 0.418229 0.018519 0.029167
0 0.006481 0.683333 0.012963 0.020833
0 0.019444 0.516146 0.024074 0.013542
0 0.018519 0.450000 0.037037 0.025000
0 0.031481 0.432292 0.051852 0.029167
0 0.071296 0.579167 0.014815 0.017708
0 0.087037 0.692187 0.031481 0.017708
0 0.075926 0.451042 0.048148 0.026042
0 0.091667 0.671354 0.035185 0.020833
0 0.075000 0.548958 0.027778 0.012500
0 0.114815 0.707812 0.033333 0.021875
0 0.137037 0.631250 0.033333 0.017708
0 0.112037 0.718750 0.029630 0.015625
0 0.462963 0.337500 0.024074 0.015625
0 0.145370 0.282292 0.033333 0.017708
0 0.150000 0.726042 0.035185 0.020833
0 0.255556 0.587500 0.018519 0.010417
0 0.546296 0.303125 0.025926 0.017708
0 0.198148 0.688542 0.035185 0.017708
0 0.991667 0.458854 0.016667 0.011458
0 0.288889 0.500000 0.031481 0.017708
0 0.755556 0.300000 0.024074 0.014583
0 0.290741 0.475521 0.029630 0.015625
0 0.996296 0.640625 0.024074 0.017708
0 0.509259 0.301042 0.027778 0.018750
0 0.541667 0.570833 0.022222 0.013542
0 0.522222 0.564063 0.022222 0.012500
0 0.721296 0.178646 0.011111 0.008333
0 0.737037 0.301563 0.024074 0.015625
0 0.994444 0.315104 0.011111 0.009375
0 0.558333 0.344271 0.031481 0.017708
0 0.429630 0.703646 0.027778 0.016667
0 0.500926 0.542188 0.027778 0.016667
0 0.996296 0.566146 0.007407 0.013542
0 1.000926 0.655208 0.016667 0.015625
0 0.526852 0.305729 0.029630 0.018750
0 0.570370 0.300521 0.031481 0.019792
0 0.637037 0.702604 0.027778 0.016667
0 0.572222 0.285417 0.024074 0.013542
0 0.652778 0.316146 0.020370 0.013542
0 0.715741 0.483854 0.024074 0.013542
0 0.614815 0.505208 0.027778 0.014583
0 0.686111 0.301563 0.024074 0.013542
0 0.601852 0.570312 0.025926 0.014583
0 0.679630 0.293750 0.025926 0.014583
0 0.642593 0.502083 0.027778 0.016667
0 0.993519 0.523438 0.009259 0.011458
0 0.661111 0.476042 0.022222 0.012500
0 0.602778 0.570312 0.025926 0.014583
0 0.643519 0.502083 0.025926 0.015625
0 0.674074 0.272917 0.025926 0.015625
0 0.659259 0.491146 0.022222 0.013542
0 0.632407 0.300521 0.022222 0.016667
0 0.996296 0.675000 0.007407 0.018750
0 0.699074 0.491146 0.024074 0.013542
0 0.652778 0.305208 0.020370 0.012500
0 0.689815 0.481250 0.022222 0.013542
0 0.725000 0.468229 0.024074 0.011458
0 0.736111 0.301563 0.024074 0.015625
0 0.997222 0.267708 0.005556 0.016667
0 0.836111 0.482292 0.027778 0.015625
0 0.782407 0.300000 0.024074 0.015625
0 0.989815 0.675000 0.018519 0.022917
0 0.901852 0.391667 0.033333 0.019792
0 0.842593 0.419271 0.020370 0.011458
0 0.997222 0.505208 0.003704 0.017708
0 0.991667 0.670833 0.014815 0.016667
0 0.997222 0.687500 0.003704 0.016667
0 0.989815 0.665104 0.018519 0.010417
0 0.995370 0.733333 0.005556 0.016667
0 0.993519 0.671875 0.011111 0.017708
0 0.995370 0.345833 0.009259 0.014583
0 0.993519 0.346875 0.012963 0.013542
0 0.994444 0.658854 0.009259 0.012500
0 1.004630 0.384375 0.012963 0.017708
0 0.995370 0.388021 0.005556 0.012500
0 0.994444 0.675521 0.009259 0.015625
0 0.996296 0.460417 0.007407 0.019792
0 0.992593 0.700000 0.012963 0.016667
0 0.996296 0.480729 0.003704 0.010417
