0 0.993519 0.540104 0.012963 0.023958
0 0.113889 0.289583 0.022222 0.012500
0 0.993519 0.533333 0.011111 0.022917
0 0.989815 0.753125 0.018519 0.018750
0 0.994444 0.671354 0.007407 0.013542
0 0.996296 0.767708 0.014815 0.008333
0 0.994444 0.229167 0.009259 0.018750
0 0.995370 0.496875 0.007407 0.021875
0 0.991667 0.735938 0.014815 0.014583
0 0.921296 0.273438 0.035185 0.018750
0 0.578704 0.494271 0.024074 0.013542
0 0.997222 0.532292 0.022222 0.017708
0 0.933333 0.707812 0.042593 0.022917
0 0.992593 0.708854 0.012963 0.017708
0 0.995370 0.445312 0.009259 0.020833
0 0.669444 0.692187 0.027778 0.016667
0 0.869444 0.784375 0.033333 0.019792
0 0.994444 0.375521 0.009259 0.022917
0 0.994444 0.260937 0.009259 0.014583
0 0.993519 0.661979 0.011111 0.020833
0 0.993519 0.727604 0.011111 0.020833
0 0.993519 0.413542 0.012963 0.022917
0 0.994444 0.648438 0.007407 0.019792
0 0.993519 0.773958 0.011111 0.016667
0 0.992593 0.751563 0.012963 0.025000
0 0.992593 0.673438 0.014815 0.022917
0 0.995370 0.654167 0.005556 0.010417
0 0.700926 0.696354 0.031481 0.017708
0 0.997222 0.794271 0.029630 0.016667
0 0.993519 0.538021 0.012963 0.025000
0 0.997222 0.678646 0.033333 0.014583
0 1.000926 0.664062 0.022222 0.015625
0 0.995370 0.653125 0.031481 0.014583
0 0.551852 0.466667 0.025926 0.015625
0 0.990741 0.525521 0.018519 0.027083
0 0.602778 0.656250 0.029630 0.017708
0 0.994444 0.625000 0.009259 0.025000
0 0.993519 0.534896 0.012963 0.019792
0 0.971296 0.695833 0.051852 0.025000
0 0.181481 0.297396 0.025926 0.014583
0 0.181481 0.479687 0.031481 0.015625
0 0.630556 0.280208 0.025926 0.013542
0 0.146296 0.298438 0.027778 0.014583
0 0.152778 0.468229 0.024074 0.010417
0 0.895370 0.795312 0.038889 0.025000
0 0.109259 0.313021 0.024074 0.014583
0 0.123148 0.480208 0.025926 0.011458
0 0.100000 0.302604 0.024074 0.013542
0 0.111111 0.490104 0.025926 0.014583
0 0.784259 0.641667 0.037037 0.019792
0 0.076852 0.298438 0.025926 0.014583
0 0.072222 0.490104 0.025926 0.016667
0 0.060185 0.270833 0.025926 0.014583
0 0.039815 0.497396 0.025926 0.014583
0 0.025000 0.506771 0.024074 0.014583
0 0.892593 0.692708 0.025926 0.013542
0 0.008333 0.571875 0.016667 0.014583
0 0.060185 0.475521 0.022222 0.011458
0 0.663889 0.520312 0.020370 0.011458
0 0.011111 0.503125 0.022222 0.016667
0 0.828704 0.539062 0.024074 0.012500
0 0.863889 0.621875 0.031481 0.017708
0 0.210185 0.389583 0.035185 0.018750
0 0.243519 0.407292 0.022222 0.010417
0 0.197222 0.421354 0.020370 0.011458
0 0.646296 0.517708 0.024074 0.013542
0 0.220370 0.382812 0.018519 0.011458
0 0.468519 0.686458 0.035185 0.020833
0 0.888889 0.295833 0.024074 0.012500
0 0.455556 0.712500 0.031481 0.018750
0 0.992593 0.683333 0.014815 0.028125
0 0.678704 0.570833 0.027778 0.013542
0 0.523148 0.663542 0.020370 0.011458
0 0.521296 0.678646 0.033333 0.018750
0 0.997222 0.652083 0.014815 0.022917
0 0.491667 0.711458 0.029630 0.017708
0 0.518519 0.686979 0.022222 0.012500
0 1.034259 0.635938 0.103704 0.058333
0 0.754630 0.702083 0.031481 0.014583
0 0.555556 0.346354 0.029630 0.016667
0 0.605556 0.289062 0.025926 0.014583
0 0.419444 0.666667 0.031481 0.018750
0 0.898148 0.665104 0.046296 0.021875
0 0.555556 0.367188 0.027778 0.016667
0 0.934259 0.707812 0.042593 0.022917
0 0.576852 0.382292 0.027778 0.015625
