0 0.423148 0.501563 0.022222 0.012500
0 0.027778 0.386979 0.016667 0.012500
0 0.148148 0.672917 0.037037 0.019792
0 0.676852 0.286979 0.022222 0.015625
0 0.153704 0.697917 0.033333 0.019792
0 0.813889 0.665104 0.038889 0.023958
0 0.414815 0.555208 0.022222 0.012500
0 0.201852 0.648958 0.024074 0.012500
0 0.200000 0.664583 0.037037 0.020833
0 0.998148 0.449479 0.027778 0.017708
0 0.782407 0.659896 0.031481 0.020833
0 0.191667 0.696354 0.029630 0.017708
0 0.210185 0.671875 0.035185 0.017708
0 0.677778 0.548958 0.022222 0.012500
0 0.851852 0.661979 0.025926 0.014583
0 0.487037 0.686979 0.025926 0.014583
0 0.283333 0.328646 0.033333 0.016667
0 0.391667 0.259375 0.018519 0.019792
0 0.548148 0.650521 0.040741 0.022917
0 0.000000 0.000000 0.000000 0.000000
0 0.991667 0.588542 0.012963 0.019792
0 0.292593 0.351042 0.033333 0.018750
0 0.996296 0.484375 0.022222 0.012500
0 0.583333 0.693750 0.037037 0.021875
0 0.309259 0.365104 0.029630 0.015625
0 0.329630 0.641667 0.029630 0.017708
0 0.916667 0.576042 0.048148 0.027083
0 0.989815 0.272917 0.031481 0.015625
0 0.703704 0.519792 0.038889 0.021875
0 0.613889 0.682292 0.042593 0.022917
0 0.992593 0.550000 0.011111 0.017708
0 0.993519 0.486458 0.011111 0.021875
0 0.988889 0.388542 0.020370 0.022917
0 0.766667 0.734375 0.031481 0.017708
0 0.993519 0.711458 0.012963 0.018750
0 0.999074 0.369792 0.033333 0.023958
0 0.813889 0.762500 0.029630 0.015625
0 0.949074 0.219271 0.038889 0.023958
0 0.995370 0.530729 0.007407 0.021875
0 0.990741 0.728125 0.016667 0.016667
0 0.678704 0.256250 0.031481 0.018750
0 0.338889 0.477604 0.024074 0.013542
0 0.997222 0.513021 0.024074 0.018750
0 0.487037 0.265625 0.033333 0.018750
0 0.582407 0.693750 0.038889 0.021875
0 0.695370 0.688021 0.029630 0.018750
0 0.665741 0.434896 0.037037 0.020833
0 0.393519 0.676562 0.027778 0.016667
0 0.592593 0.781250 0.037037 0.022917
0 0.762963 0.359375 0.040741 0.022917
0 0.785185 0.770312 0.024074 0.013542
0 0.987963 0.335938 0.029630 0.017708
0 0.995370 0.590625 0.007407 0.022917
0 0.992593 0.264062 0.012963 0.022917
0 0.700000 0.654167 0.035185 0.019792
0 0.985185 0.591667 0.025926 0.020833
0 1.004630 0.500521 0.061111 0.030208
0 0.697222 0.714063 0.033333 0.018750
0 0.994444 0.678646 0.011111 0.020833
0 0.956481 0.547917 0.042593 0.022917
0 0.439815 0.675521 0.020370 0.012500
0 0.998148 0.692187 0.037037 0.020833
0 0.663889 0.646354 0.022222 0.015625
0 0.991667 0.574479 0.016667 0.018750
0 0.991667 0.536979 0.033333 0.018750
0 0.993519 0.525000 0.011111 0.019792
0 0.989815 0.278646 0.025926 0.015625
0 1.007407 0.570312 0.029630 0.017708
0 0.420370 0.681250 0.029630 0.015625
0 1.004630 0.538542 0.025926 0.019792
0 0.694444 0.665104 0.033333 0.016667
0 0.781481 0.659896 0.037037 0.020833
0 1.003704 0.267188 0.029630 0.016667
0 0.996296 0.415104 0.005556 0.015625
0 0.974074 0.721354 0.042593 0.021875
0 0.993519 0.596354 0.012963 0.020833
0 0.732407 0.772917 0.031481 0.018750
0 0.813889 0.664583 0.040741 0.023958
0 0.995370 0.481771 0.005556 0.018750
0 0.789815 0.381771 0.042593 0.022917
0 0.683333 0.538542 0.027778 0.015625
0 0.330556 0.308333 0.018519 0.009375
0 1.003704 0.294271 0.022222 0.015625
0 0.882407 0.632812 0.035185 0.015625
0 0.304630 0.450000 0.029630 0.016667
0 0.990741 0.536458 0.016667 0.026042
