0 0.075926 0.256771 0.027778 0.015625
0 0.720370 0.274479 0.020370 0.014583
0 0.661111 0.521354 0.035185 0.017708
0 0.612037 0.282292 0.022222 0.013542
0 0.059259 0.474479 0.025926 0.014583
0 0.391667 0.255729 0.031481 0.019792
0 0.588889 0.723437 0.035185 0.020833
0 0.674074 0.543229 0.042593 0.023958
0 0.508333 0.216146 0.038889 0.023958
0 0.437963 0.762500 0.029630 0.016667
0 0.822222 0.384896 0.031481 0.019792
0 0.622222 0.718750 0.035185 0.020833
0 0.381481 0.734896 0.029630 0.016667
0 0.787963 0.379688 0.042593 0.022917
0 0.002778 0.360417 0.005556 0.013542
0 0.009259 0.636979 0.018519 0.018750
0 0.481481 0.575000 0.048148 0.026042
0 0.522222 0.483854 0.044444 0.025000
0 0.821296 0.530729 0.035185 0.019792
0 0.175000 0.679167 0.044444 0.025000
0 0.289815 0.517708 0.042593 0.021875
0 0.651852 0.271354 0.031481 0.019792
0 0.784259 0.579688 0.035185 0.019792
0 0.831481 0.341146 0.027778 0.016667
0 0.106481 0.287500 0.033333 0.017708
0 0.271296 0.355208 0.037037 0.023958
0 0.218519 0.777604 0.044444 0.025000
0 0.061111 0.674479 0.027778 0.014583
0 0.693519 0.488542 0.024074 0.011458
0 0.237037 0.431771 0.040741 0.020833
0 0.265741 0.652083 0.037037 0.019792
0 0.626852 0.262500 0.042593 0.027083
0 0.295370 0.685937 0.029630 0.017708
0 0.145370 0.690625 0.037037 0.020833
0 0.223148 0.364583 0.025926 0.012500
0 0.786111 0.538542 0.037037 0.020833
0 0.800926 0.353125 0.029630 0.013542
0 0.012963 0.447396 0.025926 0.013542
0 0.605556 0.552083 0.027778 0.017708
0 0.634259 0.530208 0.031481 0.019792
0 0.437037 0.632812 0.031481 0.017708
0 0.697222 0.288542 0.024074 0.016667
0 0.081481 0.268750 0.027778 0.013542
0 0.406481 0.447396 0.033333 0.018750
0 0.312037 0.543750 0.020370 0.012500
0 0.251852 0.365625 0.024074 0.009375
0 0.451852 0.215104 0.024074 0.013542
0 0.805556 0.561979 0.029630 0.016667
0 0.710185 0.637500 0.024074 0.014583
0 0.817593 0.573438 0.029630 0.015625
0 0.224074 0.642708 0.029630 0.016667
0 0.663889 0.704688 0.029630 0.012500
0 0.110185 0.647917 0.038889 0.017708
0 0.848148 0.543229 0.031481 0.017708
0 0.490741 0.546354 0.040741 0.022917
0 0.409259 0.769792 0.027778 0.016667
0 0.765741 0.521354 0.037037 0.019792
0 0.711111 0.282292 0.031481 0.017708
0 0.644444 0.575521 0.027778 0.015625
0 0.086111 0.678646 0.031481 0.016667
0 0.642593 0.551562 0.029630 0.017708
0 0.269444 0.663542 0.033333 0.014583
0 0.367593 0.661458 0.033333 0.017708
0 0.632407 0.248958 0.037037 0.017708
0 0.762963 0.433333 0.042593 0.026042
0 0.533333 0.722917 0.042593 0.020833
0 0.849074 0.564583 0.031481 0.018750
0 0.350000 0.772917 0.031481 0.017708
0 0.388889 0.666146 0.037037 0.021875
0 0.690741 0.503646 0.037037 0.021875
0 0.307407 0.378125 0.040741 0.021875
0 0.665741 0.691667 0.042593 0.023958
0 0.306481 0.713021 0.031481 0.018750
0 0.847222 0.513542 0.037037 0.019792
0 0.826852 0.577604 0.035185 0.018750
