0 0.669444 0.746354 0.031481 0.017708
0 0.989815 0.554688 0.024074 0.023958
0 0.231481 0.453125 0.027778 0.015625
0 0.906481 0.541146 0.022222 0.012500
0 0.772222 0.644792 0.035185 0.016667
0 0.961111 0.295312 0.022222 0.014583
0 0.251852 0.309896 0.018519 0.009375
0 0.586111 0.546354 0.027778 0.016667
0 0.992593 0.552083 0.033333 0.019792
0 0.999074 0.647396 0.025926 0.015625
0 0.990741 0.583854 0.016667 0.019792
0 0.550926 0.656771 0.025926 0.017708
0 0.950926 0.714583 0.025926 0.014583
0 0.350000 0.682292 0.020370 0.012500
0 0.846296 0.559375 0.038889 0.022917
0 0.687037 0.782813 0.025926 0.014583
0 0.992593 0.530208 0.011111 0.019792
0 0.966667 0.292187 0.024074 0.015625
0 0.940741 0.584375 0.025926 0.015625
0 0.330556 0.688021 0.029630 0.016667
0 0.921296 0.559896 0.025926 0.019792
0 0.587037 0.675521 0.037037 0.014583
0 0.680556 0.671354 0.031481 0.021875
0 0.979630 0.261458 0.027778 0.015625
0 0.996296 0.430729 0.007407 0.016667
0 0.866667 0.735938 0.044444 0.021875
0 0.992593 0.588021 0.011111 0.020833
0 0.633333 0.784896 0.031481 0.018750
0 0.706481 0.676562 0.040741 0.021875
0 0.996296 0.505208 0.007407 0.019792
0 0.679630 0.390104 0.042593 0.022917
0 0.978704 0.703646 0.040741 0.023958
0 0.597222 0.724479 0.031481 0.018750
0 0.993519 0.508333 0.048148 0.023958
0 0.987037 0.593229 0.025926 0.019792
0 0.590741 0.664062 0.037037 0.020833
0 0.971296 0.274479 0.038889 0.023958
0 0.995370 0.596354 0.007407 0.020833
0 0.989815 0.339062 0.029630 0.017708
0 0.400926 0.291146 0.025926 0.013542
0 0.650926 0.366667 0.040741 0.023958
0 0.491667 0.791146 0.042593 0.020833
0 0.303704 0.682813 0.025926 0.015625
0 0.564815 0.441667 0.038889 0.021875
0 0.593519 0.697917 0.031481 0.018750
0 0.471296 0.703646 0.037037 0.022917
0 0.374074 0.268229 0.031481 0.018750
0 0.976852 0.290104 0.018519 0.014583
0 0.924074 0.529687 0.033333 0.018750
0 0.269444 0.480729 0.025926 0.014583
0 0.618519 0.260417 0.031481 0.018750
0 0.910185 0.735938 0.035185 0.017708
0 0.989815 0.554688 0.020370 0.025000
0 0.854630 0.226562 0.040741 0.023958
0 0.715741 0.775000 0.027778 0.016667
0 1.000926 0.383333 0.031481 0.021875
0 0.942593 0.732292 0.035185 0.019792
0 0.988889 0.397396 0.020370 0.021875
0 0.899074 0.497917 0.046296 0.025000
0 0.992593 0.550521 0.012963 0.019792
0 0.501852 0.691667 0.038889 0.022917
0 0.603704 0.528125 0.040741 0.021875
0 0.974074 0.282813 0.031481 0.015625
0 0.243519 0.646354 0.029630 0.017708
0 0.813889 0.587500 0.051852 0.027083
0 0.625926 0.294271 0.025926 0.011458
0 0.041667 0.677604 0.037037 0.020833
0 0.053704 0.702083 0.033333 0.019792
0 0.704630 0.675000 0.031481 0.019792
0 0.336111 0.559896 0.025926 0.014583
0 0.099074 0.653646 0.025926 0.015625
0 0.094444 0.668750 0.037037 0.019792
0 0.981481 0.445312 0.029630 0.019792
0 0.679630 0.670833 0.031481 0.020833
0 0.092593 0.701042 0.031481 0.018750
0 0.115741 0.676042 0.031481 0.018750
0 0.596296 0.560417 0.022222 0.013542
0 0.764815 0.671354 0.035185 0.018750
0 0.402778 0.693750 0.027778 0.014583
0 0.207407 0.329688 0.038889 0.017708
0 0.273148 0.260417 0.018519 0.019792
0 0.436111 0.659375 0.037037 0.021875
0 -0.075926 0.337500 0.000000 0.000000
0 0.991667 0.596354 0.012963 0.019792
0 0.215741 0.350521 0.029630 0.014583
0 0.944444 0.495833 0.022222 0.012500
0 0.469444 0.704167 0.035185 0.020833
0 0.231481 0.366667 0.029630 0.015625
