0 0.958333 0.268229 0.035185 0.018750
0 0.668519 0.276562 0.029630 0.014583
0 0.225000 0.479687 0.027778 0.015625
0 0.218519 0.296354 0.025926 0.014583
0 0.465741 0.665625 0.029630 0.017708
0 0.253704 0.389062 0.031481 0.018750
0 0.279630 0.405729 0.022222 0.010417
0 0.237037 0.420833 0.018519 0.010417
0 0.682407 0.515104 0.020370 0.013542
0 0.260185 0.382292 0.018519 0.011458
0 0.517593 0.685417 0.035185 0.020833
0 0.940741 0.292708 0.024074 0.011458
0 0.502778 0.710938 0.031481 0.018750
0 0.991667 0.690104 0.014815 0.027083
0 0.720370 0.568229 0.027778 0.013542
0 0.572222 0.661979 0.020370 0.010417
0 0.569444 0.677083 0.033333 0.017708
0 0.996296 0.665625 0.014815 0.023958
0 0.537963 0.709896 0.027778 0.017708
0 0.566667 0.685417 0.022222 0.012500
0 1.050926 0.610417 0.153704 0.086458
0 0.797222 0.699479 0.029630 0.014583
0 0.595370 0.344271 0.029630 0.016667
0 0.640741 0.286458 0.027778 0.015625
0 0.950000 0.661979 0.048148 0.021875
0 0.595370 0.364063 0.027778 0.014583
0 0.986111 0.703646 0.038889 0.022917
0 0.617593 0.380208 0.029630 0.015625
0 0.646296 0.654167 0.029630 0.017708
0 0.995370 0.636458 0.009259 0.025000
0 0.993519 0.550521 0.011111 0.018750
0 0.992593 0.693229 0.014815 0.022917
0 0.993519 0.536458 0.011111 0.021875
0 0.990741 0.756771 0.018519 0.018750
0 0.994444 0.665104 0.007407 0.012500
0 0.989815 0.766146 0.014815 0.008333
0 0.967593 0.232292 0.018519 0.012500
0 0.991667 0.736979 0.014815 0.014583
0 0.185185 0.297917 0.027778 0.015625
0 0.617593 0.492188 0.024074 0.013542
0 0.998148 0.523438 0.022222 0.017708
0 0.983333 0.705208 0.033333 0.022917
0 0.992593 0.709896 0.014815 0.017708
0 0.994444 0.446354 0.009259 0.021875
0 0.713889 0.689583 0.027778 0.016667
0 0.915741 0.781771 0.033333 0.019792
0 0.994444 0.376563 0.009259 0.023958
0 0.994444 0.262500 0.009259 0.014583
0 0.992593 0.660417 0.011111 0.019792
0 0.994444 0.721354 0.009259 0.018750
0 0.993519 0.414583 0.012963 0.022917
0 0.995370 0.631771 0.007407 0.019792
0 0.993519 0.770833 0.011111 0.018750
0 0.182407 0.466146 0.025926 0.013542
0 0.942593 0.793229 0.044444 0.026042
0 0.145370 0.311458 0.022222 0.013542
0 0.170370 0.480729 0.025926 0.012500
0 0.135185 0.302083 0.024074 0.014583
0 0.151852 0.489063 0.024074 0.013542
0 0.829630 0.639062 0.038889 0.019792
0 0.112037 0.297396 0.025926 0.015625
0 0.112963 0.489063 0.024074 0.015625
0 0.099074 0.270313 0.027778 0.015625
0 0.082407 0.497396 0.024074 0.014583
0 0.066667 0.505729 0.025926 0.014583
0 0.934259 0.689583 0.022222 0.013542
0 0.047222 0.570833 0.022222 0.013542
0 0.102778 0.475000 0.024074 0.011458
0 0.700000 0.518229 0.022222 0.012500
0 0.052778 0.502083 0.029630 0.016667
0 0.867593 0.535417 0.024074 0.011458
0 0.912963 0.619792 0.029630 0.018750
0 0.151852 0.288542 0.024074 0.012500
0 0.029630 0.569792 0.027778 0.015625
0 0.168519 0.298438 0.020370 0.012500
0 0.822222 0.381771 0.029630 0.017708
0 0.029630 0.561979 0.024074 0.010417
0 0.038889 0.505729 0.022222 0.012500
0 0.203704 0.480729 0.022222 0.013542
0 1.000926 0.666667 0.022222 0.014583
0 0.995370 0.647917 0.031481 0.014583
0 0.591667 0.464583 0.027778 0.016667
0 0.999074 0.676042 0.033333 0.014583
0 0.993519 0.548958 0.012963 0.025000
0 0.996296 0.813021 0.027778 0.016667
0 0.746296 0.693750 0.035185 0.017708
0 0.995370 0.652083 0.005556 0.011458
0 0.991667 0.661979 0.016667 0.025000
0 0.992593 0.752604 0.012963 0.026042
