0 0.963889 0.392188 0.029630 0.015625
0 0.833333 0.536458 0.020370 0.010417
0 0.675000 0.693229 0.024074 0.015625
0 0.013889 0.301563 0.027778 0.018750
0 0.043519 0.296875 0.037037 0.020833
0 0.049074 0.690104 0.031481 0.016667
0 0.061111 0.283333 0.033333 0.018750
0 0.372222 0.382812 0.022222 0.012500
0 0.095370 0.549479 0.020370 0.011458
0 0.322222 0.477604 0.020370 0.011458
0 0.171296 0.497917 0.022222 0.013542
0 0.156481 0.553125 0.024074 0.010417
0 0.304630 0.297396 0.020370 0.011458
0 0.157407 0.561458 0.029630 0.014583
0 0.291667 0.288021 0.025926 0.013542
0 0.995370 0.635938 0.007407 0.022917
0 1.005556 0.544271 0.024074 0.011458
0 0.186111 0.494792 0.029630 0.016667
0 0.818519 0.526563 0.022222 0.012500
0 0.232407 0.469271 0.022222 0.011458
0 0.157407 0.561458 0.029630 0.014583
0 0.993519 0.694792 0.011111 0.015625
0 0.187037 0.495312 0.029630 0.015625
0 0.209259 0.490625 0.022222 0.013542
0 0.246296 0.269271 0.025926 0.015625
0 0.238889 0.483333 0.025926 0.015625
0 0.250926 0.296354 0.025926 0.014583
0 0.960185 0.652604 0.040741 0.020833
0 0.277778 0.484375 0.024074 0.013542
0 0.271296 0.300521 0.020370 0.013542
0 0.295370 0.476042 0.025926 0.012500
0 0.279630 0.310937 0.020370 0.013542
0 0.994444 0.797917 0.011111 0.023958
0 0.306481 0.461979 0.025926 0.013542
0 0.994444 0.716146 0.009259 0.017708
0 0.325926 0.296875 0.027778 0.014583
0 0.812037 0.283333 0.027778 0.016667
0 0.357407 0.476562 0.025926 0.015625
0 0.359259 0.296354 0.024074 0.014583
0 0.591667 0.667708 0.033333 0.018750
0 0.396296 0.387500 0.029630 0.017708
0 0.404630 0.405208 0.020370 0.010417
0 0.372222 0.418750 0.014815 0.008333
0 0.801852 0.523438 0.022222 0.013542
0 0.400926 0.380208 0.016667 0.010417
0 0.650000 0.690104 0.035185 0.020833
0 0.995370 0.315104 0.022222 0.011458
0 0.626852 0.715104 0.029630 0.018750
0 0.991667 0.691667 0.014815 0.029167
0 0.847222 0.577083 0.022222 0.012500
0 0.703704 0.683333 0.033333 0.018750
0 0.997222 0.703125 0.016667 0.026042
0 0.662963 0.714583 0.029630 0.017708
0 0.700000 0.690625 0.020370 0.011458
0 0.916667 0.713542 0.027778 0.015625
0 0.740741 0.350000 0.031481 0.016667
0 0.781481 0.292708 0.027778 0.015625
0 0.991667 0.679688 0.016667 0.020833
0 0.736111 0.369271 0.027778 0.014583
0 0.994444 0.731250 0.011111 0.020833
0 0.759259 0.386458 0.027778 0.015625
0 0.766667 0.662500 0.031481 0.017708
0 0.994444 0.656250 0.009259 0.025000
0 0.994444 0.550521 0.011111 0.018750
0 0.991667 0.729167 0.016667 0.026042
0 0.990741 0.755729 0.018519 0.018750
0 0.991667 0.766667 0.014815 0.008333
0 0.990741 0.232292 0.020370 0.011458
0 0.992593 0.271354 0.012963 0.018750
0 0.741667 0.497917 0.024074 0.013542
0 0.989815 0.731771 0.016667 0.022917
0 0.991667 0.707292 0.014815 0.019792
0 0.994444 0.480208 0.009259 0.022917
0 0.834259 0.700521 0.029630 0.018750
0 0.992593 0.794271 0.014815 0.018750
0 0.994444 0.361979 0.009259 0.022917
0 0.994444 0.259896 0.007407 0.014583
0 0.994444 0.645833 0.011111 0.018750
0 0.867593 0.706250 0.031481 0.017708
0 0.992593 0.523438 0.012963 0.028125
0 0.998148 0.681250 0.033333 0.014583
0 0.995370 0.636458 0.031481 0.014583
0 0.720370 0.470833 0.027778 0.017708
0 0.993519 0.420312 0.012963 0.022917
0 0.995370 0.603646 0.009259 0.020833
0 0.993519 0.782292 0.012963 0.019792
0 0.994444 0.681250 0.009259 0.019792
0 0.995370 0.644792 0.007407 0.012500
