0 0.011111 0.730729 0.022222 0.018750
0 0.329630 0.351042 0.024074 0.015625
0 0.042593 0.294271 0.031481 0.016667
0 0.050926 0.739583 0.038889 0.020833
0 0.135185 0.601562 0.022222 0.010417
0 0.437963 0.316667 0.027778 0.017708
0 0.098148 0.702083 0.037037 0.020833
0 0.990741 0.462500 0.018519 0.012500
0 0.180556 0.511979 0.029630 0.016667
0 0.657407 0.313021 0.024074 0.014583
0 0.006481 0.721354 0.012963 0.021875
0 0.019444 0.645312 0.035185 0.018750
0 0.640741 0.314583 0.022222 0.014583
0 0.992593 0.322396 0.012963 0.011458
0 0.411111 0.356771 0.025926 0.014583
0 0.333333 0.715625 0.029630 0.015625
0 0.384259 0.555729 0.027778 0.017708
0 0.996296 0.561979 0.007407 0.012500
0 1.000926 0.672396 0.018519 0.016667
0 0.417593 0.319271 0.029630 0.018750
0 0.460185 0.314583 0.029630 0.019792
0 0.518519 0.714063 0.029630 0.016667
0 0.463889 0.299479 0.025926 0.014583
0 0.681481 0.400000 0.022222 0.012500
0 0.449074 0.571354 0.029630 0.014583
0 0.621296 0.495312 0.024074 0.013542
0 0.520370 0.517708 0.022222 0.013542
0 0.596296 0.314063 0.022222 0.013542
0 0.504630 0.581250 0.024074 0.014583
0 0.588889 0.305729 0.024074 0.014583
0 0.544444 0.513021 0.025926 0.016667
0 0.993519 0.532813 0.009259 0.011458
0 0.564815 0.487500 0.022222 0.011458
0 0.506481 0.581250 0.025926 0.014583
0 0.545370 0.513542 0.027778 0.016667
0 0.553704 0.509896 0.016667 0.011458
0 0.575926 0.285938 0.024074 0.014583
0 0.564815 0.502083 0.024074 0.013542
0 0.543519 0.313542 0.025926 0.014583
0 0.995370 0.681250 0.005556 0.017708
0 0.604630 0.502604 0.024074 0.014583
0 0.563889 0.317188 0.020370 0.014583
0 0.601852 0.491667 0.025926 0.012500
0 0.564815 0.327604 0.020370 0.013542
0 0.629630 0.480208 0.022222 0.011458
0 0.640741 0.313542 0.024074 0.015625
0 0.996296 0.268229 0.003704 0.016667
0 0.732407 0.493750 0.027778 0.014583
0 0.685185 0.312500 0.024074 0.014583
0 0.989815 0.681250 0.018519 0.021875
0 0.789815 0.404687 0.031481 0.019792
0 0.735185 0.431250 0.020370 0.010417
0 0.997222 0.504167 0.003704 0.017708
0 0.990741 0.690104 0.014815 0.017708
0 0.997222 0.705208 0.003704 0.017708
0 0.988889 0.666146 0.020370 0.011458
0 0.996296 0.739583 0.007407 0.016667
0 0.992593 0.693229 0.011111 0.019792
0 0.995370 0.355729 0.009259 0.014583
0 0.992593 0.338542 0.011111 0.013542
0 0.993519 0.664583 0.009259 0.013542
0 0.955556 0.388021 0.009259 0.013542
0 0.995370 0.398958 0.007407 0.013542
0 0.992593 0.680208 0.009259 0.017708
0 0.993519 0.593750 0.011111 0.028125
0 0.996296 0.477083 0.007407 0.020833
0 0.996296 0.713542 0.005556 0.014583
0 0.994444 0.712500 0.009259 0.013542
0 0.999074 0.435937 0.000000 0.000000
0 0.996296 0.480729 0.003704 0.011458
0 0.992593 0.712500 0.014815 0.017708
0 0.185185 0.488542 0.033333 0.017708
0 0.996296 0.653646 0.024074 0.017708
0 0.401852 0.314063 0.024074 0.018750
0 0.457407 0.581771 0.022222 0.014583
0 0.624074 0.193229 0.011111 0.007292
