0 0.990741 0.736979 0.018519 0.023958
0 0.304630 0.586458 0.018519 0.011458
0 0.965741 0.670312 0.033333 0.017708
0 0.994444 0.579688 0.011111 0.025000
0 0.989815 0.785417 0.016667 0.029167
0 0.989815 0.773438 0.016667 0.017708
0 0.990741 0.250000 0.018519 0.010417
0 0.992593 0.279687 0.011111 0.016667
0 0.902778 0.506771 0.025926 0.014583
0 0.996296 0.717708 0.007407 0.014583
0 0.994444 0.532292 0.009259 0.022917
0 0.993519 0.708333 0.009259 0.014583
0 0.993519 0.777604 0.012963 0.016667
0 0.994444 0.618750 0.009259 0.016667
0 0.995370 0.701562 0.005556 0.012500
0 1.000926 0.440104 0.001852 0.001042
0 0.992593 0.619271 0.014815 0.025000
0 0.993519 0.784375 0.012963 0.019792
0 0.994444 0.622396 0.009259 0.020833
0 0.994444 0.645833 0.009259 0.016667
0 0.995370 0.705208 0.012963 0.018750
0 0.991667 0.573438 0.016667 0.033333
0 0.884259 0.479167 0.027778 0.015625
0 0.996296 0.684375 0.005556 0.017708
0 0.429630 0.505208 0.022222 0.014583
0 0.397222 0.323958 0.020370 0.013542
0 0.428704 0.494792 0.022222 0.010417
0 0.403704 0.333854 0.022222 0.014583
0 0.992593 0.765625 0.012963 0.033333
0 0.455556 0.482292 0.024074 0.011458
0 0.466667 0.318750 0.029630 0.014583
0 0.964815 0.292187 0.029630 0.016667
0 0.527778 0.495312 0.027778 0.015625
0 0.499074 0.317188 0.024074 0.015625
0 0.930556 0.395313 0.031481 0.015625
0 0.800926 0.679688 0.033333 0.020833
0 0.568519 0.406771 0.029630 0.018750
0 0.536111 0.422917 0.020370 0.010417
0 0.534259 0.438542 0.011111 0.006250
0 0.954630 0.530729 0.025926 0.013542
0 0.574074 0.398438 0.014815 0.008333
0 0.883333 0.701042 0.037037 0.019792
0 0.995370 0.328646 0.018519 0.010417
0 0.847222 0.726562 0.033333 0.018750
0 0.995370 0.555208 0.020370 0.011458
0 0.937037 0.692187 0.035185 0.017708
0 0.996296 0.749479 0.016667 0.027083
0 0.882407 0.725521 0.029630 0.017708
0 0.992593 0.715104 0.014815 0.018750
0 0.911111 0.360417 0.031481 0.017708
0 0.929630 0.301563 0.025926 0.013542
0 0.990741 0.698438 0.018519 0.023958
0 0.994444 0.724479 0.011111 0.020833
0 0.902778 0.379688 0.027778 0.015625
0 0.434259 0.200000 0.011111 0.006250
0 0.457407 0.319271 0.020370 0.013542
0 0.974074 0.321354 0.033333 0.015625
0 0.112037 0.364583 0.031481 0.016667
0 0.200000 0.718750 0.024074 0.013542
0 0.165741 0.561979 0.029630 0.017708
0 0.987963 0.543750 0.024074 0.012500
0 0.905556 0.701042 0.025926 0.016667
0 0.187037 0.331771 0.031481 0.017708
0 0.220370 0.327083 0.040741 0.019792
0 0.275000 0.716667 0.029630 0.016667
0 0.232407 0.313021 0.033333 0.016667
0 0.509259 0.402604 0.024074 0.012500
0 0.286111 0.579167 0.022222 0.012500
0 0.466667 0.496875 0.020370 0.011458
0 0.333333 0.521354 0.020370 0.013542
0 0.325000 0.576562 0.024074 0.010417
0 0.996296 0.413021 0.003704 0.014583
0 0.431481 0.319792 0.022222 0.012500
0 0.321296 0.584896 0.029630 0.014583
0 0.419444 0.311979 0.025926 0.014583
0 0.995370 0.686458 0.007407 0.022917
0 0.994444 0.572396 0.025926 0.012500
0 0.351852 0.518750 0.029630 0.017708
0 0.966667 0.533854 0.020370 0.012500
0 0.386111 0.491146 0.022222 0.012500
0 0.323148 0.585417 0.024074 0.013542
0 0.993519 0.684896 0.011111 0.015625
0 0.351852 0.518750 0.029630 0.016667
0 0.363889 0.514062 0.020370 0.013542
0 0.385185 0.294271 0.024074 0.015625
0 0.390741 0.505208 0.024074 0.015625
0 0.378704 0.319792 0.024074 0.015625
