0 0.982407 0.797917 0.035185 0.025000
0 0.225926 0.462500 0.025926 0.013542
0 0.235185 0.294792 0.027778 0.014583
0 0.725000 0.277083 0.029630 0.015625
0 0.272222 0.476562 0.025926 0.015625
0 0.269444 0.293750 0.025926 0.014583
0 0.509259 0.664583 0.031481 0.019792
0 0.303704 0.386979 0.029630 0.018750
0 0.325000 0.403646 0.020370 0.010417
0 0.286111 0.418229 0.016667 0.009375
0 0.725926 0.516667 0.022222 0.013542
0 0.311111 0.379688 0.018519 0.010417
0 0.562963 0.685937 0.035185 0.020833
0 1.000000 0.297917 0.022222 0.011458
0 0.545370 0.710938 0.031481 0.018750
0 0.991667 0.685417 0.014815 0.028125
0 0.202778 0.285417 0.025926 0.012500
0 0.075000 0.564583 0.025926 0.014583
0 0.217593 0.295833 0.020370 0.012500
0 0.875000 0.383333 0.033333 0.016667
0 0.075000 0.556250 0.024074 0.010417
0 0.086111 0.501042 0.022222 0.012500
0 0.245370 0.478125 0.024074 0.014583
0 0.010185 0.553646 0.020370 0.013542
0 0.965741 0.624479 0.031481 0.019792
0 0.917593 0.537500 0.024074 0.011458
0 0.101852 0.496875 0.029630 0.015625
0 0.744444 0.518750 0.022222 0.011458
0 0.149074 0.470833 0.020370 0.012500
0 0.089815 0.565625 0.024074 0.013542
0 0.979630 0.694271 0.024074 0.014583
0 0.112963 0.500521 0.022222 0.013542
0 0.128704 0.492708 0.022222 0.013542
0 0.151852 0.267188 0.027778 0.014583
0 0.159259 0.484896 0.022222 0.014583
0 0.162963 0.294792 0.025926 0.014583
0 0.875000 0.643229 0.037037 0.019792
0 0.198148 0.485417 0.025926 0.014583
0 0.185185 0.298958 0.022222 0.013542
0 0.215741 0.477083 0.025926 0.012500
0 0.193519 0.308854 0.022222 0.013542
0 0.995370 0.640104 0.031481 0.014583
0 0.994444 0.453646 0.009259 0.021875
0 0.756481 0.692187 0.027778 0.017708
0 0.960185 0.787500 0.033333 0.019792
0 0.994444 0.380208 0.009259 0.022917
0 0.994444 0.258333 0.007407 0.014583
0 0.994444 0.655208 0.011111 0.019792
0 0.993519 0.717187 0.009259 0.018750
0 0.993519 0.414583 0.012963 0.023958
0 0.995370 0.623958 0.009259 0.020833
0 0.990741 0.775521 0.011111 0.018750
0 0.992593 0.758854 0.012963 0.026042
0 0.989815 0.667708 0.020370 0.019792
0 0.995370 0.642188 0.005556 0.011458
0 0.788889 0.697396 0.033333 0.017708
0 0.992593 0.540104 0.012963 0.027083
0 1.000000 0.680208 0.033333 0.014583
0 1.000926 0.679688 0.022222 0.015625
0 0.992593 0.712500 0.014815 0.018750
0 0.637037 0.465104 0.027778 0.015625
0 0.765741 0.570312 0.025926 0.013542
0 0.617593 0.663021 0.018519 0.010417
0 0.615741 0.678125 0.033333 0.017708
0 0.997222 0.688542 0.014815 0.023958
0 0.581481 0.709896 0.029630 0.017708
0 0.612037 0.685937 0.022222 0.011458
0 1.073148 0.594271 0.242593 0.137500
0 0.839815 0.703125 0.029630 0.013542
0 0.648148 0.344792 0.031481 0.017708
0 0.691667 0.286458 0.027778 0.015625
0 0.991667 0.667708 0.025926 0.019792
0 0.646296 0.364063 0.029630 0.015625
0 0.994444 0.711979 0.011111 0.020833
0 0.668519 0.380729 0.029630 0.015625
0 0.688889 0.656250 0.027778 0.017708
0 0.994444 0.642188 0.009259 0.023958
0 0.993519 0.542708 0.011111 0.018750
0 0.991667 0.716146 0.014815 0.022917
0 0.992593 0.536458 0.011111 0.021875
0 0.990741 0.752604 0.018519 0.018750
0 0.993519 0.772917 0.014815 0.008333
0 0.989815 0.232292 0.020370 0.011458
0 0.991667 0.733333 0.014815 0.014583
0 0.992593 0.266667 0.012963 0.018750
0 0.662037 0.492708 0.024074 0.013542
0 0.992593 0.718229 0.016667 0.022917
