0 0.533333 0.326562 0.020370 0.012500
0 0.425926 0.589063 0.024074 0.014583
0 0.400000 0.719792 0.029630 0.018750
0 0.369444 0.314583 0.031481 0.015625
0 0.614815 0.410417 0.024074 0.012500
0 0.376852 0.581771 0.024074 0.016667
0 0.567593 0.504167 0.018519 0.010417
0 0.446296 0.525000 0.027778 0.014583
0 0.428704 0.580729 0.025926 0.011458
0 0.996296 0.441146 0.005556 0.015625
0 0.426852 0.589583 0.025926 0.014583
0 0.524074 0.318750 0.024074 0.015625
0 0.995370 0.729167 0.007407 0.022917
0 0.995370 0.607292 0.025926 0.011458
0 0.462037 0.521354 0.029630 0.015625
0 0.994444 0.528646 0.009259 0.011458
0 0.490741 0.496354 0.022222 0.012500
0 0.993519 0.695312 0.011111 0.015625
0 0.462963 0.521875 0.025926 0.016667
0 0.472222 0.517188 0.018519 0.012500
0 0.501852 0.300000 0.024074 0.015625
0 0.492593 0.510417 0.024074 0.014583
0 0.481481 0.326562 0.025926 0.013542
0 0.995370 0.698438 0.005556 0.018750
0 0.532407 0.510938 0.024074 0.014583
0 0.501852 0.329688 0.022222 0.012500
0 0.528704 0.501042 0.024074 0.011458
0 0.504630 0.340104 0.022222 0.012500
0 0.991667 0.769271 0.016667 0.038542
0 0.558333 0.489063 0.022222 0.012500
0 0.569444 0.327083 0.022222 0.014583
0 0.997222 0.279167 0.005556 0.016667
0 0.643519 0.502083 0.025926 0.015625
0 0.612037 0.325000 0.024074 0.015625
0 0.924074 0.692708 0.033333 0.019792
0 0.695370 0.414062 0.029630 0.017708
0 0.641667 0.430729 0.020370 0.011458
0 0.997222 0.520833 0.003704 0.018750
0 1.000000 0.715104 0.016667 0.017708
0 0.973148 0.741667 0.035185 0.019792
0 0.995370 0.539062 0.020370 0.011458
0 1.000000 0.669792 0.022222 0.012500
0 0.996296 0.740625 0.007407 0.018750
0 0.991667 0.727083 0.014815 0.020833
0 0.995370 0.369792 0.009259 0.014583
0 0.992593 0.318229 0.012963 0.014583
0 0.992593 0.682813 0.012963 0.016667
0 0.987037 0.398958 0.009259 0.013542
0 0.994444 0.745833 0.011111 0.019792
0 0.994444 0.414062 0.007407 0.014583
0 0.992593 0.680729 0.012963 0.017708
0 0.994444 0.603646 0.011111 0.027083
0 0.989815 0.820312 0.020370 0.031250
0 0.989815 0.253646 0.018519 0.010417
0 0.993519 0.275000 0.011111 0.015625
0 0.996296 0.511458 0.007407 0.020833
0 0.990741 0.758333 0.016667 0.022917
0 0.996296 0.727083 0.005556 0.014583
0 0.994444 0.716667 0.009259 0.014583
0 0.993519 0.770312 0.012963 0.016667
0 0.999074 0.436458 0.000000 0.000000
0 0.991667 0.604167 0.014815 0.028125
0 0.995370 0.595313 0.009259 0.019792
0 0.992593 0.725521 0.014815 0.019792
0 0.993519 0.492708 0.012963 0.016667
0 0.962037 0.660417 0.029630 0.017708
0 0.309259 0.327604 0.022222 0.014583
0 0.396296 0.590104 0.022222 0.014583
0 0.552778 0.208854 0.009259 0.007292
0 0.567593 0.326562 0.020370 0.013542
0 0.990741 0.324479 0.014815 0.014583
0 0.261111 0.364063 0.029630 0.015625
0 0.256481 0.721875 0.029630 0.015625
0 0.282407 0.562500 0.029630 0.018750
0 0.996296 0.548438 0.007407 0.012500
0 0.997222 0.705208 0.018519 0.016667
0 0.324074 0.332813 0.029630 0.017708
0 0.362037 0.328646 0.033333 0.018750
0 0.020370 0.608333 0.022222 0.010417
0 0.345370 0.329688 0.025926 0.016667
0 0.025000 0.709375 0.037037 0.020833
0 0.974074 0.476042 0.025926 0.011458
0 0.088889 0.521875 0.029630 0.016667
0 0.583333 0.325521 0.022222 0.013542
0 0.079630 0.483333 0.025926 0.009375
