0 0.981481 0.398438 0.009259 0.013542
0 0.994444 0.750521 0.011111 0.020833
0 0.994444 0.410938 0.007407 0.015625
0 0.992593 0.680729 0.012963 0.017708
0 0.994444 0.602083 0.011111 0.026042
0 0.989815 0.826562 0.020370 0.031250
0 0.990741 0.254167 0.018519 0.010417
0 0.992593 0.274479 0.011111 0.015625
0 0.995370 0.511458 0.007407 0.020833
0 0.990741 0.760417 0.016667 0.022917
0 0.996296 0.730729 0.005556 0.014583
0 0.994444 0.718750 0.009259 0.013542
0 0.992593 0.770312 0.012963 0.016667
0 0.999074 0.435937 0.000000 0.000000
0 0.991667 0.605208 0.014815 0.028125
0 0.992593 0.730208 0.014815 0.019792
0 0.995370 0.596354 0.009259 0.019792
0 0.269444 0.361458 0.029630 0.016667
0 0.262037 0.721875 0.029630 0.015625
0 0.287037 0.560937 0.029630 0.017708
0 0.996296 0.550000 0.007407 0.012500
0 0.989815 0.708854 0.018519 0.016667
0 0.325000 0.331250 0.029630 0.018750
0 0.363889 0.326042 0.031481 0.018750
0 0.410185 0.719271 0.031481 0.016667
0 0.371296 0.312500 0.027778 0.015625
0 0.615741 0.409375 0.024074 0.012500
0 0.380556 0.580729 0.024074 0.015625
0 0.555556 0.504167 0.020370 0.011458
0 0.448148 0.524479 0.027778 0.014583
0 0.434259 0.579688 0.025926 0.011458
0 0.996296 0.441146 0.005556 0.015625
0 0.531481 0.325000 0.022222 0.013542
0 0.431481 0.588542 0.025926 0.013542
0 0.522222 0.317708 0.024074 0.014583
0 0.995370 0.732812 0.007407 0.022917
0 0.995370 0.607812 0.025926 0.011458
0 0.466667 0.520833 0.027778 0.016667
0 0.994444 0.528646 0.009259 0.011458
0 0.493519 0.495833 0.022222 0.012500
0 0.996296 0.491667 0.005556 0.013542
0 0.431481 0.588542 0.025926 0.013542
0 0.993519 0.698958 0.011111 0.015625
0 0.466667 0.520833 0.025926 0.016667
0 0.476852 0.517188 0.018519 0.012500
0 0.500926 0.298438 0.024074 0.015625
0 0.495370 0.509896 0.024074 0.014583
0 0.478704 0.325000 0.025926 0.013542
0 0.995370 0.697917 0.005556 0.018750
0 0.536111 0.510417 0.024074 0.014583
0 0.500000 0.328125 0.022222 0.012500
0 0.533333 0.499479 0.024074 0.011458
0 0.501852 0.338542 0.020370 0.012500
0 0.991667 0.771354 0.016667 0.038542
0 0.561111 0.488021 0.022222 0.012500
0 0.568519 0.326042 0.022222 0.013542
0 0.997222 0.275521 0.005556 0.016667
0 0.648148 0.501563 0.025926 0.015625
0 0.611111 0.323437 0.022222 0.015625
0 0.937037 0.692708 0.035185 0.020833
0 0.700000 0.413021 0.029630 0.017708
0 0.646296 0.429688 0.020370 0.010417
0 0.997222 0.520312 0.003704 0.018750
0 0.990741 0.713542 0.016667 0.017708
0 0.985185 0.742188 0.027778 0.019792
0 0.995370 0.536458 0.020370 0.011458
0 0.987963 0.667708 0.022222 0.013542
0 0.995370 0.736458 0.005556 0.017708
0 0.991667 0.730729 0.014815 0.020833
0 0.994444 0.371875 0.009259 0.014583
0 0.992593 0.319792 0.012963 0.014583
0 0.993519 0.680208 0.012963 0.016667
0 0.025926 0.606250 0.020370 0.009375
0 0.346296 0.327604 0.027778 0.017708
0 0.030556 0.707812 0.038889 0.019792
0 0.979630 0.475000 0.027778 0.012500
0 0.091667 0.519792 0.031481 0.016667
0 0.581481 0.323958 0.025926 0.014583
0 0.082407 0.482292 0.025926 0.009375
0 0.974074 0.660417 0.031481 0.018750
0 0.310185 0.326042 0.022222 0.016667
0 0.400000 0.589063 0.024074 0.014583
0 0.550000 0.207292 0.011111 0.007292
0 0.567593 0.325521 0.018519 0.013542
0 0.990741 0.325000 0.014815 0.014583
