0 0.996296 0.461458 0.014815 0.010417
0 0.500000 0.500521 0.031481 0.017708
0 0.919444 0.305208 0.025926 0.015625
0 0.495370 0.477604 0.027778 0.016667
0 0.996296 0.627083 0.024074 0.017708
0 0.738889 0.304688 0.037037 0.022917
0 0.701852 0.570312 0.020370 0.013542
0 0.882407 0.185938 0.011111 0.007292
0 0.895370 0.306771 0.024074 0.013542
0 0.639815 0.701042 0.020370 0.011458
0 0.746296 0.308854 0.029630 0.012500
0 0.781481 0.305729 0.031481 0.018750
0 0.864815 0.698958 0.029630 0.017708
0 0.781481 0.291667 0.024074 0.012500
0 0.961111 0.389062 0.014815 0.009375
0 0.704630 0.565104 0.014815 0.007292
0 0.997222 0.475521 0.003704 0.008333
0 0.995370 0.663542 0.005556 0.010417
0 0.994444 0.636979 0.007407 0.013542
0 0.997222 0.669792 0.003704 0.015625
0 0.788889 0.506771 0.031481 0.013542
0 0.996296 0.395313 0.007407 0.017708
0 0.987963 0.663542 0.022222 0.027083
0 0.944444 0.304688 0.025926 0.014583
0 0.994444 0.484896 0.005556 0.013542
0 0.895370 0.306771 0.025926 0.014583
0 0.885185 0.471354 0.020370 0.011458
0 0.796296 0.320833 0.022222 0.014583
0 0.851852 0.481250 0.022222 0.013542
0 0.800926 0.309375 0.022222 0.014583
0 0.861111 0.493750 0.024074 0.014583
0 0.996296 0.663021 0.007407 0.019792
0 0.791667 0.304688 0.022222 0.012500
0 0.825000 0.492188 0.018519 0.012500
0 0.840741 0.278646 0.024074 0.014583
0 0.821296 0.503646 0.027778 0.015625
0 0.775926 0.570312 0.024074 0.013542
0 0.830556 0.478125 0.018519 0.009375
0 0.823148 0.504167 0.027778 0.015625
0 0.824074 0.298438 0.025926 0.013542
0 0.776852 0.571354 0.024074 0.014583
0 0.832407 0.305729 0.024074 0.014583
0 0.315741 0.714583 0.025926 0.015625
0 0.738889 0.339583 0.025926 0.015625
0 0.343519 0.285417 0.033333 0.015625
0 0.335185 0.723437 0.035185 0.020833
0 0.500000 0.585938 0.018519 0.009375
0 0.752778 0.307812 0.020370 0.014583
0 0.420370 0.685417 0.025926 0.012500
0 0.015741 0.535417 0.031481 0.017708
0 0.378704 0.513021 0.020370 0.012500
0 0.053704 0.532292 0.027778 0.015625
0 0.438889 0.480729 0.022222 0.012500
0 0.374074 0.282292 0.031481 0.019792
0 0.089815 0.240625 0.020370 0.018750
0 0.084259 0.243750 0.031481 0.021875
0 0.083333 0.532292 0.035185 0.018750
0 0.849074 0.708333 0.029630 0.013542
0 0.122222 0.213542 0.035185 0.021875
0 0.882407 0.426042 0.024074 0.014583
0 0.115741 0.262500 0.029630 0.018750
0 0.223148 0.138542 0.025926 0.013542
0 0.139815 0.428646 0.035185 0.019792
0 0.145370 0.443229 0.035185 0.018750
0 0.117593 0.532292 0.033333 0.017708
0 0.187037 0.698958 0.027778 0.016667
0 0.195370 0.316667 0.029630 0.015625
0 0.170370 0.317708 0.027778 0.018750
0 0.360185 0.230729 0.031481 0.016667
0 0.350000 0.271875 0.027778 0.016667
0 0.168519 0.442188 0.027778 0.017708
0 0.135185 0.511979 0.016667 0.009375
0 0.164815 0.703125 0.027778 0.018750
0 0.214815 0.151042 0.025926 0.014583
0 0.543519 0.366667 0.031481 0.016667
0 0.185185 0.603125 0.031481 0.017708
0 0.206481 0.709375 0.035185 0.020833
0 0.228704 0.155729 0.022222 0.013542
0 0.153704 0.519792 0.024074 0.014583
0 0.170370 0.484896 0.031481 0.016667
0 0.253704 0.420312 0.048148 0.028125
0 0.216667 0.680208 0.037037 0.021875
0 0.175926 0.517708 0.024074 0.014583
0 0.266667 0.448958 0.050000 0.027083
0 0.292593 0.433333 0.046296 0.028125
0 0.274074 0.580729 0.014815 0.018750
0 0.333333 0.688021 0.031481 0.018750
0 0.329630 0.451562 0.046296 0.026042
0 0.334259 0.667708 0.033333 0.020833
0 0.286111 0.549479 0.029630 0.013542
0 0.355556 0.703646 0.033333 0.021875
0 0.372222 0.628646 0.029630 0.015625
