0 0.021296 0.552083 0.020370 0.013542
0 0.256481 0.477604 0.022222 0.013542
0 0.099074 0.500000 0.022222 0.012500
0 0.087037 0.555208 0.024074 0.010417
0 0.886111 0.383854 0.035185 0.017708
0 0.230556 0.295833 0.020370 0.012500
0 0.086111 0.563542 0.025926 0.014583
0 0.215741 0.285417 0.025926 0.012500
0 0.976852 0.625521 0.033333 0.020833
0 0.927778 0.538021 0.024074 0.011458
0 0.114815 0.496354 0.029630 0.016667
0 0.752778 0.519271 0.020370 0.011458
0 0.161111 0.470313 0.022222 0.012500
0 0.993519 0.714583 0.009259 0.018750
0 0.100926 0.564063 0.022222 0.013542
0 0.987963 0.695312 0.024074 0.016667
0 0.125000 0.500000 0.024074 0.013542
0 0.139815 0.492188 0.022222 0.013542
0 0.165741 0.267188 0.027778 0.014583
0 0.170370 0.484375 0.025926 0.015625
0 0.175000 0.294271 0.025926 0.014583
0 0.885185 0.643750 0.037037 0.019792
0 0.209259 0.484896 0.025926 0.014583
0 0.197222 0.298958 0.022222 0.013542
0 0.225926 0.476042 0.025926 0.012500
0 0.206481 0.308854 0.022222 0.012500
0 0.987037 0.798958 0.025926 0.026042
0 0.237963 0.462500 0.025926 0.013542
0 0.248148 0.294792 0.025926 0.014583
0 0.737037 0.277604 0.029630 0.015625
0 0.283333 0.476042 0.025926 0.015625
0 0.282407 0.294271 0.024074 0.014583
0 0.519444 0.664583 0.033333 0.019792
0 0.316667 0.386979 0.029630 0.017708
0 0.337037 0.403646 0.022222 0.010417
0 0.297222 0.418229 0.016667 0.009375
0 0.735185 0.516667 0.022222 0.013542
0 0.323148 0.380208 0.018519 0.010417
0 0.573148 0.685937 0.035185 0.020833
0 0.995370 0.302604 0.022222 0.011458
0 0.554630 0.710938 0.031481 0.018750
0 0.992593 0.687500 0.014815 0.027083
0 0.775000 0.570833 0.025926 0.014583
0 0.627778 0.663542 0.018519 0.010417
0 0.625926 0.678125 0.033333 0.017708
0 0.997222 0.688542 0.014815 0.023958
0 0.590741 0.710417 0.029630 0.017708
0 0.622222 0.685937 0.022222 0.011458
0 1.095370 0.596875 0.285185 0.160417
0 0.849074 0.703646 0.029630 0.014583
0 0.659259 0.345313 0.029630 0.017708
0 0.702778 0.287500 0.027778 0.015625
0 0.997222 0.668229 0.014815 0.018750
0 0.657407 0.364583 0.027778 0.014583
0 0.994444 0.708333 0.011111 0.020833
0 0.679630 0.381250 0.029630 0.014583
0 0.698148 0.656250 0.029630 0.017708
0 0.994444 0.643750 0.009259 0.023958
0 0.993519 0.544792 0.011111 0.018750
0 0.991667 0.723437 0.014815 0.023958
0 0.993519 0.535937 0.012963 0.021875
0 0.989815 0.753125 0.018519 0.017708
0 1.000926 0.772396 0.014815 0.008333
0 0.989815 0.232292 0.020370 0.011458
0 0.992593 0.266667 0.012963 0.018750
0 0.672222 0.492708 0.024074 0.013542
0 0.988889 0.717187 0.016667 0.022917
0 0.992593 0.713542 0.014815 0.018750
0 0.994444 0.452604 0.009259 0.022917
0 0.765741 0.692708 0.027778 0.017708
0 0.968519 0.788021 0.033333 0.019792
0 0.994444 0.380729 0.009259 0.022917
0 0.994444 0.257812 0.009259 0.014583
0 0.994444 0.654687 0.011111 0.019792
0 0.992593 0.417708 0.011111 0.023958
0 0.995370 0.619271 0.009259 0.019792
0 0.989815 0.777604 0.011111 0.018750
0 0.992593 0.758854 0.012963 0.026042
0 0.995370 0.667708 0.009259 0.019792
0 0.995370 0.642188 0.005556 0.010417
0 0.798148 0.697917 0.033333 0.017708
0 0.992593 0.531771 0.012963 0.027083
0 1.000000 0.676562 0.033333 0.014583
0 0.995370 0.640625 0.031481 0.014583
0 0.648148 0.465104 0.027778 0.015625
