0 0.438889 0.571875 0.025926 0.014583
0 0.522222 0.296875 0.024074 0.014583
0 0.995370 0.738542 0.007407 0.022917
0 0.473148 0.503646 0.025926 0.016667
0 0.994444 0.525000 0.009259 0.011458
0 0.499074 0.477604 0.022222 0.012500
0 0.438889 0.571875 0.025926 0.013542
0 0.993519 0.698438 0.011111 0.015625
0 0.474074 0.504167 0.027778 0.015625
0 0.485185 0.500521 0.018519 0.012500
0 0.504630 0.277083 0.024074 0.016667
0 0.500926 0.492708 0.024074 0.015625
0 0.532407 0.304688 0.024074 0.013542
0 0.478704 0.305208 0.027778 0.014583
0 0.995370 0.696875 0.005556 0.018750
0 0.540741 0.492708 0.024074 0.014583
0 0.500000 0.308854 0.022222 0.013542
0 0.537963 0.481771 0.024074 0.011458
0 0.501852 0.319792 0.022222 0.012500
0 0.991667 0.751042 0.016667 0.040625
0 0.566667 0.469792 0.024074 0.012500
0 0.570370 0.305208 0.020370 0.014583
0 0.997222 0.271875 0.005556 0.016667
0 0.656481 0.482292 0.025926 0.014583
0 0.614815 0.302604 0.024074 0.016667
0 0.948148 0.670833 0.033333 0.019792
0 0.706481 0.392708 0.033333 0.018750
0 0.655556 0.420312 0.020370 0.010417
0 0.997222 0.508854 0.003704 0.018750
0 0.992593 0.690625 0.016667 0.017708
0 0.990741 0.717708 0.018519 0.020833
0 0.996296 0.526563 0.020370 0.011458
0 0.989815 0.663542 0.022222 0.012500
0 0.996296 0.733854 0.007407 0.017708
0 0.991667 0.718229 0.014815 0.020833
0 0.994444 0.356771 0.009259 0.015625
0 0.992593 0.322396 0.012963 0.014583
0 0.993519 0.671875 0.011111 0.015625
0 0.969444 0.379167 0.009259 0.012500
0 0.995370 0.400521 0.007407 0.014583
0 0.992593 0.681771 0.012963 0.017708
0 0.994444 0.586458 0.011111 0.027083
0 0.993519 0.275000 0.011111 0.015625
0 0.996296 0.505208 0.007407 0.020833
0 0.996296 0.725521 0.005556 0.014583
0 0.994444 0.721875 0.009259 0.014583
0 0.993519 0.768750 0.012963 0.016667
0 0.999074 0.435937 0.000000 0.000000
0 0.991667 0.584896 0.016667 0.029167
0 0.995370 0.586458 0.009259 0.019792
0 0.989815 0.717708 0.022222 0.019792
0 0.997222 0.472917 0.003704 0.012500
0 0.996296 0.444792 0.005556 0.015625
0 0.039815 0.592708 0.020370 0.009375
0 0.571296 0.304688 0.022222 0.014583
0 0.350926 0.308333 0.025926 0.018750
0 0.038889 0.694271 0.037037 0.020833
0 0.985185 0.453646 0.027778 0.013542
0 0.100000 0.505208 0.033333 0.016667
0 0.586111 0.303125 0.022222 0.014583
0 0.108333 0.483333 0.027778 0.013542
0 0.983333 0.638021 0.031481 0.017708
0 0.315741 0.306250 0.024074 0.016667
0 0.403704 0.572917 0.024074 0.015625
0 0.991667 0.321354 0.014815 0.013542
0 0.276852 0.347917 0.031481 0.016667
0 0.271296 0.705729 0.029630 0.015625
0 0.298148 0.545833 0.027778 0.015625
0 0.996296 0.555208 0.007407 0.012500
0 1.000926 0.697917 0.018519 0.016667
0 0.329630 0.311458 0.029630 0.018750
0 0.369444 0.306250 0.033333 0.018750
0 0.426852 0.701562 0.027778 0.016667
0 0.376852 0.292187 0.029630 0.016667
0 0.549074 0.183333 0.011111 0.007292
0 0.618519 0.390104 0.024074 0.013542
0 0.384259 0.564583 0.024074 0.014583
0 0.558333 0.485938 0.020370 0.011458
0 0.454630 0.507812 0.027778 0.013542
