0 0.236111 0.645833 0.024074 0.013542
0 0.315741 0.346354 0.029630 0.016667
0 0.991667 0.589063 0.012963 0.019792
0 0.000000 0.000000 0.000000 0.000000
0 0.583333 0.645312 0.042593 0.021875
0 0.386111 0.266146 0.027778 0.015625
0 0.311111 0.326042 0.033333 0.017708
0 0.513889 0.682292 0.027778 0.013542
0 0.883333 0.656771 0.027778 0.014583
0 0.705556 0.546875 0.020370 0.012500
0 0.243519 0.668750 0.025926 0.014583
0 0.224074 0.692187 0.029630 0.017708
0 0.816667 0.654687 0.031481 0.020833
0 1.006481 0.460417 0.027778 0.017708
0 0.234259 0.659896 0.037037 0.019792
0 0.441667 0.552083 0.022222 0.013542
0 0.847222 0.660417 0.040741 0.025000
0 0.186111 0.693750 0.033333 0.018750
0 0.697222 0.284375 0.020370 0.013542
0 0.182407 0.668750 0.037037 0.019792
0 0.006481 0.361979 0.012963 0.011458
0 0.444444 0.498437 0.022222 0.012500
0 0.002778 0.399479 0.005556 0.014583
0 0.701852 0.251563 0.029630 0.018750
0 0.990741 0.724479 0.016667 0.015625
0 0.995370 0.525000 0.007407 0.021875
0 0.982407 0.213542 0.035185 0.023958
0 0.843519 0.756771 0.029630 0.015625
0 1.001852 0.362500 0.033333 0.022917
0 0.993519 0.704688 0.011111 0.017708
0 0.797222 0.729167 0.031481 0.016667
0 0.987963 0.391146 0.020370 0.022917
0 0.993519 0.485938 0.012963 0.022917
0 0.992593 0.540625 0.011111 0.017708
0 0.649074 0.676562 0.042593 0.021875
0 0.737037 0.516146 0.038889 0.021875
0 0.987037 0.272396 0.031481 0.015625
0 0.951852 0.571354 0.050000 0.027083
0 0.358333 0.637500 0.029630 0.016667
0 0.336111 0.362500 0.027778 0.016667
0 0.617593 0.689063 0.038889 0.023958
0 0.989815 0.484375 0.022222 0.012500
0 0.728704 0.660417 0.033333 0.016667
0 0.990741 0.540104 0.016667 0.026042
0 0.329630 0.446875 0.027778 0.015625
0 0.917593 0.628646 0.031481 0.014583
0 1.002778 0.292708 0.024074 0.015625
0 0.715741 0.534896 0.027778 0.015625
0 0.991667 0.535417 0.031481 0.018750
0 0.990741 0.581771 0.014815 0.018750
0 0.700000 0.641667 0.024074 0.015625
0 0.987963 0.688021 0.037037 0.020833
0 0.468519 0.671354 0.020370 0.013542
0 0.985185 0.542708 0.027778 0.022917
0 0.815741 0.765104 0.024074 0.013542
0 0.993519 0.530208 0.011111 0.018750
0 1.004630 0.278646 0.025926 0.016667
0 1.008333 0.566667 0.031481 0.019792
0 0.450000 0.677604 0.029630 0.015625
0 1.006481 0.536979 0.027778 0.020833
0 0.815741 0.655729 0.037037 0.020833
0 1.003704 0.269792 0.029630 0.016667
0 0.996296 0.407292 0.005556 0.015625
0 0.992593 0.716146 0.012963 0.021875
0 0.993519 0.597917 0.012963 0.020833
0 0.763889 0.767188 0.031481 0.018750
0 0.848148 0.660417 0.037037 0.023958
0 0.996296 0.474479 0.005556 0.018750
0 0.828704 0.377604 0.044444 0.022917
0 0.993519 0.661979 0.011111 0.021875
0 0.728704 0.708854 0.029630 0.018750
0 1.008333 0.496875 0.066667 0.032292
0 0.986111 0.590104 0.025926 0.021875
0 0.735185 0.649479 0.037037 0.019792
0 0.962037 0.254688 0.033333 0.018750
0 0.994444 0.593229 0.007407 0.023958
0 0.986111 0.335938 0.029630 0.016667
0 0.800926 0.355208 0.040741 0.023958
0 0.625000 0.777083 0.033333 0.021875
0 0.422222 0.672917 0.027778 0.016667
0 0.700000 0.430729 0.035185 0.020833
0 0.726852 0.682813 0.029630 0.018750
0 0.618519 0.689583 0.037037 0.021875
0 0.524074 0.263021 0.033333 0.019792
0 0.996296 0.519271 0.024074 0.018750
0 0.362963 0.475000 0.024074 0.013542
