0 0.867593 0.383854 0.027778 0.013542
0 0.870370 0.565625 0.037037 0.019792
0 0.878704 0.598958 0.029630 0.017708
0 0.781481 0.665625 0.025926 0.014583
0 0.870370 0.587500 0.027778 0.016667
0 0.493519 0.242708 0.024074 0.012500
0 0.331481 0.391146 0.022222 0.008333
0 0.389815 0.564583 0.027778 0.015625
0 0.493519 0.476042 0.038889 0.022917
0 0.144444 0.302604 0.020370 0.010417
0 0.734259 0.315625 0.025926 0.016667
0 0.536111 0.661979 0.027778 0.015625
0 0.692593 0.555729 0.029630 0.016667
0 0.674074 0.577604 0.027778 0.016667
0 0.045370 0.472396 0.025926 0.014583
0 0.912037 0.413542 0.027778 0.019792
0 0.012037 0.347917 0.024074 0.017708
0 0.025000 0.284375 0.016667 0.017708
0 0.199074 0.680208 0.037037 0.019792
0 -0.075000 0.337500 0.000000 0.000000
0 0.893519 0.603646 0.033333 0.018750
0 0.017593 0.370312 0.033333 0.016667
0 0.745370 0.525521 0.029630 0.018750
0 0.232407 0.725521 0.033333 0.023958
0 0.036111 0.385417 0.031481 0.015625
0 0.045370 0.667708 0.031481 0.019792
0 0.576852 0.603646 0.048148 0.027083
0 0.723148 0.304167 0.031481 0.015625
0 0.375000 0.545833 0.042593 0.022917
0 0.267593 0.711979 0.042593 0.025000
0 0.900000 0.557813 0.033333 0.018750
0 0.635185 0.514062 0.042593 0.025000
0 0.894444 0.411458 0.040741 0.021875
0 0.455556 0.765625 0.031481 0.016667
0 0.711111 0.747917 0.035185 0.020833
0 0.507407 0.793229 0.025926 0.017708
0 0.604630 0.248438 0.038889 0.022917
0 0.762963 0.570833 0.044444 0.025000
0 0.678704 0.751563 0.031481 0.020833
0 0.432407 0.281771 0.029630 0.018750
0 0.088889 0.500000 0.025926 0.014583
0 0.705556 0.314063 0.020370 0.013542
0 0.715741 0.545312 0.031481 0.017708
0 0.761111 0.304688 0.020370 0.014583
0 0.115741 0.284375 0.027778 0.016667
0 0.232407 0.724479 0.033333 0.022917
0 0.375000 0.716667 0.031481 0.017708
0 0.330556 0.458854 0.037037 0.020833
0 0.787963 0.516667 0.020370 0.010417
0 0.106481 0.705729 0.029630 0.015625
0 0.284259 0.812500 0.042593 0.025000
0 0.388889 0.383333 0.040741 0.021875
0 0.197222 0.305729 0.027778 0.015625
0 0.875926 0.371875 0.029630 0.016667
0 0.849074 0.606250 0.035185 0.019792
0 0.719444 0.295312 0.040741 0.026042
0 0.357407 0.682813 0.037037 0.019792
0 0.892593 0.604167 0.035185 0.019792
0 0.925926 0.541667 0.035185 0.019792
0 0.382407 0.743750 0.031481 0.018750
0 0.748148 0.718750 0.042593 0.023958
0 0.419444 0.408333 0.042593 0.021875
0 0.787963 0.531771 0.037037 0.020833
0 0.479630 0.695833 0.035185 0.019792
0 0.422222 0.805208 0.031481 0.018750
0 0.912037 0.590104 0.031481 0.018750
0 0.628704 0.753125 0.042593 0.020833
0 0.864815 0.463542 0.044444 0.025000
0 0.725000 0.282292 0.029630 0.016667
0 0.463889 0.691667 0.035185 0.019792
0 0.357407 0.694792 0.033333 0.015625
0 0.701852 0.577083 0.031481 0.017708
0 0.132407 0.710417 0.031481 0.016667
0 0.708333 0.601042 0.024074 0.014583
0 0.752778 0.312500 0.031481 0.018750
0 0.850000 0.548958 0.037037 0.020833
0 0.477778 0.801042 0.031481 0.017708
0 0.595370 0.575521 0.042593 0.022917
0 0.912037 0.569792 0.027778 0.016667
0 0.292593 0.391146 0.027778 0.012500
0 0.155556 0.704688 0.024074 0.013542
0 0.380556 0.705208 0.022222 0.010417
0 0.719444 0.730208 0.024074 0.014583
0 0.315741 0.675521 0.027778 0.016667
