0 0.994444 0.508854 0.011111 0.017708
0 1.011111 0.568750 0.040741 0.025000
0 0.538889 0.682813 0.029630 0.016667
0 1.009259 0.497917 0.038889 0.029167
0 0.833333 0.669792 0.031481 0.015625
0 0.918519 0.666667 0.035185 0.020833
0 0.996296 0.396875 0.005556 0.013542
0 0.993519 0.736979 0.012963 0.023958
0 0.992593 0.601562 0.012963 0.022917
0 0.853704 0.777604 0.031481 0.018750
0 0.953704 0.670833 0.038889 0.020833
0 0.996296 0.444271 0.005556 0.016667
0 0.959259 0.394271 0.042593 0.022917
0 0.993519 0.633854 0.012963 0.025000
0 0.822222 0.718750 0.031481 0.018750
0 1.004630 0.499479 0.081481 0.040625
0 0.985185 0.615104 0.025926 0.021875
0 0.841667 0.659375 0.035185 0.019792
0 0.993519 0.258854 0.011111 0.018750
0 0.994444 0.604688 0.007407 0.022917
0 0.935185 0.371875 0.042593 0.022917
0 0.686111 0.770833 0.027778 0.019792
0 0.510185 0.677083 0.025926 0.016667
0 0.817593 0.444271 0.037037 0.020833
0 0.825926 0.692187 0.029630 0.015625
0 0.723148 0.695833 0.037037 0.021875
0 0.996296 0.527604 0.024074 0.018750
0 0.454630 0.481771 0.024074 0.013542
0 0.820370 0.268229 0.029630 0.019792
0 0.990741 0.721354 0.014815 0.015625
0 0.995370 0.504687 0.007407 0.021875
0 0.994444 0.226562 0.011111 0.019792
0 0.982407 0.650000 0.031481 0.014583
0 1.001852 0.306250 0.024074 0.016667
0 0.993519 0.538542 0.031481 0.017708
0 0.992593 0.581250 0.014815 0.016667
0 0.808333 0.650521 0.024074 0.015625
0 0.951852 0.677604 0.037037 0.015625
0 0.557407 0.676562 0.022222 0.013542
0 0.994444 0.540104 0.009259 0.021875
0 0.904630 0.776042 0.020370 0.011458
0 1.007407 0.304167 0.035185 0.021875
0 0.692593 0.652604 0.042593 0.021875
0 0.991667 0.604688 0.014815 0.019792
0 0.425000 0.355208 0.029630 0.015625
0 0.989815 0.490625 0.020370 0.011458
0 0.724074 0.695833 0.037037 0.020833
0 0.442593 0.371354 0.027778 0.015625
0 0.449074 0.641146 0.029630 0.016667
0 0.954630 0.670312 0.038889 0.019792
0 0.532407 0.559375 0.024074 0.014583
0 0.342593 0.646354 0.022222 0.012500
0 0.341667 0.661458 0.037037 0.018750
0 1.006481 0.480729 0.027778 0.017708
0 0.918519 0.666667 0.035185 0.020833
0 0.323148 0.692708 0.029630 0.017708
0 0.995370 0.594792 0.009259 0.023958
0 0.846296 0.527604 0.044444 0.020833
0 0.598148 0.689063 0.025926 0.013542
0 0.981481 0.669792 0.024074 0.014583
0 0.818519 0.557813 0.018519 0.011458
0 0.343519 0.669792 0.025926 0.013542
0 0.758333 0.684375 0.048148 0.023958
0 0.506481 0.270833 0.025926 0.014583
0 0.030556 0.445312 0.025926 0.012500
0 0.702778 0.781771 0.033333 0.021875
0 0.021296 0.291667 0.024074 0.013542
0 0.012037 0.458333 0.022222 0.013542
0 0.010185 0.281771 0.020370 0.013542
0 0.005556 0.467187 0.011111 0.013542
0 0.931481 0.769792 0.024074 0.015625
0 0.993519 0.707292 0.009259 0.015625
0 0.890741 0.740104 0.031481 0.016667
0 0.987037 0.429167 0.020370 0.023958
0 0.993519 0.510938 0.012963 0.022917
0 0.992593 0.540104 0.011111 0.017708
0 0.421296 0.335938 0.031481 0.017708
0 0.488889 0.279167 0.022222 0.015625
0 0.042593 0.278646 0.027778 0.015625
0 0.287037 0.693750 0.031481 0.017708
0 0.792593 0.304167 0.022222 0.013542
0 0.290741 0.668229 0.035185 0.020833
0 0.103704 0.365104 0.024074 0.012500
0 0.526852 0.506250 0.024074 0.012500
0 0.091667 0.400521 0.024074 0.013542
0 0.146296 0.387500 0.020370 0.010417
0 0.078704 0.370312 0.031481 0.018750
0 0.257407 0.648958 0.027778 0.015625
0 0.076852 0.277604 0.025926 0.014583
0 0.053704 0.459375 0.029630 0.015625
0 0.990741 0.532292 0.016667 0.026042
0 0.425000 0.453125 0.025926 0.015625
