0 0.994444 0.709375 0.009259 0.013542
0 0.005556 0.460938 0.011111 0.020833
0 0.010185 0.682292 0.020370 0.022917
0 0.030556 0.535417 0.029630 0.013542
0 0.026852 0.718750 0.037037 0.021875
0 0.050000 0.641667 0.033333 0.017708
0 0.034259 0.727604 0.031481 0.016667
0 0.365741 0.348438 0.025926 0.015625
0 0.072222 0.291146 0.031481 0.018750
0 0.075926 0.735938 0.037037 0.019792
0 0.167593 0.598437 0.022222 0.010417
0 0.470370 0.313542 0.025926 0.017708
0 0.125000 0.699479 0.037037 0.019792
0 0.990741 0.464583 0.018519 0.012500
0 0.211111 0.509375 0.031481 0.017708
0 0.687963 0.309896 0.022222 0.014583
0 0.215741 0.484896 0.031481 0.015625
0 0.995370 0.651042 0.024074 0.017708
0 0.433333 0.311458 0.025926 0.018750
0 0.482407 0.579167 0.024074 0.014583
0 0.654630 0.189062 0.011111 0.007292
0 0.670370 0.311458 0.022222 0.015625
0 0.992593 0.323958 0.011111 0.010417
0 0.452778 0.354687 0.027778 0.014583
0 0.358333 0.713021 0.027778 0.016667
0 0.415741 0.552604 0.027778 0.016667
0 0.995370 0.562500 0.005556 0.012500
0 1.001852 0.669792 0.018519 0.016667
0 0.450000 0.316146 0.029630 0.018750
0 0.492593 0.311458 0.031481 0.019792
0 0.550000 0.712500 0.027778 0.017708
0 0.495370 0.297396 0.024074 0.015625
0 0.710185 0.397917 0.020370 0.012500
0 0.461111 0.570833 0.024074 0.013542
0 0.649074 0.492708 0.024074 0.013542
0 0.548148 0.515104 0.024074 0.014583
0 0.625000 0.310937 0.022222 0.013542
0 0.532407 0.578646 0.025926 0.014583
0 0.999074 0.435937 0.000000 0.000000
0 0.616667 0.303125 0.025926 0.014583
0 0.572222 0.510938 0.025926 0.016667
0 0.993519 0.527083 0.009259 0.010417
0 0.592593 0.485938 0.022222 0.012500
0 0.533333 0.578646 0.025926 0.014583
0 0.573148 0.511458 0.027778 0.016667
0 0.582407 0.507812 0.016667 0.011458
0 0.606481 0.282813 0.025926 0.015625
0 0.591667 0.500000 0.024074 0.014583
0 0.571296 0.310417 0.024074 0.015625
0 0.996296 0.673438 0.005556 0.017708
0 0.632407 0.500000 0.024074 0.013542
0 0.591667 0.315104 0.020370 0.013542
0 0.621296 0.490104 0.022222 0.012500
0 0.592593 0.324479 0.022222 0.012500
0 0.656481 0.478125 0.022222 0.011458
0 0.671296 0.311458 0.024074 0.015625
0 0.997222 0.268229 0.005556 0.016667
0 0.762037 0.492188 0.027778 0.014583
0 0.715741 0.309896 0.024074 0.015625
0 0.989815 0.682813 0.018519 0.021875
0 0.824074 0.402604 0.031481 0.019792
0 0.766667 0.429167 0.020370 0.010417
0 0.997222 0.506771 0.003704 0.017708
0 0.990741 0.682292 0.014815 0.016667
0 0.997222 0.703646 0.003704 0.016667
0 0.989815 0.667188 0.018519 0.011458
0 0.995370 0.739583 0.005556 0.016667
0 0.993519 0.685937 0.011111 0.018750
0 0.995370 0.352083 0.009259 0.014583
0 0.993519 0.339583 0.012963 0.013542
0 0.993519 0.661979 0.009259 0.013542
0 0.975000 0.385937 0.009259 0.012500
0 0.995370 0.394271 0.007407 0.013542
0 0.991667 0.679688 0.009259 0.016667
0 0.992593 0.710417 0.012963 0.017708
0 0.994444 0.595833 0.011111 0.028125
0 0.996296 0.470313 0.007407 0.020833
0 0.996296 0.705208 0.005556 0.013542
0 0.997222 0.478646 0.005556 0.010417
