0 0.344444 0.379167 0.018519 0.010417
0 0.592593 0.685937 0.037037 0.020833
0 0.994444 0.306771 0.022222 0.011458
0 0.573148 0.710938 0.031481 0.018750
0 0.991667 0.686979 0.014815 0.028125
0 0.794444 0.571354 0.024074 0.013542
0 0.648148 0.664062 0.018519 0.010417
0 0.645370 0.678646 0.033333 0.018750
0 0.997222 0.690104 0.014815 0.025000
0 0.608333 0.710417 0.027778 0.017708
0 0.640741 0.685937 0.020370 0.011458
0 0.867593 0.705729 0.029630 0.015625
0 0.681481 0.345833 0.029630 0.017708
0 0.724074 0.287500 0.027778 0.015625
0 0.991667 0.666667 0.014815 0.019792
0 0.678704 0.365625 0.027778 0.015625
0 0.993519 0.713542 0.009259 0.019792
0 0.700926 0.381771 0.029630 0.015625
0 0.715741 0.656771 0.031481 0.017708
0 0.994444 0.646875 0.009259 0.023958
0 0.993519 0.547396 0.011111 0.018750
0 0.991667 0.731250 0.014815 0.025000
0 0.990741 0.754167 0.018519 0.018750
0 0.991667 0.769271 0.014815 0.008333
0 0.988889 0.232292 0.020370 0.011458
0 0.992593 0.266667 0.012963 0.017708
0 0.691667 0.493229 0.024074 0.013542
0 0.990741 0.716667 0.016667 0.022917
0 0.992593 0.714583 0.014815 0.019792
0 0.784259 0.693750 0.029630 0.017708
0 0.986111 0.791146 0.025926 0.019792
0 0.994444 0.376563 0.009259 0.022917
0 0.994444 0.256250 0.009259 0.014583
0 0.994444 0.653125 0.011111 0.018750
0 0.993519 0.713542 0.009259 0.018750
0 0.993519 0.421354 0.012963 0.023958
0 0.995370 0.616667 0.009259 0.019792
0 0.989815 0.773958 0.011111 0.019792
0 0.992593 0.758854 0.012963 0.026042
0 0.994444 0.669271 0.009259 0.019792
0 0.994444 0.640104 0.005556 0.011458
0 0.816667 0.699479 0.033333 0.017708
0 0.992593 0.528125 0.012963 0.028125
0 0.999074 0.676042 0.033333 0.014583
0 0.995370 0.639062 0.031481 0.014583
0 0.668519 0.465625 0.027778 0.016667
0 0.994444 0.462500 0.009259 0.022917
0 0.007407 0.282292 0.014815 0.018750
0 0.321296 0.379688 0.020370 0.012500
0 0.039815 0.549479 0.022222 0.012500
0 0.276852 0.475521 0.022222 0.012500
0 0.117593 0.497396 0.020370 0.013542
0 0.105556 0.552604 0.024074 0.010417
0 0.909259 0.385417 0.035185 0.015625
0 0.250926 0.294792 0.018519 0.012500
0 0.106481 0.560417 0.027778 0.014583
0 0.237037 0.284375 0.025926 0.012500
0 0.991667 0.626563 0.016667 0.018750
0 0.950926 0.540104 0.024074 0.011458
0 0.133333 0.493750 0.029630 0.015625
0 0.771296 0.520312 0.020370 0.011458
0 0.181481 0.467708 0.022222 0.012500
0 0.117593 0.560937 0.022222 0.012500
0 0.992593 0.698958 0.011111 0.015625
0 0.143519 0.497396 0.024074 0.013542
0 0.158333 0.489583 0.022222 0.013542
0 0.187963 0.265625 0.027778 0.014583
0 0.188889 0.482292 0.024074 0.015625
0 0.197222 0.293229 0.025926 0.014583
0 0.905556 0.645833 0.038889 0.020833
0 0.227778 0.482812 0.024074 0.013542
0 0.219444 0.297396 0.022222 0.013542
0 0.245370 0.474479 0.025926 0.012500
0 0.226852 0.307292 0.022222 0.012500
0 0.998148 0.799479 0.009259 0.022917
0 0.257407 0.460417 0.025926 0.013542
0 0.270370 0.294271 0.027778 0.014583
0 0.761111 0.278125 0.029630 0.014583
0 0.303704 0.475000 0.027778 0.015625
0 0.303704 0.293229 0.024074 0.014583
0 0.537963 0.664062 0.033333 0.018750
0 0.337037 0.385937 0.029630 0.018750
0 0.356481 0.402083 0.022222 0.010417
0 0.317593 0.416667 0.014815 0.008333
0 0.754630 0.517708 0.022222 0.012500
