0 0.900000 0.283854 0.022222 0.012500
0 0.996296 0.689063 0.007407 0.015625
0 0.895370 0.268229 0.024074 0.012500
0 0.999074 0.379688 0.014815 0.009375
0 0.873148 0.580729 0.012963 0.006250
0 0.899074 0.493229 0.025926 0.014583
0 0.912963 0.284375 0.018519 0.011458
0 0.886111 0.554167 0.027778 0.014583
0 0.917593 0.281250 0.024074 0.013542
0 0.931481 0.483854 0.027778 0.016667
0 0.939815 0.457813 0.016667 0.008333
0 0.886111 0.554167 0.025926 0.014583
0 0.931481 0.484375 0.029630 0.016667
0 0.930556 0.256771 0.024074 0.013542
0 0.938889 0.476562 0.018519 0.011458
0 0.900926 0.283333 0.025926 0.012500
0 0.960185 0.473958 0.025926 0.014583
0 0.923148 0.290625 0.022222 0.012500
0 0.951852 0.461979 0.024074 0.014583
0 0.907407 0.298438 0.024074 0.014583
0 0.981481 0.449479 0.024074 0.015625
0 0.983333 0.284375 0.025926 0.016667
0 0.995370 0.439583 0.007407 0.014583
0 0.982407 0.284375 0.025926 0.014583
0 0.996296 0.398438 0.005556 0.016667
0 0.297222 0.321875 0.027778 0.015625
0 0.684259 0.651042 0.025926 0.015625
0 0.163889 0.231250 0.029630 0.018750
0 0.298148 0.543750 0.024074 0.013542
0 0.737963 0.323437 0.029630 0.018750
0 0.112037 0.442708 0.025926 0.011458
0 0.334259 0.138021 0.022222 0.014583
0 0.899074 0.487500 0.024074 0.013542
0 0.090741 0.408854 0.038889 0.019792
0 0.105556 0.536979 0.031481 0.014583
0 0.129630 0.532292 0.033333 0.017708
0 0.460185 0.506250 0.016667 0.011458
0 0.153704 0.528125 0.029630 0.017708
0 0.554630 0.469271 0.024074 0.015625
0 0.462963 0.268229 0.027778 0.018750
0 0.153704 0.235417 0.027778 0.018750
0 0.159259 0.232813 0.035185 0.018750
0 0.187037 0.528125 0.035185 0.019792
0 1.002778 0.694792 0.025926 0.012500
0 0.217593 0.200521 0.037037 0.022917
0 0.977778 0.417187 0.022222 0.014583
0 0.192593 0.252083 0.031481 0.018750
0 0.328704 0.119792 0.025926 0.014583
0 0.268519 0.420312 0.035185 0.020833
0 0.270370 0.434896 0.033333 0.017708
0 0.221296 0.528125 0.031481 0.018750
0 0.322222 0.694271 0.029630 0.018750
0 0.276852 0.306771 0.029630 0.016667
0 0.250926 0.307812 0.029630 0.018750
0 0.452778 0.214062 0.031481 0.017708
0 0.450926 0.257292 0.031481 0.017708
0 0.292593 0.433854 0.025926 0.018750
0 0.236111 0.504687 0.014815 0.008333
0 0.293519 0.698958 0.033333 0.018750
0 0.323148 0.133333 0.025926 0.015625
0 0.659259 0.352083 0.037037 0.021875
0 0.311111 0.597396 0.031481 0.017708
0 0.344444 0.705208 0.033333 0.021875
0 0.323148 0.132812 0.025926 0.015625
0 0.236111 0.515625 0.022222 0.012500
0 0.262963 0.478125 0.027778 0.016667
0 0.395370 0.408854 0.050000 0.027083
0 0.350926 0.676042 0.033333 0.021875
0 0.257407 0.512500 0.025926 0.014583
0 0.407407 0.438021 0.048148 0.027083
0 0.436111 0.421354 0.046296 0.029167
0 0.470370 0.439583 0.048148 0.026042
0 0.483333 0.659375 0.033333 0.020833
0 0.504630 0.695312 0.033333 0.021875
0 0.441667 0.708333 0.025926 0.015625
0 0.445370 0.271354 0.025926 0.013542
0 0.454630 0.716667 0.035185 0.018750
0 0.650000 0.573438 0.018519 0.010417
0 0.915741 0.283333 0.022222 0.014583
0 0.565741 0.676042 0.024074 0.011458
0 0.621296 0.486979 0.029630 0.017708
0 0.995370 0.282813 0.005556 0.016667
0 0.610185 0.464062 0.025926 0.016667
0 0.907407 0.279687 0.042593 0.027083
0 0.858333 0.560937 0.018519 0.012500
0 0.964815 0.161979 0.011111 0.007292
0 0.979630 0.285417 0.018519 0.015625
0 0.819444 0.688542 0.018519 0.010417
0 0.909259 0.284375 0.027778 0.011458
