0 0.115741 0.456771 0.025926 0.015625
0 0.767593 0.556250 0.025926 0.016667
0 0.775926 0.533333 0.029630 0.016667
0 0.967593 0.540625 0.038889 0.020833
0 0.951852 0.364063 0.027778 0.013542
0 0.104630 0.370312 0.029630 0.015625
0 0.636111 0.640625 0.031481 0.017708
0 0.801852 0.288542 0.024074 0.015625
0 0.165741 0.304688 0.018519 0.009375
0 0.583333 0.454688 0.040741 0.023958
0 0.462037 0.545833 0.029630 0.015625
0 0.954630 0.561458 0.031481 0.017708
0 0.882407 0.642188 0.025926 0.014583
0 0.970370 0.573958 0.033333 0.016667
0 0.416667 0.657292 0.027778 0.016667
0 0.815741 0.706771 0.025926 0.014583
0 0.241667 0.688021 0.022222 0.012500
0 0.697222 0.554688 0.040741 0.022917
0 0.575000 0.778646 0.027778 0.014583
0 0.947222 0.523438 0.038889 0.020833
0 0.821296 0.284896 0.033333 0.018750
0 0.802778 0.578125 0.024074 0.015625
0 0.223148 0.692708 0.029630 0.016667
0 0.785185 0.554688 0.027778 0.019792
0 0.457407 0.675000 0.035185 0.014583
0 0.558333 0.668750 0.044444 0.019792
0 0.812037 0.254688 0.029630 0.016667
0 0.966667 0.436979 0.046296 0.026042
0 0.732407 0.730208 0.042593 0.020833
0 0.993519 0.562500 0.012963 0.020833
0 0.520370 0.783333 0.029630 0.018750
0 0.580556 0.675521 0.035185 0.019792
0 0.887037 0.507292 0.037037 0.019792
0 0.516667 0.388021 0.042593 0.021875
0 0.848148 0.695312 0.040741 0.025000
0 0.478704 0.723958 0.033333 0.019792
0 0.995370 0.518750 0.007407 0.020833
0 0.983333 0.577604 0.035185 0.019792
0 0.458333 0.663542 0.037037 0.020833
0 0.806481 0.267708 0.040741 0.026042
0 0.938889 0.580729 0.035185 0.020833
0 0.958333 0.344271 0.029630 0.017708
0 0.262963 0.289583 0.027778 0.014583
0 0.485185 0.364583 0.042593 0.022917
0 0.381481 0.792188 0.044444 0.023958
0 0.195370 0.688021 0.024074 0.014583
0 0.885185 0.492708 0.020370 0.010417
0 0.419444 0.440625 0.037037 0.020833
0 0.471296 0.696875 0.029630 0.017708
0 0.337963 0.706250 0.033333 0.021875
0 0.202778 0.267708 0.029630 0.017708
0 0.830556 0.277083 0.020370 0.014583
0 0.799074 0.521875 0.031481 0.018750
0 0.159259 0.484896 0.024074 0.014583
0 0.492593 0.258854 0.029630 0.019792
0 0.779630 0.728125 0.035185 0.020833
0 0.860185 0.546875 0.042593 0.025000
0 0.689815 0.221354 0.040741 0.023958
0 0.604630 0.770833 0.024074 0.015625
0 1.000000 0.389062 0.027778 0.020833
0 0.812037 0.723958 0.035185 0.020833
0 0.551852 0.743750 0.029630 0.016667
0 0.988889 0.382292 0.018519 0.021875
0 0.737963 0.491667 0.044444 0.023958
0 0.989815 0.532813 0.020370 0.020833
0 0.371296 0.693750 0.038889 0.025000
0 0.466667 0.527083 0.038889 0.022917
0 0.809259 0.277083 0.031481 0.015625
0 0.673148 0.582812 0.048148 0.027083
0 0.132407 0.652083 0.031481 0.018750
0 0.337037 0.706771 0.037037 0.022917
0 0.842593 0.502604 0.037037 0.021875
0 0.086111 0.354687 0.031481 0.014583
0 0.983333 0.578125 0.031481 0.018750
0 -0.075926 0.337500 0.000000 0.000000
0 0.301852 0.662500 0.035185 0.020833
0 0.094444 0.261979 0.018519 0.018750
0 0.074074 0.333854 0.033333 0.017708
0 0.300926 0.696354 0.029630 0.015625
0 0.645370 0.667188 0.029630 0.019792
0 0.495370 0.559896 0.024074 0.014583
0 0.006481 0.685417 0.012963 0.017708
