0 0.460185 0.570833 0.046296 0.027083
0 0.636111 0.266146 0.033333 0.020833
0 0.267593 0.513021 0.042593 0.022917
0 0.150926 0.673958 0.044444 0.023958
0 0.801852 0.526042 0.035185 0.018750
0 0.496296 0.479167 0.044444 0.025000
0 0.764815 0.373958 0.044444 0.022917
0 0.362037 0.730729 0.029630 0.017708
0 0.600000 0.716146 0.035185 0.021875
0 0.804630 0.379167 0.033333 0.019792
0 0.419444 0.758333 0.027778 0.016667
0 0.487037 0.208854 0.040741 0.023958
0 0.653704 0.539062 0.046296 0.025000
0 0.565741 0.719271 0.035185 0.020833
0 0.381481 0.248958 0.031481 0.019792
0 0.046296 0.469792 0.025926 0.014583
0 0.590741 0.276562 0.022222 0.013542
0 0.638889 0.517188 0.035185 0.017708
0 0.709259 0.269271 0.022222 0.013542
0 0.061111 0.251563 0.025926 0.015625
0 0.124074 0.686979 0.033333 0.020833
0 0.275000 0.681771 0.029630 0.017708
0 0.215741 0.426042 0.038889 0.021875
0 0.679630 0.483333 0.029630 0.016667
0 0.044444 0.668750 0.025926 0.014583
0 0.200000 0.773438 0.044444 0.023958
0 0.244444 0.349479 0.038889 0.023958
0 0.092593 0.282292 0.033333 0.017708
0 0.822222 0.334896 0.025926 0.013542
0 0.765741 0.575000 0.033333 0.019792
0 0.604630 0.256250 0.040741 0.027083
0 0.242593 0.647917 0.037037 0.018750
0 0.808333 0.573438 0.037037 0.019792
0 0.825926 0.509375 0.035185 0.019792
0 0.287037 0.708854 0.031481 0.018750
0 0.643519 0.687500 0.042593 0.023958
0 0.282407 0.372396 0.044444 0.021875
0 0.668519 0.498958 0.035185 0.021875
0 0.368519 0.661458 0.037037 0.020833
0 0.330556 0.768229 0.031481 0.017708
0 0.831481 0.559896 0.033333 0.018750
0 0.510185 0.718750 0.042593 0.020833
0 0.739815 0.428125 0.046296 0.025000
0 0.613889 0.243229 0.033333 0.020833
0 0.344444 0.657813 0.033333 0.018750
0 0.246296 0.658854 0.035185 0.013542
0 0.625926 0.547917 0.029630 0.017708
0 0.070370 0.673438 0.031481 0.016667
0 0.629630 0.571875 0.025926 0.016667
0 0.698148 0.276562 0.031481 0.017708
0 0.744444 0.517188 0.037037 0.021875
0 0.392593 0.765625 0.029630 0.016667
0 0.466667 0.542188 0.040741 0.022917
0 0.829630 0.539583 0.031481 0.017708
0 0.207407 0.359375 0.024074 0.011458
0 0.087037 0.644271 0.038889 0.017708
0 0.281481 0.669271 0.029630 0.014583
0 0.647222 0.700521 0.029630 0.015625
0 0.201852 0.637500 0.031481 0.018750
0 0.798148 0.569271 0.025926 0.016667
0 0.696296 0.633854 0.025926 0.015625
0 0.787037 0.557292 0.027778 0.015625
0 0.443519 0.207813 0.024074 0.013542
0 0.237963 0.360938 0.025926 0.010417
0 0.300926 0.540104 0.020370 0.013542
0 0.388889 0.443229 0.031481 0.019792
0 0.068519 0.262500 0.025926 0.013542
0 0.686111 0.284375 0.024074 0.014583
0 0.412963 0.627604 0.031481 0.018750
0 0.617593 0.526563 0.031481 0.018750
0 0.589815 0.547396 0.027778 0.017708
0 0.005556 0.442708 0.009259 0.012500
0 0.786111 0.346875 0.029630 0.014583
0 0.765741 0.534375 0.035185 0.020833
