0 0.993519 0.730208 0.011111 0.021875
0 0.005556 0.536979 0.011111 0.015625
0 0.850926 0.539062 0.018519 0.011458
0 0.695370 0.695312 0.025926 0.015625
0 0.026852 0.305729 0.033333 0.018750
0 0.059259 0.301042 0.037037 0.020833
0 0.066667 0.693229 0.029630 0.016667
0 0.076852 0.286979 0.035185 0.017708
0 0.387037 0.385937 0.024074 0.013542
0 0.110185 0.552604 0.020370 0.011458
0 0.336111 0.480729 0.022222 0.012500
0 0.186111 0.501042 0.022222 0.013542
0 0.171296 0.556250 0.024074 0.010417
0 0.983333 0.393750 0.029630 0.015625
0 0.317593 0.301042 0.020370 0.012500
0 0.172222 0.564583 0.029630 0.014583
0 0.995370 0.642708 0.007407 0.021875
0 0.995370 0.544271 0.024074 0.011458
0 0.305556 0.292187 0.024074 0.014583
0 0.200926 0.498437 0.029630 0.016667
0 0.835185 0.529167 0.020370 0.011458
0 0.247222 0.472917 0.020370 0.011458
0 0.173148 0.565104 0.029630 0.014583
0 0.993519 0.692187 0.011111 0.015625
0 0.201852 0.498958 0.029630 0.016667
0 0.224074 0.494271 0.020370 0.013542
0 0.261111 0.272917 0.025926 0.016667
0 0.253704 0.486458 0.025926 0.014583
0 0.263889 0.299479 0.024074 0.013542
0 0.980556 0.655208 0.038889 0.019792
0 0.292593 0.487500 0.024074 0.013542
0 0.286111 0.304167 0.020370 0.013542
0 0.309259 0.479687 0.024074 0.012500
0 0.293519 0.314063 0.022222 0.013542
0 0.994444 0.789062 0.011111 0.023958
0 0.321296 0.465625 0.025926 0.013542
0 0.340741 0.300000 0.027778 0.014583
0 0.828704 0.284896 0.025926 0.015625
0 0.373148 0.479687 0.025926 0.015625
0 0.374074 0.298958 0.024074 0.014583
0 0.611111 0.670312 0.035185 0.020833
0 0.412963 0.390104 0.029630 0.017708
0 0.418519 0.407813 0.020370 0.010417
0 0.387963 0.422396 0.012963 0.008333
0 0.818519 0.525521 0.024074 0.013542
0 0.416667 0.382292 0.016667 0.009375
0 0.670370 0.692708 0.037037 0.020833
0 0.994444 0.317188 0.020370 0.010417
0 0.646296 0.718229 0.029630 0.018750
0 0.991667 0.696354 0.014815 0.029167
0 0.867593 0.579167 0.020370 0.011458
0 0.725000 0.685417 0.033333 0.018750
0 0.996296 0.705729 0.014815 0.026042
0 0.777778 0.388021 0.029630 0.015625
0 0.683333 0.718229 0.029630 0.017708
0 0.937963 0.715625 0.031481 0.015625
0 0.758333 0.352083 0.031481 0.017708
0 0.799074 0.294271 0.027778 0.015625
0 0.990741 0.689063 0.016667 0.021875
0 0.753704 0.371354 0.027778 0.014583
0 0.888889 0.709375 0.035185 0.018750
0 0.992593 0.526042 0.014815 0.029167
0 1.000000 0.680729 0.033333 0.014583
0 0.737963 0.472396 0.027778 0.016667
0 0.994444 0.358333 0.009259 0.022917
0 0.994444 0.260417 0.007407 0.014583
0 0.994444 0.641667 0.011111 0.018750
0 0.994444 0.717708 0.009259 0.016667
0 0.992593 0.423958 0.011111 0.023958
0 0.995370 0.601042 0.009259 0.020833
0 0.993519 0.784896 0.011111 0.019792
0 0.994444 0.675521 0.009259 0.019792
0 0.995370 0.644792 0.007407 0.013542
0 0.992593 0.271354 0.012963 0.018750
0 0.759259 0.500521 0.024074 0.014583
0 0.990741 0.727083 0.016667 0.023958
0 0.992593 0.707292 0.014815 0.019792
0 0.994444 0.489583 0.009259 0.022917
0 0.854630 0.703125 0.031481 0.017708
0 0.992593 0.792188 0.014815 0.018750
0 0.786111 0.665104 0.031481 0.017708
0 0.994444 0.656771 0.009259 0.025000
0 0.994444 0.551042 0.011111 0.017708
0 0.991667 0.739062 0.016667 0.026042
0 0.990741 0.757812 0.018519 0.018750
0 0.991667 0.767188 0.014815 0.008333
0 0.989815 0.233854 0.020370 0.011458
