0 0.977778 0.656771 0.022222 0.015625
0 0.994444 0.653646 0.031481 0.014583
0 0.534259 0.458854 0.029630 0.014583
0 0.990741 0.518750 0.016667 0.027083
0 0.482407 0.669792 0.033333 0.019792
0 1.008333 0.510938 0.033333 0.021875
0 0.996296 0.664583 0.014815 0.022917
0 0.454630 0.702083 0.029630 0.017708
0 0.478704 0.678646 0.022222 0.012500
0 0.984259 0.561458 0.016667 0.010417
0 1.017593 0.652604 0.055556 0.032292
0 0.723148 0.697396 0.027778 0.014583
0 0.539815 0.339583 0.031481 0.017708
0 0.596296 0.281771 0.025926 0.016667
0 0.854630 0.660417 0.044444 0.020833
0 0.539815 0.359375 0.027778 0.015625
0 0.887963 0.704167 0.038889 0.023958
0 0.559259 0.375521 0.027778 0.015625
0 0.572222 0.649479 0.029630 0.017708
0 0.994444 0.620833 0.009259 0.025000
0 0.992593 0.530729 0.014815 0.022917
0 0.925926 0.693229 0.051852 0.025000
0 0.992593 0.535937 0.011111 0.022917
0 0.994444 0.763021 0.018519 0.019792
0 0.994444 0.682292 0.009259 0.013542
0 0.994444 0.767188 0.016667 0.008333
0 0.994444 0.225000 0.009259 0.018750
0 0.995370 0.494792 0.007407 0.021875
0 0.993519 0.732292 0.016667 0.015625
0 0.913889 0.269792 0.033333 0.018750
0 0.997222 0.528646 0.024074 0.018750
0 0.887037 0.703646 0.040741 0.023958
0 0.982407 0.700000 0.027778 0.016667
0 0.977778 0.444792 0.040741 0.020833
0 0.637037 0.685417 0.027778 0.016667
0 0.827778 0.780208 0.031481 0.018750
0 0.994444 0.379688 0.009259 0.022917
0 0.994444 0.258333 0.009259 0.015625
0 0.994444 0.665104 0.011111 0.021875
0 1.009259 0.508333 0.100000 0.048958
0 0.975926 0.726562 0.031481 0.017708
0 0.992593 0.547917 0.012963 0.023958
0 0.992593 0.411458 0.011111 0.023958
0 0.996296 0.437500 0.003704 0.015625
0 0.994444 0.669271 0.007407 0.019792
0 0.994444 0.786979 0.011111 0.017708
0 0.992593 0.750521 0.012963 0.025000
0 0.560185 0.487500 0.024074 0.013542
0 0.992593 0.671875 0.014815 0.021875
0 0.990741 0.677604 0.018519 0.016667
0 1.012963 0.438021 0.053704 0.039583
0 0.666667 0.691146 0.029630 0.017708
0 1.011111 0.320312 0.051852 0.033333
0 0.998148 0.785937 0.029630 0.017708
0 0.994444 0.531771 0.007407 0.019792
0 0.998148 0.683333 0.033333 0.014583
0 0.992593 0.673958 0.012963 0.027083
0 0.653704 0.565625 0.025926 0.014583
0 0.202778 0.373437 0.020370 0.012500
0 0.484259 0.654687 0.022222 0.011458
0 0.429630 0.677083 0.037037 0.020833
0 0.883333 0.286458 0.024074 0.012500
0 0.417593 0.703125 0.031481 0.018750
0 0.628704 0.511979 0.024074 0.013542
0 0.182407 0.409896 0.022222 0.013542
0 0.235185 0.396875 0.020370 0.009375
0 0.193519 0.378125 0.029630 0.020833
0 0.384259 0.657292 0.027778 0.018750
0 0.175000 0.285938 0.024074 0.014583
0 0.162037 0.467708 0.033333 0.015625
0 0.618519 0.272917 0.025926 0.015625
0 0.138889 0.286979 0.031481 0.015625
0 0.133333 0.455729 0.024074 0.011458
0 0.850000 0.791667 0.038889 0.026042
0 0.108333 0.301042 0.022222 0.014583
0 0.108333 0.467187 0.024074 0.011458
0 0.098148 0.290104 0.024074 0.014583
0 0.096296 0.476562 0.025926 0.014583
0 0.752778 0.636979 0.037037 0.019792
0 0.074074 0.286458 0.025926 0.014583
0 0.057407 0.476562 0.025926 0.015625
0 0.055556 0.257812 0.027778 0.015625
0 0.026852 0.483854 0.025926 0.013542
0 0.011111 0.491667 0.022222 0.014583
0 0.860185 0.689583 0.027778 0.013542
0 0.647222 0.516146 0.020370 0.011458
0 0.046296 0.461458 0.022222 0.011458
0 0.001852 0.556250 0.003704 0.012500
