0 0.962037 0.663021 0.048148 0.021875
0 0.213889 0.480729 0.022222 0.013542
0 0.050000 0.505729 0.022222 0.012500
0 0.038889 0.560937 0.024074 0.010417
0 0.832407 0.382292 0.027778 0.014583
0 0.179630 0.298958 0.020370 0.011458
0 0.039815 0.569271 0.027778 0.015625
0 0.163889 0.289062 0.024074 0.012500
0 0.925000 0.619792 0.031481 0.018750
0 0.878704 0.535417 0.024074 0.011458
0 0.063889 0.501563 0.029630 0.015625
0 0.711111 0.517708 0.022222 0.011458
0 0.112963 0.474479 0.022222 0.011458
0 0.056481 0.569792 0.022222 0.013542
0 0.945370 0.691146 0.022222 0.014583
0 0.076852 0.505208 0.024074 0.013542
0 0.092593 0.496354 0.024074 0.014583
0 0.111111 0.270833 0.027778 0.015625
0 0.124074 0.489063 0.025926 0.015625
0 0.123148 0.297917 0.024074 0.014583
0 0.839815 0.639583 0.037037 0.019792
0 0.162963 0.489063 0.025926 0.014583
0 0.146296 0.302083 0.024074 0.013542
0 0.180556 0.480208 0.025926 0.012500
0 0.156481 0.312500 0.022222 0.013542
0 0.952778 0.793750 0.046296 0.026042
0 0.191667 0.466146 0.025926 0.012500
0 0.196296 0.297917 0.025926 0.014583
0 0.680556 0.277083 0.027778 0.013542
0 0.236111 0.479167 0.027778 0.015625
0 0.230556 0.296354 0.025926 0.014583
0 0.475926 0.665104 0.031481 0.017708
0 0.265741 0.389062 0.031481 0.018750
0 0.289815 0.405729 0.022222 0.010417
0 0.249074 0.421354 0.018519 0.010417
0 0.691667 0.515625 0.020370 0.013542
0 0.271296 0.382292 0.018519 0.010417
0 0.528704 0.685417 0.035185 0.020833
0 0.955556 0.292708 0.022222 0.011458
0 0.512963 0.711458 0.031481 0.018750
0 0.992593 0.688542 0.014815 0.028125
0 0.730556 0.568750 0.027778 0.013542
0 0.583333 0.662500 0.020370 0.010417
0 0.580556 0.677604 0.035185 0.017708
0 0.997222 0.675000 0.014815 0.023958
0 0.548148 0.709896 0.029630 0.017708
0 0.577778 0.685417 0.022222 0.011458
0 1.060185 0.607292 0.179630 0.101042
0 0.807407 0.700521 0.027778 0.014583
0 0.606481 0.344792 0.029630 0.017708
0 0.651852 0.286458 0.027778 0.015625
0 0.604630 0.364063 0.025926 0.014583
0 0.988889 0.706250 0.022222 0.021875
0 0.628704 0.380208 0.029630 0.014583
0 0.993519 0.651563 0.005556 0.010417
0 0.755556 0.694271 0.033333 0.017708
0 0.992593 0.550000 0.012963 0.025000
0 1.000000 0.676042 0.033333 0.014583
0 0.991667 0.661458 0.014815 0.026042
0 1.000926 0.668229 0.022222 0.015625
0 0.994444 0.647917 0.031481 0.014583
0 0.601852 0.464583 0.027778 0.015625
0 0.655556 0.654687 0.031481 0.017708
0 0.994444 0.635417 0.009259 0.023958
0 0.993519 0.551562 0.011111 0.018750
0 0.991667 0.700521 0.012963 0.022917
0 0.993519 0.532813 0.011111 0.021875
0 0.990741 0.754167 0.018519 0.017708
0 0.994444 0.665104 0.007407 0.012500
0 0.989815 0.768229 0.014815 0.008333
0 0.979630 0.231771 0.018519 0.011458
0 0.991667 0.735938 0.014815 0.014583
0 0.971296 0.268229 0.035185 0.018750
0 0.627778 0.492188 0.024074 0.013542
0 0.997222 0.521875 0.022222 0.017708
0 0.991667 0.705208 0.027778 0.021875
0 0.992593 0.709375 0.012963 0.018750
0 0.994444 0.450521 0.009259 0.021875
0 0.724074 0.690104 0.027778 0.016667
0 0.926852 0.782292 0.031481 0.019792
0 0.994444 0.380208 0.009259 0.022917
0 0.994444 0.261458 0.009259 0.014583
0 0.994444 0.658333 0.011111 0.019792
0 0.993519 0.718229 0.009259 0.017708
0 0.992593 0.414583 0.011111 0.022917
0 0.994444 0.630208 0.007407 0.020833
0 0.992593 0.773958 0.011111 0.018750
0 0.992593 0.748958 0.012963 0.026042
