0 0.182407 0.597396 0.020370 0.010417
0 0.482407 0.312500 0.025926 0.017708
0 0.137963 0.698958 0.037037 0.019792
0 0.009259 0.588542 0.012963 0.016667
0 0.016667 0.703125 0.033333 0.018750
0 0.012963 0.460938 0.025926 0.025000
0 0.018519 0.681771 0.037037 0.021875
0 0.012963 0.557813 0.025926 0.011458
0 0.042593 0.718229 0.038889 0.021875
0 0.065741 0.641146 0.035185 0.017708
0 0.047222 0.727604 0.031481 0.016667
0 0.383333 0.347396 0.025926 0.015625
0 0.086111 0.290625 0.031481 0.017708
0 0.090741 0.735417 0.037037 0.019792
0 0.603704 0.324479 0.022222 0.013542
0 0.668519 0.477604 0.022222 0.011458
0 0.682407 0.310417 0.022222 0.014583
0 0.996296 0.267708 0.003704 0.015625
0 0.775000 0.491667 0.027778 0.015625
0 0.617593 0.282292 0.024074 0.015625
0 0.602778 0.498958 0.024074 0.013542
0 0.582407 0.309375 0.025926 0.015625
0 0.996296 0.675000 0.007407 0.017708
0 0.643519 0.499479 0.024074 0.014583
0 0.602778 0.314063 0.020370 0.013542
0 0.634259 0.489063 0.022222 0.012500
0 0.727778 0.308854 0.024074 0.014583
0 0.990741 0.680729 0.016667 0.020833
0 0.837963 0.402083 0.031481 0.020833
0 0.779630 0.428646 0.020370 0.010417
0 0.997222 0.508854 0.003704 0.017708
0 0.990741 0.678125 0.014815 0.016667
0 0.997222 0.704167 0.003704 0.016667
0 0.989815 0.667188 0.018519 0.011458
0 0.996296 0.738542 0.007407 0.017708
0 0.993519 0.684375 0.011111 0.018750
0 0.995370 0.352083 0.009259 0.014583
0 0.992593 0.340104 0.011111 0.013542
0 0.994444 0.662500 0.009259 0.013542
0 0.981481 0.385417 0.009259 0.013542
0 0.995370 0.393229 0.007407 0.013542
0 0.993519 0.677604 0.009259 0.016667
0 0.993519 0.596875 0.011111 0.028125
0 0.996296 0.468229 0.007407 0.020833
0 0.996296 0.703125 0.005556 0.014583
0 0.995370 0.707812 0.009259 0.013542
0 0.999074 0.435937 0.000000 0.000000
0 0.991667 0.708854 0.012963 0.017708
0 0.996296 0.477604 0.003704 0.010417
0 0.594444 0.507292 0.016667 0.011458
0 0.990741 0.464062 0.016667 0.012500
0 0.224074 0.508333 0.029630 0.016667
0 0.700926 0.308854 0.022222 0.014583
0 0.228704 0.484896 0.029630 0.015625
0 0.996296 0.649479 0.024074 0.017708
0 0.447222 0.310417 0.027778 0.017708
0 0.492593 0.578646 0.024074 0.014583
0 0.666667 0.188021 0.011111 0.007292
0 0.681481 0.310417 0.022222 0.015625
0 0.993519 0.323437 0.011111 0.010417
0 0.471296 0.354167 0.027778 0.015625
0 0.371296 0.712500 0.029630 0.016667
0 0.429630 0.552083 0.027778 0.017708
0 0.996296 0.563542 0.007407 0.012500
0 1.001852 0.668229 0.018519 0.016667
0 0.462963 0.315625 0.029630 0.018750
0 0.506481 0.310417 0.029630 0.019792
0 0.564815 0.711979 0.027778 0.017708
0 0.509259 0.296875 0.025926 0.015625
0 0.722222 0.396875 0.020370 0.012500
0 0.472222 0.571354 0.022222 0.014583
0 0.660185 0.492188 0.024074 0.013542
0 0.559259 0.514062 0.027778 0.015625
0 0.636111 0.310417 0.022222 0.013542
0 0.545370 0.578646 0.025926 0.015625
0 0.626852 0.302083 0.025926 0.015625
0 0.584259 0.510938 0.025926 0.016667
0 0.994444 0.528125 0.009259 0.011458
0 0.604630 0.484896 0.024074 0.012500
0 0.545370 0.579167 0.024074 0.014583
0 0.586111 0.510938 0.027778 0.016667
