0 0.878704 0.579688 0.020370 0.011458
0 0.738889 0.687500 0.033333 0.019792
0 0.996296 0.709896 0.014815 0.025000
0 0.696296 0.719792 0.029630 0.017708
0 0.950000 0.716667 0.029630 0.015625
0 0.769444 0.353646 0.031481 0.017708
0 0.808333 0.295312 0.027778 0.015625
0 0.990741 0.696875 0.016667 0.021875
0 0.762963 0.372396 0.027778 0.014583
0 0.993519 0.730729 0.011111 0.021875
0 0.787037 0.390104 0.031481 0.016667
0 0.799074 0.666667 0.029630 0.017708
0 0.994444 0.660417 0.009259 0.025000
0 0.993519 0.553646 0.009259 0.017708
0 0.990741 0.739583 0.014815 0.026042
0 0.990741 0.758854 0.018519 0.018750
0 0.991667 0.767188 0.014815 0.008333
0 0.989815 0.234375 0.020370 0.011458
0 0.993519 0.272917 0.012963 0.018750
0 0.989815 0.724479 0.016667 0.023958
0 0.991667 0.707292 0.014815 0.019792
0 0.994444 0.495833 0.009259 0.022917
0 0.769444 0.501563 0.024074 0.013542
0 0.866667 0.704688 0.031481 0.017708
0 0.992593 0.790625 0.014815 0.018750
0 0.994444 0.358854 0.009259 0.022917
0 0.994444 0.260937 0.009259 0.014583
0 0.993519 0.642708 0.009259 0.018750
0 0.994444 0.717187 0.009259 0.016667
0 0.993519 0.427083 0.012963 0.023958
0 0.995370 0.598958 0.009259 0.021875
0 0.993519 0.785937 0.012963 0.019792
0 0.994444 0.667708 0.009259 0.019792
0 0.995370 0.645312 0.007407 0.013542
0 0.900926 0.710417 0.033333 0.018750
0 0.999074 0.679688 0.033333 0.014583
0 0.992593 0.528646 0.014815 0.029167
0 0.385185 0.481771 0.027778 0.015625
0 0.383333 0.301563 0.024074 0.014583
0 0.623148 0.671875 0.033333 0.019792
0 0.424074 0.392708 0.029630 0.017708
0 0.428704 0.409896 0.022222 0.010417
0 0.398148 0.423958 0.012963 0.007292
0 0.828704 0.526563 0.024074 0.013542
0 0.747222 0.473958 0.027778 0.016667
0 0.426852 0.384375 0.016667 0.009375
0 0.684259 0.694271 0.037037 0.020833
0 0.995370 0.319271 0.020370 0.010417
0 0.659259 0.719792 0.031481 0.018750
0 0.992593 0.697396 0.014815 0.028125
0 0.295370 0.307292 0.020370 0.013542
0 0.320370 0.481771 0.025926 0.012500
0 0.302778 0.317188 0.020370 0.013542
0 0.993519 0.792188 0.011111 0.025000
0 0.332407 0.467708 0.025926 0.013542
0 0.350000 0.303125 0.027778 0.014583
0 0.837963 0.286458 0.027778 0.016667
0 0.012037 0.540625 0.024074 0.017708
0 0.861111 0.540104 0.018519 0.011458
0 0.708333 0.696875 0.025926 0.016667
0 0.038889 0.308854 0.035185 0.017708
0 0.071296 0.304167 0.038889 0.020833
0 0.080556 0.695833 0.031481 0.016667
0 0.087963 0.290625 0.035185 0.017708
0 0.396296 0.388021 0.022222 0.012500
0 0.122222 0.555208 0.020370 0.011458
0 0.347222 0.483333 0.022222 0.012500
0 0.197222 0.503646 0.022222 0.014583
0 0.181481 0.558854 0.022222 0.010417
0 0.015741 0.697396 0.031481 0.015625
0 0.988889 0.394271 0.020370 0.015625
0 0.326852 0.303646 0.020370 0.012500
0 0.183333 0.567187 0.029630 0.014583
0 0.315741 0.294792 0.025926 0.014583
0 0.995370 0.638021 0.007407 0.021875
0 0.995370 0.544271 0.024074 0.011458
0 0.212037 0.500521 0.029630 0.016667
0 0.844444 0.530729 0.020370 0.011458
0 0.257407 0.475000 0.020370 0.011458
0 0.184259 0.567187 0.029630 0.014583
0 0.993519 0.693229 0.011111 0.015625
0 0.214815 0.502083 0.031481 0.016667
0 0.235185 0.496354 0.022222 0.014583
0 0.270370 0.276042 0.025926 0.015625
0 0.264815 0.489063 0.024074 0.014583
0 0.275000 0.303125 0.024074 0.013542
0 0.987037 0.655729 0.024074 0.019792
0 0.303704 0.490104 0.025926 0.013542
