0 0.997222 0.472396 0.003704 0.008333
0 0.993519 0.686979 0.012963 0.015625
0 0.996296 0.450521 0.007407 0.020833
0 0.995370 0.665625 0.007407 0.013542
0 1.007407 0.430729 0.018519 0.027083
0 0.994444 0.648958 0.009259 0.015625
0 0.995370 0.727604 0.005556 0.016667
0 0.997222 0.666667 0.003704 0.015625
0 0.721296 0.483854 0.020370 0.012500
0 0.422222 0.366146 0.037037 0.021875
0 0.066667 0.607292 0.031481 0.017708
0 0.089815 0.714583 0.035185 0.020833
0 0.072222 0.156250 0.024074 0.014583
0 0.057407 0.523438 0.024074 0.013542
0 0.061111 0.487500 0.035185 0.017708
0 0.105556 0.422396 0.050000 0.028125
0 0.100926 0.684896 0.038889 0.022917
0 0.079630 0.521354 0.025926 0.014583
0 0.123148 0.451042 0.051852 0.025000
0 0.145370 0.435417 0.050000 0.028125
0 0.160185 0.582292 0.014815 0.018750
0 0.208333 0.690625 0.031481 0.017708
0 0.187037 0.452083 0.048148 0.026042
0 0.210185 0.669792 0.033333 0.020833
0 0.170370 0.551562 0.027778 0.013542
0 0.235185 0.705208 0.035185 0.022917
0 0.250000 0.629687 0.033333 0.016667
0 0.212037 0.716667 0.025926 0.015625
0 0.578704 0.335417 0.025926 0.015625
0 0.218519 0.285417 0.031481 0.015625
0 0.238889 0.725000 0.031481 0.020833
0 0.370370 0.584896 0.018519 0.009375
0 0.622222 0.300521 0.024074 0.016667
0 0.300926 0.686458 0.027778 0.014583
0 0.979630 0.450000 0.016667 0.010417
0 0.380556 0.497917 0.031481 0.016667
0 0.806481 0.295312 0.024074 0.014583
0 0.379630 0.475000 0.031481 0.016667
0 0.996296 0.626563 0.024074 0.017708
0 0.586111 0.298958 0.029630 0.018750
0 0.604630 0.564583 0.025926 0.014583
0 0.763889 0.176042 0.011111 0.008333
0 0.784259 0.297396 0.024074 0.013542
0 0.705556 0.337500 0.040741 0.021875
0 0.516667 0.696354 0.022222 0.012500
0 0.608333 0.534896 0.025926 0.015625
0 0.607407 0.301563 0.033333 0.014583
0 0.650000 0.298438 0.029630 0.019792
0 0.746296 0.690625 0.025926 0.015625
0 0.650000 0.284375 0.024074 0.012500
0 0.841667 0.379167 0.016667 0.010417
0 0.594444 0.559375 0.018519 0.008333
0 0.775000 0.477083 0.024074 0.013542
0 0.683333 0.499479 0.031481 0.014583
0 0.727778 0.296875 0.024074 0.014583
0 0.675926 0.563021 0.024074 0.014583
0 0.724074 0.290104 0.022222 0.011458
0 0.714815 0.495312 0.027778 0.015625
0 0.725000 0.469271 0.022222 0.011458
0 0.675000 0.563542 0.025926 0.013542
0 0.715741 0.495833 0.027778 0.015625
0 0.725926 0.269271 0.024074 0.013542
0 0.673148 0.298958 0.022222 0.012500
0 0.995370 0.667188 0.005556 0.019792
0 0.761111 0.484375 0.024074 0.014583
0 0.695370 0.302083 0.020370 0.013542
0 0.748148 0.473438 0.022222 0.013542
0 0.693519 0.313021 0.022222 0.014583
0 0.783333 0.461979 0.020370 0.011458
0 0.785185 0.297396 0.024074 0.013542
0 0.904630 0.473438 0.027778 0.015625
0 0.832407 0.294271 0.024074 0.014583
0 0.988889 0.666146 0.022222 0.025000
0 0.969444 0.383333 0.031481 0.019792
0 0.997222 0.498437 0.003704 0.017708
0 0.991667 0.657292 0.014815 0.016667
0 0.003704 0.265625 0.007407 0.017708
0 0.062037 0.139063 0.025926 0.013542
0 0.010185 0.432292 0.020370 0.020833
0 0.013889 0.445833 0.027778 0.019792
0 0.011111 0.536979 0.022222 0.017708
0 0.070370 0.703125 0.027778 0.015625
0 0.077778 0.317188 0.033333 0.015625
0 0.052778 0.318229 0.027778 0.016667
0 0.228704 0.228646 0.031481 0.016667
0 0.223148 0.270833 0.027778 0.017708
0 0.036111 0.445312 0.031481 0.017708
0 0.030556 0.518750 0.018519 0.011458
0 0.055556 0.707812 0.031481 0.017708
0 0.053704 0.152083 0.025926 0.014583
