0 0.030556 0.295833 0.035185 0.016667
0 0.120370 0.602604 0.022222 0.010417
0 0.038889 0.741146 0.040741 0.020833
0 0.005556 0.731771 0.011111 0.022917
0 0.316667 0.352083 0.025926 0.016667
0 0.425000 0.317188 0.027778 0.017708
0 0.611111 0.495833 0.024074 0.013542
0 0.087037 0.703646 0.040741 0.021875
0 0.990741 0.459896 0.018519 0.012500
0 0.168519 0.513542 0.035185 0.017708
0 0.646296 0.313542 0.024074 0.014583
0 0.173148 0.490104 0.031481 0.016667
0 0.995370 0.654687 0.024074 0.017708
0 0.389815 0.315625 0.025926 0.018750
0 0.448148 0.582292 0.024074 0.014583
0 0.612037 0.193750 0.011111 0.008333
0 0.628704 0.315104 0.022222 0.013542
0 0.992593 0.321354 0.011111 0.011458
0 0.394444 0.357812 0.025926 0.014583
0 0.321296 0.716667 0.031481 0.016667
0 0.372222 0.555729 0.027778 0.017708
0 0.995370 0.562500 0.005556 0.012500
0 1.001852 0.673438 0.018519 0.016667
0 0.404630 0.320312 0.029630 0.018750
0 0.447222 0.315104 0.031481 0.019792
0 0.506481 0.714583 0.031481 0.017708
0 0.450926 0.300521 0.027778 0.015625
0 0.670370 0.400000 0.022222 0.013542
0 0.437037 0.571875 0.029630 0.014583
0 0.510185 0.517708 0.024074 0.013542
0 0.996296 0.453125 0.005556 0.016667
0 0.585185 0.314063 0.024074 0.012500
0 0.494444 0.581771 0.025926 0.015625
0 0.576852 0.306250 0.024074 0.013542
0 0.532407 0.513542 0.025926 0.016667
0 0.993519 0.534896 0.009259 0.011458
0 0.554630 0.488021 0.024074 0.012500
0 0.495370 0.581771 0.025926 0.014583
0 0.533333 0.513542 0.025926 0.016667
0 0.542593 0.509896 0.016667 0.011458
0 0.563889 0.286458 0.024074 0.015625
0 0.553704 0.502604 0.024074 0.013542
0 0.531481 0.313542 0.025926 0.015625
0 0.996296 0.681250 0.005556 0.017708
0 0.594444 0.502604 0.024074 0.014583
0 0.552778 0.317188 0.020370 0.014583
0 0.591667 0.491667 0.025926 0.012500
0 0.553704 0.327604 0.020370 0.013542
0 0.618519 0.480208 0.024074 0.011458
0 0.628704 0.314063 0.022222 0.014583
0 0.996296 0.268229 0.003704 0.016667
0 0.720370 0.494271 0.027778 0.015625
0 0.673148 0.313542 0.024074 0.015625
0 0.991667 0.683854 0.018519 0.021875
0 0.778704 0.404687 0.031481 0.019792
0 0.722222 0.431250 0.020370 0.010417
0 0.997222 0.502083 0.003704 0.017708
0 0.991667 0.690104 0.016667 0.016667
0 0.996296 0.706771 0.003704 0.017708
0 0.988889 0.664062 0.020370 0.012500
0 0.995370 0.739062 0.005556 0.016667
0 0.993519 0.694271 0.011111 0.018750
0 0.995370 0.356771 0.009259 0.015625
0 0.992593 0.336979 0.011111 0.014583
0 0.994444 0.664583 0.011111 0.013542
0 0.948148 0.386979 0.007407 0.012500
0 0.995370 0.397396 0.007407 0.013542
0 0.993519 0.679688 0.009259 0.016667
0 0.993519 0.592187 0.011111 0.028125
0 0.996296 0.481250 0.007407 0.020833
0 0.996296 0.713542 0.005556 0.014583
0 0.994444 0.711458 0.009259 0.013542
0 0.999074 0.435937 0.000000 0.000000
0 0.992593 0.713021 0.014815 0.017708
0 0.997222 0.479687 0.005556 0.011458
