0 0.242593 0.326562 0.027778 0.017708
0 0.439815 0.239583 0.031481 0.017708
0 0.430556 0.280729 0.029630 0.016667
0 0.253704 0.449479 0.027778 0.016667
0 0.207407 0.519792 0.014815 0.009375
0 0.240741 0.713021 0.029630 0.020833
0 0.303704 0.158854 0.024074 0.014583
0 0.629630 0.374479 0.033333 0.016667
0 0.262963 0.611979 0.033333 0.017708
0 0.285185 0.719792 0.035185 0.021875
0 0.305556 0.159375 0.024074 0.014583
0 0.220370 0.528646 0.024074 0.013542
0 0.242593 0.493229 0.029630 0.017708
0 0.344444 0.427604 0.048148 0.028125
0 0.295370 0.690104 0.035185 0.020833
0 0.241667 0.527083 0.025926 0.014583
0 0.356481 0.456250 0.050000 0.027083
0 0.384259 0.440625 0.046296 0.027083
0 0.349074 0.590625 0.014815 0.018750
0 0.419444 0.698958 0.033333 0.018750
0 0.418519 0.458854 0.046296 0.027083
0 0.419444 0.677604 0.033333 0.020833
0 0.363889 0.558854 0.031481 0.014583
0 0.439815 0.715104 0.031481 0.022917
0 0.078704 0.454688 0.025926 0.010417
0 0.317593 0.164062 0.022222 0.014583
0 0.871296 0.517188 0.024074 0.014583
0 0.059259 0.421875 0.038889 0.020833
0 0.070370 0.546354 0.029630 0.014583
0 0.092593 0.543229 0.035185 0.017708
0 0.439815 0.522917 0.018519 0.010417
0 0.126852 0.540625 0.027778 0.015625
0 0.518519 0.490104 0.020370 0.014583
0 0.451852 0.291146 0.033333 0.019792
0 0.159259 0.252604 0.033333 0.020833
0 0.157407 0.252604 0.033333 0.021875
0 0.157407 0.540104 0.035185 0.018750
0 0.951852 0.724479 0.027778 0.013542
0 0.205556 0.221354 0.035185 0.020833
0 0.956481 0.437500 0.022222 0.013542
0 0.189815 0.271354 0.029630 0.018750
0 0.312037 0.146875 0.024074 0.013542
0 0.226852 0.435937 0.033333 0.020833
0 0.228704 0.450521 0.035185 0.017708
0 0.191667 0.540625 0.033333 0.017708
0 0.266667 0.708333 0.029630 0.017708
0 0.267593 0.325000 0.029630 0.015625
0 0.995370 0.466667 0.005556 0.014583
0 0.456481 0.638542 0.029630 0.015625
0 0.390741 0.726562 0.029630 0.016667
0 0.845370 0.344792 0.025926 0.015625
0 0.424074 0.293229 0.027778 0.014583
0 0.407407 0.735417 0.037037 0.019792
0 0.590741 0.596354 0.018519 0.010417
0 0.855556 0.313542 0.022222 0.014583
0 0.504630 0.696875 0.024074 0.012500
0 0.582407 0.508854 0.029630 0.018750
0 0.994444 0.313021 0.011111 0.016667
0 0.575000 0.486458 0.025926 0.017708
0 0.841667 0.309896 0.038889 0.025000
0 0.794444 0.581250 0.020370 0.013542
0 0.962963 0.194792 0.012963 0.008333
0 0.975926 0.315625 0.024074 0.014583
0 0.740741 0.714583 0.018519 0.010417
0 0.848148 0.314063 0.029630 0.012500
0 0.869444 0.310937 0.031481 0.015625
0 0.963889 0.713542 0.031481 0.016667
0 0.867593 0.298958 0.022222 0.012500
0 0.993519 0.394271 0.014815 0.009375
0 0.793519 0.578646 0.014815 0.007292
0 0.858333 0.518229 0.024074 0.013542
0 0.908333 0.316146 0.024074 0.014583
0 0.857407 0.583333 0.025926 0.014583
0 0.900000 0.307812 0.027778 0.014583
0 0.904630 0.514583 0.029630 0.016667
0 0.911111 0.487500 0.016667 0.009375
0 0.857407 0.583333 0.025926 0.013542
0 0.902778 0.514062 0.027778 0.015625
0 0.921296 0.286979 0.024074 0.014583
0 0.908333 0.503646 0.018519 0.012500
0 0.868519 0.311458 0.033333 0.016667
0 0.940741 0.504167 0.025926 0.014583
0 0.880556 0.318229 0.022222 0.012500
0 0.930556 0.492188 0.024074 0.014583
0 0.871296 0.328646 0.022222 0.013542
0 0.970370 0.481250 0.018519 0.009375
0 0.975926 0.315104 0.024074 0.014583
0 0.996296 0.313542 0.016667 0.015625
0 0.995370 0.408333 0.005556 0.017708
