0 0.041667 0.256250 0.027778 0.014583
0 0.950000 0.794792 0.033333 0.018750
0 0.992593 0.608854 0.012963 0.022917
0 0.992593 0.749479 0.012963 0.023958
0 0.996296 0.395313 0.003704 0.012500
0 0.993519 0.676562 0.012963 0.020833
0 0.937963 0.683854 0.033333 0.017708
0 1.010185 0.451562 0.048148 0.035417
0 0.622222 0.694271 0.029630 0.016667
0 1.011111 0.319271 0.044444 0.027083
0 0.993519 0.505208 0.009259 0.017708
0 1.000926 0.793750 0.018519 0.010417
0 0.995370 0.545312 0.009259 0.020833
0 0.640741 0.688542 0.022222 0.013542
0 0.998148 0.691667 0.035185 0.015625
0 0.990741 0.527083 0.018519 0.027083
0 0.504630 0.462500 0.027778 0.015625
0 0.996296 0.652083 0.029630 0.013542
0 0.992593 0.590104 0.012963 0.014583
0 0.915741 0.664062 0.024074 0.015625
0 0.036111 0.473438 0.024074 0.015625
0 0.008333 0.480208 0.016667 0.014583
0 0.995370 0.678125 0.007407 0.019792
0 0.996296 0.441146 0.005556 0.015625
0 0.993519 0.398958 0.011111 0.020833
0 0.992593 0.571875 0.012963 0.025000
0 0.921296 0.733854 0.033333 0.017708
0 1.006481 0.517188 0.092593 0.044792
0 0.949074 0.673438 0.037037 0.019792
0 0.100926 0.298958 0.024074 0.012500
0 0.087037 0.464583 0.025926 0.012500
0 0.087963 0.289583 0.022222 0.014583
0 0.074074 0.473958 0.027778 0.014583
0 0.706481 0.641667 0.033333 0.019792
0 0.065741 0.285417 0.024074 0.013542
0 0.406481 0.702083 0.029630 0.018750
0 0.926852 0.569271 0.018519 0.010417
0 1.011111 0.670833 0.037037 0.020833
0 0.954630 0.539583 0.042593 0.022917
0 0.863889 0.699479 0.050000 0.026042
0 0.992593 0.539583 0.011111 0.016667
0 0.993519 0.533854 0.012963 0.022917
0 0.986111 0.757812 0.027778 0.018750
0 0.994444 0.693229 0.009259 0.014583
0 0.990741 0.769792 0.014815 0.008333
0 0.994444 0.223958 0.009259 0.018750
0 0.995370 0.491146 0.007407 0.021875
0 0.991667 0.735938 0.016667 0.015625
0 0.935185 0.275000 0.027778 0.018750
0 0.531481 0.490625 0.024074 0.013542
0 0.997222 0.540625 0.024074 0.018750
0 0.825926 0.710417 0.040741 0.021875
0 0.679630 0.702083 0.027778 0.014583
0 0.993519 0.261979 0.009259 0.016667
0 0.995370 0.594271 0.009259 0.025000
0 0.994444 0.378646 0.009259 0.021875
0 0.775000 0.785417 0.029630 0.019792
0 0.592593 0.688542 0.025926 0.016667
0 0.166667 0.377604 0.033333 0.017708
0 0.220370 0.394792 0.018519 0.009375
0 0.164815 0.407813 0.024074 0.014583
0 0.601852 0.515104 0.022222 0.012500
0 0.181481 0.372917 0.022222 0.012500
0 0.379630 0.677604 0.035185 0.020833
0 0.874074 0.309375 0.024074 0.014583
0 0.370370 0.703125 0.031481 0.018750
0 0.992593 0.682292 0.012963 0.025000
0 0.614815 0.568750 0.024074 0.013542
0 0.433333 0.655729 0.022222 0.012500
0 0.431481 0.670312 0.035185 0.018750
0 1.007407 0.505208 0.029630 0.019792
0 0.984259 0.676042 0.033333 0.020833
0 0.428704 0.679688 0.024074 0.013542
0 0.925000 0.707292 0.031481 0.017708
0 0.796296 0.797396 0.040741 0.025000
0 0.106481 0.453125 0.025926 0.011458
0 0.125000 0.286458 0.027778 0.015625
0 0.593519 0.278125 0.027778 0.016667
0 0.135185 0.466146 0.031481 0.015625
0 0.159259 0.285938 0.025926 0.014583
0 0.338889 0.657292 0.025926 0.016667
0 0.926852 0.453125 0.038889 0.019792
0 0.508333 0.343229 0.029630 0.017708
0 0.572222 0.286979 0.027778 0.014583
0 0.795370 0.666146 0.044444 0.022917
0 0.992593 0.603646 0.014815 0.020833
0 0.509259 0.362500 0.027778 0.014583
0 0.993519 0.506250 0.020370 0.011458
0 0.826852 0.709896 0.038889 0.023958
0 0.528704 0.378646 0.027778 0.014583
0 0.530556 0.651563 0.029630 0.017708
0 0.994444 0.611458 0.009259 0.023958
