0 0.629630 0.333333 0.025926 0.015625
0 0.250000 0.711979 0.025926 0.015625
0 0.292593 0.625521 0.031481 0.016667
0 0.277778 0.700000 0.033333 0.021875
0 0.210185 0.547917 0.029630 0.013542
0 0.255556 0.664583 0.033333 0.019792
0 0.235185 0.449479 0.044444 0.025000
0 0.253704 0.685417 0.031481 0.017708
0 0.201852 0.577604 0.014815 0.018750
0 0.195370 0.432292 0.046296 0.027083
0 0.172222 0.447917 0.050000 0.026042
0 0.112037 0.517188 0.024074 0.014583
0 0.142593 0.679167 0.037037 0.022917
0 0.156481 0.420312 0.048148 0.028125
0 0.098148 0.484375 0.035185 0.017708
0 0.089815 0.519792 0.024074 0.013542
0 0.123148 0.154688 0.022222 0.014583
0 0.132407 0.708854 0.035185 0.020833
0 0.109259 0.603125 0.031481 0.017708
0 0.465741 0.363542 0.029630 0.019792
0 0.104630 0.150521 0.024074 0.014583
0 0.096296 0.702604 0.031481 0.018750
0 0.064815 0.514583 0.016667 0.010417
0 0.081481 0.442188 0.029630 0.017708
0 0.263889 0.269271 0.027778 0.017708
0 0.269444 0.227604 0.031481 0.017708
0 0.090741 0.316146 0.025926 0.017708
0 0.115741 0.314583 0.029630 0.016667
0 0.113889 0.698438 0.027778 0.016667
0 0.044444 0.532813 0.033333 0.017708
0 0.056481 0.443229 0.035185 0.017708
0 0.050000 0.429167 0.037037 0.019792
0 0.114815 0.137500 0.025926 0.013542
0 0.813889 0.415104 0.024074 0.013542
0 0.025926 0.213021 0.037037 0.021875
0 0.762037 0.697396 0.027778 0.013542
0 0.013889 0.533333 0.027778 0.019792
0 0.008333 0.246354 0.016667 0.016667
0 0.033333 0.261979 0.031481 0.018750
0 0.785185 0.686458 0.027778 0.016667
0 0.691667 0.297396 0.031481 0.019792
0 0.651852 0.300521 0.033333 0.014583
0 0.649074 0.532292 0.025926 0.015625
0 0.550926 0.692708 0.022222 0.011458
0 0.815741 0.295312 0.022222 0.013542
0 0.798148 0.174479 0.011111 0.007292
0 0.632407 0.561458 0.022222 0.014583
0 0.632407 0.297917 0.033333 0.020833
0 0.997222 0.622917 0.024074 0.017708
0 0.417593 0.472396 0.031481 0.017708
0 0.838889 0.293750 0.024074 0.014583
0 0.421296 0.495312 0.031481 0.016667
0 0.988889 0.448437 0.014815 0.010417
0 0.344444 0.681250 0.027778 0.013542
0 0.657407 0.299479 0.035185 0.014583
0 0.415741 0.581250 0.018519 0.010417
0 0.275000 0.719792 0.035185 0.020833
0 0.257407 0.283333 0.031481 0.016667
0 0.997222 0.471354 0.003704 0.008333
0 0.690741 0.283333 0.022222 0.012500
0 0.877778 0.377604 0.016667 0.010417
0 0.630556 0.556771 0.016667 0.008333
0 0.806481 0.475000 0.024074 0.013542
0 0.715741 0.496875 0.027778 0.013542
0 0.756481 0.295312 0.024074 0.014583
0 0.707407 0.560937 0.024074 0.013542
0 0.756481 0.288021 0.022222 0.010417
0 0.747222 0.493750 0.025926 0.015625
0 0.756481 0.468229 0.020370 0.011458
0 0.705556 0.560937 0.025926 0.013542
0 0.747222 0.493229 0.027778 0.015625
0 0.759259 0.267708 0.024074 0.013542
0 0.751852 0.481771 0.020370 0.013542
0 0.708333 0.296354 0.022222 0.012500
0 0.996296 0.665104 0.007407 0.018750
0 0.791667 0.482292 0.025926 0.013542
0 0.725000 0.300000 0.020370 0.013542
0 0.779630 0.470833 0.024074 0.013542
0 0.724074 0.309896 0.022222 0.014583
0 0.813889 0.459896 0.022222 0.010417
0 0.817593 0.295833 0.024074 0.014583
0 0.937963 0.471354 0.027778 0.014583
0 0.863889 0.292708 0.024074 0.014583
0 0.988889 0.664583 0.022222 0.026042
0 0.995370 0.382292 0.009259 0.017708
0 0.997222 0.664583 0.003704 0.015625
0 0.996296 0.723958 0.005556 0.016667
0 0.993519 0.645312 0.007407 0.014583
0 0.995370 0.660937 0.007407 0.012500
0 0.993519 0.684375 0.011111 0.014583
