0 0.500000 0.400521 0.022222 0.012500
0 0.276852 0.576042 0.022222 0.013542
0 0.455556 0.495312 0.020370 0.012500
0 0.321296 0.518750 0.020370 0.013542
0 0.313889 0.573958 0.024074 0.010417
0 0.996296 0.411458 0.003704 0.014583
0 0.296296 0.584375 0.016667 0.012500
0 0.425926 0.197396 0.011111 0.006250
0 0.449074 0.317188 0.022222 0.013542
0 0.965741 0.320312 0.035185 0.016667
0 0.100000 0.360938 0.031481 0.016667
0 0.180556 0.714583 0.022222 0.012500
0 0.151852 0.558333 0.027778 0.017708
0 0.977778 0.543750 0.024074 0.013542
0 0.887963 0.701562 0.027778 0.016667
0 0.174074 0.328125 0.029630 0.017708
0 0.207407 0.323437 0.040741 0.020833
0 0.258333 0.713542 0.031481 0.017708
0 0.222222 0.309896 0.031481 0.016667
0 0.994444 0.574479 0.011111 0.026042
0 0.989815 0.778125 0.016667 0.029167
0 0.990741 0.773438 0.016667 0.017708
0 0.989815 0.248958 0.018519 0.010417
0 0.992593 0.273958 0.011111 0.016667
0 0.891667 0.506250 0.025926 0.013542
0 0.990741 0.734896 0.018519 0.023958
0 0.995370 0.711458 0.005556 0.014583
0 0.994444 0.534375 0.009259 0.023958
0 0.994444 0.704167 0.009259 0.014583
0 0.992593 0.777604 0.012963 0.016667
0 0.994444 0.621354 0.009259 0.017708
0 0.995370 0.702083 0.005556 0.012500
0 1.001852 0.444271 0.005556 0.004167
0 0.992593 0.626563 0.012963 0.025000
0 0.992593 0.784375 0.012963 0.019792
0 0.994444 0.629687 0.009259 0.020833
0 0.994444 0.639583 0.009259 0.016667
0 0.993519 0.703125 0.012963 0.018750
0 0.991667 0.567708 0.016667 0.032292
0 0.873148 0.479167 0.027778 0.016667
0 0.951852 0.670833 0.033333 0.017708
0 0.994444 0.566146 0.024074 0.011458
0 0.424074 0.317188 0.022222 0.012500
0 0.310185 0.582292 0.029630 0.014583
0 0.411111 0.309375 0.025926 0.014583
0 0.995370 0.682292 0.007407 0.022917
0 0.340741 0.516667 0.027778 0.017708
0 0.956481 0.533333 0.020370 0.012500
0 0.375000 0.489063 0.022222 0.011458
0 0.311111 0.582292 0.024074 0.014583
0 0.993519 0.681771 0.011111 0.015625
0 0.339815 0.516667 0.029630 0.017708
0 0.351852 0.510938 0.020370 0.013542
0 0.375926 0.291146 0.024074 0.015625
0 0.379630 0.502604 0.025926 0.014583
0 0.370370 0.317188 0.024074 0.015625
0 0.996296 0.681771 0.005556 0.017708
0 0.419444 0.503125 0.024074 0.014583
0 0.390741 0.321354 0.020370 0.013542
0 0.417593 0.492188 0.024074 0.011458
0 0.398148 0.331250 0.022222 0.013542
0 0.992593 0.768229 0.012963 0.032292
0 0.445370 0.480208 0.024074 0.012500
0 0.458333 0.316146 0.024074 0.014583
0 0.955556 0.291146 0.029630 0.016667
0 0.514815 0.493750 0.025926 0.015625
0 0.489815 0.315104 0.024074 0.015625
0 0.786111 0.678646 0.035185 0.020833
0 0.555556 0.404687 0.031481 0.017708
0 0.526852 0.421354 0.020370 0.011458
0 0.522222 0.436458 0.011111 0.006250
0 0.944444 0.530729 0.024074 0.013542
0 0.562963 0.397396 0.014815 0.009375
0 0.867593 0.701042 0.037037 0.019792
0 0.995370 0.327083 0.020370 0.010417
0 0.830556 0.726562 0.033333 0.017708
0 0.995370 0.560417 0.020370 0.011458
0 0.919444 0.692187 0.033333 0.017708
0 0.998148 0.743750 0.016667 0.026042
0 0.865741 0.725521 0.029630 0.017708
0 0.991667 0.724479 0.012963 0.018750
0 0.900000 0.359375 0.031481 0.017708
0 0.920370 0.301042 0.027778 0.014583
0 0.989815 0.696354 0.018519 0.023958
0 0.891667 0.378646 0.027778 0.014583
0 0.993519 0.726042 0.009259 0.020833
0 0.917593 0.394792 0.031481 0.015625
