0 0.878704 0.185938 0.011111 0.007292
0 0.892593 0.307292 0.025926 0.014583
0 0.636111 0.700521 0.020370 0.010417
0 0.741667 0.308854 0.031481 0.013542
0 0.777778 0.305729 0.031481 0.018750
0 0.860185 0.698958 0.029630 0.016667
0 0.777778 0.291667 0.024074 0.012500
0 0.957407 0.389062 0.016667 0.009375
0 0.700926 0.565104 0.014815 0.007292
0 0.785185 0.506771 0.031481 0.014583
0 0.828704 0.306250 0.024074 0.014583
0 0.773148 0.571354 0.024074 0.013542
0 0.821296 0.298438 0.025926 0.013542
0 0.818519 0.504167 0.027778 0.015625
0 0.826852 0.478125 0.018519 0.010417
0 0.773148 0.570312 0.024074 0.013542
0 0.817593 0.503646 0.027778 0.015625
0 0.837037 0.279167 0.024074 0.014583
0 0.822222 0.492188 0.020370 0.012500
0 0.787963 0.304688 0.022222 0.012500
0 0.996296 0.663021 0.007407 0.019792
0 0.858333 0.493229 0.024074 0.014583
0 0.797222 0.309896 0.022222 0.014583
0 0.848148 0.481250 0.022222 0.013542
0 0.793519 0.320312 0.022222 0.014583
0 0.881481 0.471354 0.020370 0.010417
0 0.891667 0.307292 0.024074 0.014583
0 0.995370 0.485938 0.005556 0.013542
0 0.940741 0.305208 0.024074 0.015625
0 0.988889 0.664062 0.022222 0.027083
0 0.995370 0.393750 0.005556 0.017708
0 0.997222 0.669792 0.003704 0.015625
0 0.994444 0.638021 0.007407 0.013542
0 0.995370 0.663542 0.005556 0.011458
0 0.997222 0.474479 0.003704 0.008333
0 0.288889 0.433333 0.046296 0.026042
0 0.270370 0.580729 0.014815 0.019792
0 0.329630 0.688542 0.031481 0.018750
0 0.325000 0.451562 0.046296 0.026042
0 0.330556 0.667188 0.033333 0.020833
0 0.282407 0.549479 0.029630 0.013542
0 0.351852 0.703646 0.033333 0.021875
0 0.368519 0.628646 0.029630 0.015625
0 0.312963 0.714583 0.025926 0.015625
0 0.734259 0.340104 0.025926 0.015625
0 0.339815 0.285417 0.031481 0.016667
0 0.331481 0.723437 0.037037 0.019792
0 0.496296 0.586458 0.016667 0.010417
0 0.749074 0.307812 0.020370 0.014583
0 0.993519 0.461458 0.014815 0.010417
0 0.495370 0.500521 0.029630 0.017708
0 0.915741 0.305729 0.025926 0.015625
0 0.491667 0.478125 0.027778 0.017708
0 0.996296 0.625521 0.024074 0.017708
0 0.734259 0.305208 0.037037 0.023958
0 0.698148 0.570312 0.020370 0.013542
0 0.416667 0.685417 0.027778 0.013542
0 0.013889 0.534896 0.027778 0.018750
0 0.375926 0.513021 0.020370 0.011458
0 0.050926 0.532292 0.027778 0.015625
0 0.435185 0.481250 0.020370 0.012500
0 0.370370 0.282292 0.033333 0.019792
0 0.086111 0.240625 0.020370 0.018750
0 0.082407 0.243750 0.031481 0.021875
0 0.079630 0.531771 0.035185 0.019792
0 0.843519 0.708854 0.027778 0.013542
0 0.118519 0.213542 0.037037 0.021875
0 0.878704 0.426563 0.024074 0.015625
0 0.112963 0.261979 0.031481 0.017708
0 0.218519 0.138542 0.025926 0.013542
0 0.137037 0.428646 0.035185 0.020833
0 0.140741 0.442708 0.035185 0.017708
0 0.114815 0.532292 0.033333 0.017708
0 0.183333 0.698958 0.027778 0.016667
0 0.191667 0.316146 0.029630 0.015625
0 0.167593 0.317188 0.027778 0.018750
0 0.356481 0.230729 0.029630 0.016667
0 0.346296 0.271354 0.027778 0.016667
0 0.165741 0.442188 0.029630 0.017708
0 0.132407 0.511979 0.016667 0.009375
0 0.162037 0.703125 0.029630 0.018750
0 0.210185 0.151562 0.024074 0.014583
0 0.539815 0.366667 0.029630 0.016667
0 0.181481 0.603125 0.029630 0.017708
0 0.201852 0.709896 0.035185 0.020833
0 0.225000 0.155729 0.022222 0.013542
0 0.150926 0.519792 0.022222 0.013542
0 0.167593 0.484896 0.031481 0.016667
0 0.249074 0.420312 0.046296 0.027083
0 0.212963 0.680208 0.035185 0.021875
0 0.173148 0.517708 0.024074 0.014583
0 0.262037 0.448958 0.048148 0.027083
