0 0.438889 0.453646 0.025926 0.015625
0 0.982407 0.647917 0.031481 0.014583
0 0.991667 0.539062 0.029630 0.017708
0 0.992593 0.577083 0.014815 0.016667
0 0.825000 0.652604 0.024074 0.015625
0 0.969444 0.678125 0.037037 0.015625
0 0.570370 0.677604 0.022222 0.013542
0 0.994444 0.546875 0.009259 0.021875
0 0.918519 0.779167 0.020370 0.011458
0 0.994444 0.510938 0.011111 0.017708
0 1.006481 0.308333 0.037037 0.022917
0 0.551852 0.683333 0.029630 0.016667
0 1.008333 0.489583 0.038889 0.029167
0 0.850000 0.671354 0.033333 0.016667
0 0.936111 0.668750 0.035185 0.020833
0 0.996296 0.396354 0.005556 0.013542
0 0.993519 0.743229 0.012963 0.023958
0 0.993519 0.605729 0.012963 0.021875
0 0.867593 0.779687 0.031481 0.017708
0 0.971296 0.673438 0.040741 0.021875
0 0.989815 0.539062 0.016667 0.026042
0 0.461111 0.640625 0.031481 0.017708
0 0.007407 0.276042 0.014815 0.015625
0 0.632407 0.630208 0.029630 0.017708
0 0.012037 0.466146 0.024074 0.014583
0 0.025000 0.281250 0.024074 0.013542
0 0.024074 0.457292 0.024074 0.012500
0 0.036111 0.291667 0.024074 0.014583
0 0.717593 0.782813 0.035185 0.021875
0 0.045370 0.444271 0.024074 0.012500
0 0.058333 0.278125 0.025926 0.015625
0 0.523148 0.270313 0.027778 0.014583
0 0.068519 0.458333 0.029630 0.015625
0 0.093519 0.277083 0.025926 0.014583
0 0.271296 0.647917 0.029630 0.015625
0 0.094444 0.369792 0.033333 0.018750
0 0.160185 0.386979 0.020370 0.009375
0 0.105556 0.400000 0.024074 0.014583
0 0.539815 0.506771 0.024074 0.012500
0 0.118519 0.364583 0.024074 0.012500
0 0.305556 0.668229 0.037037 0.020833
0 0.813889 0.304167 0.022222 0.012500
0 0.300000 0.693229 0.031481 0.017708
0 0.973148 0.672396 0.038889 0.019792
0 0.546296 0.559375 0.024074 0.013542
0 0.357407 0.646354 0.022222 0.012500
0 0.355556 0.660937 0.035185 0.018750
0 1.007407 0.486979 0.029630 0.019792
0 0.935185 0.668750 0.037037 0.021875
0 0.336111 0.692708 0.029630 0.017708
0 0.357407 0.669792 0.025926 0.013542
0 0.837037 0.559375 0.018519 0.011458
0 0.999074 0.671875 0.025926 0.014583
0 0.611111 0.690104 0.025926 0.013542
0 0.437037 0.335938 0.031481 0.017708
0 0.504630 0.279167 0.024074 0.015625
0 0.709259 0.654167 0.042593 0.021875
0 0.991667 0.608854 0.014815 0.020833
0 0.439815 0.355208 0.029630 0.015625
0 0.989815 0.494271 0.020370 0.011458
0 0.739815 0.697917 0.037037 0.020833
0 0.458333 0.371354 0.027778 0.014583
0 0.993519 0.598437 0.009259 0.023958
0 0.865741 0.529167 0.038889 0.020833
0 0.773148 0.685937 0.046296 0.023958
0 0.993519 0.539062 0.011111 0.017708
0 0.993519 0.514583 0.012963 0.022917
0 0.987963 0.433854 0.022222 0.025000
0 0.904630 0.742708 0.031481 0.016667
0 0.994444 0.708333 0.011111 0.015625
0 0.944444 0.771875 0.027778 0.016667
0 0.993519 0.224479 0.009259 0.019792
0 0.995370 0.508333 0.007407 0.021875
0 0.991667 0.720313 0.016667 0.015625
0 0.842593 0.269271 0.029630 0.019792
0 0.467593 0.481771 0.024074 0.013542
0 0.997222 0.540104 0.024074 0.018750
0 0.738889 0.697396 0.037037 0.021875
0 0.840741 0.694271 0.029630 0.016667
0 0.837037 0.444792 0.037037 0.019792
0 0.523148 0.677604 0.025926 0.015625
0 0.700000 0.771875 0.031481 0.019792
0 0.956481 0.372917 0.044444 0.022917
0 0.995370 0.608854 0.007407 0.023958
0 0.993519 0.259896 0.009259 0.017708
0 0.858333 0.661458 0.035185 0.019792
0 0.985185 0.620313 0.025926 0.021875
0 1.008333 0.505208 0.083333 0.041667
0 0.837963 0.720833 0.031481 0.018750
0 0.992593 0.626563 0.012963 0.025000
0 0.978704 0.395313 0.040741 0.021875
0 0.996296 0.443750 0.005556 0.015625
