0 0.995370 0.645312 0.024074 0.017708
0 0.003704 0.440625 0.007407 0.026042
0 0.031481 0.585938 0.012963 0.016667
0 0.040741 0.700521 0.033333 0.018750
0 0.026852 0.457813 0.050000 0.027083
0 0.043519 0.679688 0.035185 0.020833
0 0.034259 0.555729 0.025926 0.012500
0 0.067593 0.715625 0.035185 0.021875
0 0.090741 0.638542 0.035185 0.017708
0 0.068519 0.725000 0.033333 0.016667
0 0.409259 0.345833 0.024074 0.015625
0 0.107407 0.288542 0.033333 0.016667
0 0.112037 0.733333 0.037037 0.020833
0 0.208333 0.595313 0.020370 0.010417
0 0.505556 0.310937 0.025926 0.017708
0 0.160185 0.696875 0.033333 0.017708
0 0.990741 0.461979 0.016667 0.011458
0 0.247222 0.506771 0.031481 0.017708
0 0.720370 0.307292 0.024074 0.014583
0 0.251852 0.482812 0.029630 0.015625
0 0.468519 0.308854 0.027778 0.018750
0 0.511111 0.577083 0.024074 0.013542
0 0.685185 0.185938 0.011111 0.007292
0 0.701852 0.308333 0.024074 0.015625
0 0.993519 0.319792 0.011111 0.010417
0 0.996296 0.482812 0.003704 0.010417
0 0.500926 0.351042 0.027778 0.015625
0 0.391667 0.710938 0.029630 0.016667
0 0.453704 0.550000 0.027778 0.017708
0 0.996296 0.564063 0.007407 0.013542
0 1.001852 0.664583 0.018519 0.016667
0 0.485185 0.313021 0.029630 0.017708
0 0.528704 0.308333 0.031481 0.020833
0 0.590741 0.709896 0.027778 0.018750
0 0.531481 0.294271 0.024074 0.016667
0 0.740741 0.394792 0.018519 0.012500
0 0.490741 0.569792 0.022222 0.013542
0 0.681481 0.490104 0.024074 0.013542
0 0.578704 0.511458 0.027778 0.015625
0 0.653704 0.308854 0.022222 0.013542
0 0.565741 0.576042 0.027778 0.014583
0 0.646296 0.300521 0.025926 0.014583
0 0.605556 0.508333 0.025926 0.016667
0 0.994444 0.526563 0.009259 0.011458
0 0.625000 0.482812 0.022222 0.012500
0 0.565741 0.577083 0.024074 0.014583
0 0.606481 0.508854 0.027778 0.015625
0 0.614815 0.505208 0.016667 0.011458
0 0.637963 0.280208 0.025926 0.015625
0 0.623148 0.497396 0.024074 0.014583
0 0.600926 0.307292 0.024074 0.016667
0 0.996296 0.678125 0.007407 0.017708
0 0.663889 0.497396 0.025926 0.013542
0 0.621296 0.312500 0.020370 0.013542
0 0.654630 0.486458 0.022222 0.012500
0 0.621296 0.322396 0.022222 0.013542
0 0.688889 0.475521 0.024074 0.012500
0 0.701852 0.308333 0.024074 0.015625
0 0.996296 0.267708 0.003704 0.015625
0 0.796296 0.489583 0.027778 0.014583
0 0.747222 0.306771 0.025926 0.015625
0 0.989815 0.681250 0.016667 0.020833
0 0.860185 0.399479 0.031481 0.019792
0 0.801852 0.426563 0.020370 0.010417
0 0.997222 0.508333 0.003704 0.017708
0 0.991667 0.675521 0.016667 0.016667
0 0.997222 0.701562 0.003704 0.016667
0 0.988889 0.667708 0.018519 0.011458
0 0.995370 0.735417 0.005556 0.016667
0 0.993519 0.680729 0.011111 0.018750
0 0.995370 0.350000 0.009259 0.014583
0 0.993519 0.343229 0.012963 0.013542
0 0.994444 0.662500 0.009259 0.012500
0 0.992593 0.383854 0.009259 0.013542
0 0.996296 0.391146 0.007407 0.012500
0 0.993519 0.679688 0.009259 0.016667
0 0.995370 0.467187 0.007407 0.020833
0 0.996296 0.698958 0.005556 0.013542
0 0.994444 0.705729 0.009259 0.013542
0 0.992593 0.708854 0.012963 0.016667
