0 0.140741 0.296354 0.031481 0.014583
0 0.990741 0.523438 0.018519 0.027083
0 0.201852 0.387500 0.033333 0.019792
0 0.401852 0.665625 0.029630 0.018750
0 0.177778 0.295312 0.025926 0.014583
0 0.170370 0.477604 0.035185 0.015625
0 0.625000 0.280208 0.025926 0.014583
0 1.005556 0.565104 0.016667 0.010417
0 0.500000 0.686458 0.022222 0.012500
0 0.473148 0.710417 0.027778 0.017708
0 0.998148 0.664062 0.014815 0.023958
0 0.502778 0.678125 0.035185 0.018750
0 0.505556 0.662500 0.020370 0.011458
0 0.666667 0.570833 0.025926 0.013542
0 0.991667 0.683333 0.014815 0.027083
0 0.437963 0.711458 0.031481 0.018750
0 0.887963 0.292187 0.024074 0.012500
0 0.450926 0.685417 0.037037 0.021875
0 0.212037 0.380729 0.020370 0.012500
0 0.637963 0.517708 0.024074 0.013542
0 0.188889 0.418750 0.022222 0.012500
0 0.238889 0.405208 0.022222 0.010417
0 1.025000 0.643750 0.077778 0.043750
0 0.739815 0.703125 0.027778 0.014583
0 1.000926 0.660937 0.022222 0.015625
0 0.996296 0.656250 0.031481 0.014583
0 0.543519 0.465625 0.025926 0.015625
0 0.588889 0.656250 0.029630 0.017708
0 0.994444 0.623437 0.009259 0.025000
0 0.993519 0.532813 0.012963 0.020833
0 0.951852 0.697396 0.053704 0.022917
0 0.993519 0.532813 0.011111 0.022917
0 0.989815 0.753646 0.018519 0.018750
0 0.994444 0.678646 0.009259 0.013542
0 0.996296 0.767188 0.014815 0.008333
0 0.994444 0.229167 0.009259 0.018750
0 0.995370 0.497917 0.007407 0.021875
0 0.990741 0.738021 0.014815 0.014583
0 0.917593 0.274479 0.033333 0.018750
0 0.570370 0.493750 0.024074 0.013542
0 0.998148 0.529167 0.024074 0.018750
0 0.914815 0.708854 0.040741 0.022917
0 1.000000 0.704167 0.012963 0.016667
0 0.987963 0.447917 0.022222 0.020833
0 0.654630 0.692187 0.027778 0.016667
0 0.850926 0.784375 0.031481 0.018750
0 0.994444 0.379167 0.009259 0.022917
0 0.994444 0.261458 0.009259 0.015625
0 0.993519 0.666667 0.011111 0.020833
0 1.008333 0.511979 0.101852 0.050000
0 0.991667 0.729688 0.016667 0.019792
0 0.993519 0.546354 0.012963 0.023958
0 0.993519 0.417187 0.012963 0.022917
0 0.994444 0.659896 0.007407 0.019792
0 0.993519 0.782292 0.011111 0.017708
0 0.992593 0.750000 0.012963 0.025000
0 0.992593 0.676042 0.014815 0.022917
0 1.000000 0.658333 0.005556 0.010417
0 0.686111 0.696875 0.033333 0.017708
0 0.995370 0.790625 0.029630 0.017708
0 0.993519 0.542188 0.012963 0.023958
0 0.998148 0.679688 0.033333 0.014583
0 0.568519 0.381771 0.027778 0.015625
0 0.912963 0.708854 0.040741 0.023958
0 0.550926 0.367188 0.031481 0.017708
0 0.879630 0.665625 0.046296 0.021875
0 0.600926 0.289062 0.024074 0.015625
0 0.547222 0.346354 0.029630 0.016667
0 0.140741 0.465104 0.024074 0.010417
0 0.875926 0.796354 0.040741 0.025000
0 0.107407 0.310417 0.024074 0.013542
0 0.114815 0.477604 0.027778 0.012500
0 0.097222 0.300521 0.024074 0.013542
0 0.102778 0.486979 0.025926 0.014583
0 0.771296 0.642188 0.037037 0.019792
0 0.075926 0.295833 0.025926 0.015625
0 0.063889 0.486979 0.025926 0.015625
0 0.056481 0.268229 0.027778 0.014583
0 0.031481 0.494792 0.025926 0.014583
0 0.015741 0.503125 0.024074 0.013542
0 0.877778 0.693750 0.027778 0.015625
0 0.003704 0.568229 0.007407 0.014583
0 0.052778 0.472396 0.022222 0.012500
0 0.655556 0.520833 0.022222 0.012500
0 0.008333 0.498437 0.016667 0.014583
