0 0.504630 0.213021 0.038889 0.022917
0 0.139815 0.688542 0.033333 0.018750
0 0.075926 0.254167 0.027778 0.015625
0 0.721296 0.272917 0.022222 0.014583
0 0.653704 0.519792 0.035185 0.016667
0 0.288889 0.683854 0.029630 0.016667
0 0.607407 0.279687 0.022222 0.013542
0 0.058333 0.471354 0.025926 0.014583
0 0.392593 0.252604 0.031481 0.018750
0 0.581481 0.721875 0.033333 0.019792
0 0.668519 0.542188 0.046296 0.026042
0 0.431481 0.761458 0.027778 0.017708
0 0.819444 0.383333 0.035185 0.019792
0 0.615741 0.718229 0.035185 0.020833
0 0.006481 0.634375 0.012963 0.016667
0 0.475926 0.573958 0.048148 0.027083
0 0.650926 0.269271 0.029630 0.019792
0 0.283333 0.515104 0.040741 0.022917
0 0.166667 0.676042 0.044444 0.023958
0 0.816667 0.529687 0.037037 0.018750
0 0.514815 0.482292 0.042593 0.025000
0 0.783333 0.377604 0.042593 0.021875
0 0.375000 0.732812 0.029630 0.016667
0 0.295370 0.671875 0.029630 0.014583
0 0.659259 0.703646 0.029630 0.014583
0 0.215741 0.640104 0.029630 0.016667
0 0.814815 0.572917 0.029630 0.016667
0 0.707407 0.636979 0.024074 0.014583
0 0.801852 0.560937 0.029630 0.016667
0 0.452778 0.212500 0.024074 0.013542
0 0.250926 0.363021 0.024074 0.010417
0 0.311111 0.541667 0.020370 0.012500
0 0.400926 0.445312 0.031481 0.018750
0 0.081481 0.265104 0.027778 0.013542
0 0.697222 0.286458 0.022222 0.015625
0 0.430556 0.630208 0.033333 0.017708
0 0.629630 0.529167 0.031481 0.019792
0 0.843519 0.542708 0.031481 0.018750
0 0.484259 0.544792 0.040741 0.022917
0 0.402778 0.768750 0.029630 0.016667
0 0.761111 0.520312 0.038889 0.020833
0 0.710185 0.280208 0.031481 0.017708
0 0.641667 0.575000 0.027778 0.016667
0 0.080556 0.675521 0.029630 0.016667
0 0.637963 0.551042 0.029630 0.017708
0 0.261111 0.660937 0.035185 0.013542
0 0.360185 0.659896 0.033333 0.019792
0 0.630556 0.246354 0.033333 0.017708
0 0.757407 0.431771 0.042593 0.023958
0 0.525926 0.721875 0.042593 0.020833
0 0.845370 0.563542 0.033333 0.018750
0 0.342593 0.770833 0.031481 0.018750
0 0.383333 0.664062 0.037037 0.021875
0 0.685185 0.502083 0.037037 0.021875
0 0.301852 0.376042 0.044444 0.022917
0 0.659259 0.690625 0.042593 0.025000
0 0.300000 0.710938 0.031481 0.018750
0 0.841667 0.513021 0.033333 0.020833
0 0.822222 0.577083 0.035185 0.018750
0 0.258333 0.649479 0.038889 0.018750
0 0.623148 0.260417 0.042593 0.027083
0 0.780556 0.578646 0.035185 0.018750
0 0.833333 0.339062 0.025926 0.014583
0 0.106481 0.284896 0.033333 0.017708
0 0.264815 0.352083 0.038889 0.022917
0 0.211111 0.775521 0.044444 0.025000
0 0.056481 0.670312 0.027778 0.014583
0 0.691667 0.486979 0.025926 0.013542
0 0.231481 0.428646 0.038889 0.021875
0 0.601852 0.550521 0.027778 0.016667
0 0.222222 0.361458 0.025926 0.012500
0 0.012037 0.444271 0.024074 0.013542
0 0.798148 0.351562 0.029630 0.013542
0 0.781481 0.537500 0.037037 0.020833
0 0.101852 0.644792 0.038889 0.018750
