0 0.757407 0.496875 0.027778 0.015625
0 0.716667 0.564583 0.024074 0.013542
0 0.768519 0.471875 0.020370 0.010417
0 0.758333 0.497917 0.025926 0.015625
0 0.762963 0.293229 0.025926 0.014583
0 0.716667 0.564063 0.024074 0.014583
0 0.768519 0.299479 0.024074 0.014583
0 0.725926 0.500521 0.031481 0.013542
0 0.815741 0.479167 0.024074 0.013542
0 0.641667 0.559896 0.016667 0.007292
0 0.890741 0.382292 0.016667 0.010417
0 0.706481 0.287500 0.025926 0.013542
0 0.796296 0.690625 0.029630 0.015625
0 0.705556 0.301563 0.031481 0.018750
0 0.666667 0.304167 0.033333 0.013542
0 0.662037 0.535417 0.025926 0.015625
0 0.563889 0.696354 0.020370 0.011458
0 0.875926 0.297396 0.024074 0.014583
0 0.997222 0.469792 0.003704 0.008333
0 0.993519 0.682813 0.011111 0.014583
0 0.989815 0.666146 0.022222 0.026042
0 0.996296 0.384375 0.005556 0.016667
0 0.997222 0.664583 0.003704 0.015625
0 0.993519 0.646354 0.007407 0.014583
0 0.995370 0.662500 0.007407 0.012500
0 0.950000 0.476562 0.029630 0.015625
0 0.824074 0.464062 0.018519 0.010417
0 0.828704 0.300521 0.024074 0.014583
0 0.734259 0.313542 0.022222 0.013542
0 0.789815 0.475000 0.022222 0.013542
0 0.737037 0.304167 0.020370 0.013542
0 0.801852 0.486458 0.024074 0.013542
0 0.996296 0.665104 0.007407 0.019792
0 0.721296 0.301042 0.022222 0.012500
0 0.762963 0.485938 0.020370 0.013542
0 0.771296 0.272396 0.024074 0.014583
0 0.063889 0.431250 0.037037 0.020833
0 0.304630 0.280729 0.033333 0.018750
0 0.019444 0.242188 0.018519 0.016667
0 0.015741 0.245312 0.031481 0.019792
0 0.020370 0.534375 0.037037 0.019792
0 0.774074 0.701042 0.027778 0.013542
0 0.042593 0.215625 0.038889 0.020833
0 0.822222 0.419792 0.024074 0.014583
0 0.047222 0.264062 0.029630 0.018750
0 0.133333 0.140625 0.024074 0.014583
0 0.070370 0.445312 0.037037 0.017708
0 0.055556 0.534896 0.033333 0.018750
0 0.124074 0.700521 0.027778 0.016667
0 0.130556 0.317188 0.031481 0.015625
0 0.103704 0.318750 0.025926 0.018750
0 0.284259 0.230208 0.029630 0.016667
0 0.277778 0.272917 0.027778 0.015625
0 0.096296 0.443750 0.027778 0.016667
0 0.075926 0.515625 0.016667 0.009375
0 0.104630 0.704688 0.027778 0.017708
0 0.125000 0.153646 0.025926 0.014583
0 0.479630 0.366146 0.027778 0.019792
0 0.120370 0.604167 0.031481 0.017708
0 0.142593 0.710938 0.035185 0.019792
0 0.141667 0.157812 0.022222 0.014583
0 0.099074 0.521875 0.022222 0.013542
0 0.108333 0.485938 0.033333 0.017708
0 0.172222 0.422396 0.050000 0.028125
0 0.152778 0.681250 0.035185 0.022917
0 0.121296 0.519271 0.024074 0.014583
0 0.187037 0.450000 0.050000 0.026042
0 0.211111 0.434375 0.046296 0.028125
0 0.212037 0.580208 0.014815 0.018750
0 0.265741 0.688021 0.031481 0.017708
0 0.250000 0.451562 0.044444 0.025000
0 0.266667 0.667188 0.033333 0.020833
0 0.222222 0.550000 0.027778 0.013542
0 0.288889 0.703125 0.035185 0.022917
0 0.304630 0.628125 0.031481 0.016667
0 0.258333 0.714063 0.025926 0.016667
0 0.647222 0.336979 0.025926 0.015625
0 0.271296 0.285938 0.033333 0.015625
0 0.282407 0.722917 0.035185 0.019792
0 0.427778 0.583854 0.018519 0.010417
0 0.671296 0.303646 0.035185 0.014583
0 0.356481 0.683854 0.027778 0.013542
0 0.992593 0.453125 0.014815 0.011458
0 0.433333 0.498437 0.031481 0.016667
0 0.850926 0.298438 0.025926 0.014583
0 0.428704 0.475000 0.031481 0.016667
0 0.996296 0.623437 0.024074 0.017708
0 0.648148 0.301563 0.031481 0.020833
0 0.640741 0.565104 0.020370 0.013542
0 0.811111 0.179688 0.009259 0.008333
0 0.828704 0.300521 0.025926 0.014583
