0 0.203704 0.298958 0.022222 0.013542
0 0.231481 0.476042 0.025926 0.012500
0 0.212037 0.308854 0.022222 0.013542
0 0.988889 0.800000 0.020370 0.026042
0 0.242593 0.461979 0.027778 0.013542
0 0.254630 0.294792 0.025926 0.014583
0 0.744444 0.277604 0.029630 0.015625
0 0.288889 0.476042 0.025926 0.015625
0 0.287963 0.293750 0.024074 0.014583
0 0.524074 0.664062 0.031481 0.019792
0 0.322222 0.386458 0.029630 0.017708
0 0.341667 0.403125 0.020370 0.010417
0 0.302778 0.418229 0.014815 0.009375
0 0.739815 0.517188 0.020370 0.012500
0 0.328704 0.379688 0.018519 0.010417
0 0.577778 0.685937 0.035185 0.020833
0 0.995370 0.303125 0.022222 0.011458
0 0.559259 0.710938 0.031481 0.017708
0 0.992593 0.686979 0.014815 0.028125
0 0.780556 0.570833 0.025926 0.014583
0 0.633333 0.663542 0.018519 0.010417
0 0.630556 0.678646 0.033333 0.017708
0 0.997222 0.688542 0.014815 0.025000
0 0.595370 0.709896 0.029630 0.017708
0 0.213889 0.484375 0.024074 0.014583
0 0.890741 0.644271 0.038889 0.020833
0 0.181481 0.294792 0.025926 0.014583
0 0.175926 0.483854 0.024074 0.014583
0 0.172222 0.267188 0.027778 0.014583
0 0.144444 0.491667 0.022222 0.013542
0 0.129630 0.498958 0.024074 0.013542
0 0.991667 0.695833 0.024074 0.016667
0 0.105556 0.563542 0.020370 0.013542
0 0.165741 0.469271 0.022222 0.012500
0 0.758333 0.520312 0.022222 0.011458
0 0.118519 0.495312 0.025926 0.014583
0 0.934259 0.539062 0.024074 0.011458
0 0.981481 0.626042 0.029630 0.019792
0 0.221296 0.285938 0.025926 0.013542
0 0.090741 0.562500 0.024074 0.014583
0 0.235185 0.295833 0.018519 0.012500
0 0.891667 0.384896 0.033333 0.015625
0 0.092593 0.554688 0.024074 0.010417
0 0.103704 0.498958 0.020370 0.013542
0 0.262963 0.476562 0.020370 0.013542
0 0.026852 0.551562 0.024074 0.012500
0 0.306481 0.380729 0.020370 0.012500
0 0.803704 0.697917 0.035185 0.017708
0 0.626852 0.685937 0.022222 0.011458
0 1.104630 0.593750 0.309259 0.175000
0 0.852778 0.704688 0.027778 0.014583
0 0.665741 0.345833 0.031481 0.017708
0 0.708333 0.287500 0.027778 0.015625
0 0.991667 0.668229 0.012963 0.018750
0 0.662037 0.365104 0.027778 0.015625
0 0.993519 0.706771 0.009259 0.020833
0 0.684259 0.381771 0.029630 0.015625
0 0.702778 0.656250 0.031481 0.017708
0 0.994444 0.642708 0.009259 0.025000
0 0.993519 0.543229 0.011111 0.018750
0 0.991667 0.725521 0.014815 0.023958
0 0.992593 0.536458 0.011111 0.021875
0 0.990741 0.753646 0.018519 0.018750
0 0.990741 0.771354 0.014815 0.008333
0 0.989815 0.232292 0.020370 0.011458
0 0.991667 0.266667 0.012963 0.018750
0 0.676852 0.493229 0.024074 0.013542
0 0.989815 0.718229 0.016667 0.022917
0 0.992593 0.713542 0.014815 0.019792
0 0.994444 0.454167 0.009259 0.022917
0 0.770370 0.692708 0.027778 0.017708
0 0.973148 0.789062 0.033333 0.020833
0 0.994444 0.380208 0.009259 0.023958
0 0.994444 0.257292 0.009259 0.014583
0 0.993519 0.654167 0.009259 0.019792
0 0.994444 0.716667 0.011111 0.018750
0 0.992593 0.420312 0.011111 0.023958
0 0.995370 0.618229 0.009259 0.020833
0 0.988889 0.773438 0.011111 0.018750
0 0.991667 0.758854 0.012963 0.026042
0 0.995370 0.665625 0.009259 0.019792
0 0.995370 0.642708 0.005556 0.011458
0 0.992593 0.533854 0.012963 0.027083
0 1.000000 0.676562 0.033333 0.014583
0 0.995370 0.642188 0.031481 0.014583
0 0.653704 0.465625 0.029630 0.016667
