0 0.711111 0.254688 0.027778 0.017708
0 0.991667 0.589583 0.012963 0.019792
0 0.000000 0.000000 0.000000 0.000000
0 0.599074 0.645312 0.044444 0.021875
0 0.400000 0.266667 0.029630 0.015625
0 0.325000 0.327083 0.033333 0.017708
0 0.525000 0.681771 0.025926 0.013542
0 0.894444 0.656250 0.025926 0.014583
0 0.719444 0.547396 0.020370 0.012500
0 0.258333 0.667708 0.027778 0.014583
0 0.237963 0.691667 0.029630 0.017708
0 0.829630 0.654687 0.031481 0.020833
0 1.007407 0.458854 0.027778 0.018750
0 0.249074 0.659375 0.037037 0.019792
0 0.250926 0.644792 0.024074 0.012500
0 0.453704 0.552083 0.024074 0.013542
0 0.860185 0.659896 0.038889 0.023958
0 0.200000 0.692708 0.033333 0.017708
0 0.986111 0.337500 0.029630 0.017708
0 0.817593 0.356771 0.040741 0.022917
0 0.637037 0.776042 0.033333 0.020833
0 0.433333 0.672396 0.027778 0.016667
0 0.713889 0.431771 0.035185 0.020833
0 0.739815 0.682813 0.029630 0.018750
0 0.634259 0.688542 0.038889 0.020833
0 0.542593 0.264583 0.033333 0.019792
0 0.995370 0.518750 0.024074 0.018750
0 0.375000 0.475000 0.024074 0.013542
0 0.333333 0.347396 0.035185 0.015625
0 0.990741 0.722917 0.016667 0.015625
0 0.995370 0.526563 0.007407 0.020833
0 0.987963 0.217188 0.024074 0.023958
0 0.853704 0.756771 0.027778 0.015625
0 1.000926 0.359896 0.033333 0.023958
0 0.993519 0.707292 0.011111 0.016667
0 0.809259 0.728646 0.031481 0.016667
0 0.987963 0.392188 0.020370 0.022917
0 0.993519 0.491146 0.012963 0.022917
0 0.992593 0.539062 0.011111 0.017708
0 0.664815 0.675521 0.046296 0.022917
0 0.750926 0.516667 0.040741 0.021875
0 0.992593 0.485938 0.022222 0.012500
0 0.634259 0.689063 0.038889 0.023958
0 0.350000 0.363021 0.027778 0.015625
0 0.370370 0.636979 0.029630 0.017708
0 0.963889 0.571354 0.050000 0.026042
0 0.713889 0.641667 0.024074 0.016667
0 0.998148 0.686979 0.035185 0.020833
0 0.479630 0.670833 0.020370 0.012500
0 0.994444 0.597396 0.007407 0.022917
0 0.988889 0.274479 0.031481 0.015625
0 0.991667 0.543229 0.014815 0.021875
0 0.826852 0.764583 0.022222 0.012500
0 0.993519 0.527083 0.011111 0.018750
0 1.005556 0.280729 0.027778 0.017708
0 1.007407 0.560937 0.031481 0.019792
0 0.462037 0.677083 0.029630 0.015625
0 1.005556 0.536979 0.027778 0.020833
0 0.742593 0.659896 0.033333 0.015625
0 0.826852 0.654687 0.037037 0.020833
0 1.003704 0.273438 0.029630 0.016667
0 0.996296 0.403125 0.005556 0.015625
0 0.993519 0.710938 0.011111 0.020833
0 0.993519 0.598437 0.012963 0.020833
0 0.775000 0.767188 0.031481 0.018750
0 0.861111 0.659375 0.038889 0.022917
0 0.996296 0.470313 0.005556 0.017708
0 0.843519 0.379167 0.042593 0.022917
0 0.993519 0.655729 0.011111 0.021875
0 0.740741 0.708854 0.029630 0.019792
0 1.006481 0.501042 0.070370 0.034375
0 0.986111 0.590625 0.027778 0.021875
0 0.748148 0.649479 0.035185 0.019792
0 0.973148 0.257292 0.037037 0.018750
0 0.991667 0.538021 0.016667 0.025000
0 0.341667 0.447396 0.027778 0.016667
0 0.931481 0.629167 0.029630 0.015625
0 1.002778 0.295833 0.024074 0.015625
0 0.728704 0.534896 0.027778 0.015625
0 0.991667 0.534896 0.031481 0.018750
0 0.706481 0.286458 0.024074 0.013542
0 0.991667 0.573958 0.016667 0.017708
0 0.010185 0.398438 0.020370 0.014583
0 0.453704 0.498958 0.020370 0.013542
0 0.013889 0.361979 0.025926 0.012500
0 0.198148 0.668229 0.035185 0.020833
