0 0.079630 0.356250 0.031481 0.014583
0 0.835185 0.503646 0.035185 0.021875
0 0.328704 0.708854 0.037037 0.023958
0 0.100000 0.372396 0.029630 0.015625
0 0.126852 0.653646 0.031481 0.018750
0 0.666667 0.583854 0.048148 0.027083
0 0.801852 0.278646 0.031481 0.015625
0 0.460185 0.528646 0.038889 0.022917
0 0.365741 0.695312 0.040741 0.023958
0 0.985185 0.532813 0.027778 0.019792
0 0.730556 0.493229 0.044444 0.025000
0 0.985185 0.383854 0.027778 0.021875
0 0.546296 0.745313 0.031481 0.017708
0 0.805556 0.725000 0.035185 0.020833
0 1.002778 0.386458 0.027778 0.019792
0 0.598148 0.771875 0.024074 0.015625
0 0.683333 0.222917 0.042593 0.023958
0 0.853704 0.548438 0.044444 0.025000
0 0.773148 0.728646 0.035185 0.019792
0 0.487037 0.260417 0.029630 0.019792
0 0.153704 0.485938 0.025926 0.014583
0 0.792593 0.523438 0.029630 0.018750
0 0.824074 0.278125 0.020370 0.014583
0 0.195370 0.268750 0.027778 0.017708
0 0.331481 0.707812 0.035185 0.022917
0 0.464815 0.698438 0.031481 0.017708
0 0.412963 0.442188 0.038889 0.020833
0 0.878704 0.493750 0.020370 0.010417
0 0.189815 0.689583 0.027778 0.014583
0 0.375926 0.793750 0.042593 0.022917
0 0.477778 0.366146 0.042593 0.023958
0 0.257407 0.290625 0.027778 0.014583
0 0.951852 0.345833 0.029630 0.017708
0 0.932407 0.581771 0.035185 0.020833
0 0.799074 0.269271 0.040741 0.026042
0 0.451852 0.665104 0.038889 0.020833
0 0.975926 0.578646 0.035185 0.019792
0 0.996296 0.516667 0.007407 0.020833
0 0.473148 0.725521 0.035185 0.019792
0 0.840741 0.696354 0.042593 0.025000
0 0.509259 0.389583 0.042593 0.022917
0 0.450000 0.676562 0.035185 0.014583
0 0.778704 0.555729 0.029630 0.018750
0 0.217593 0.693750 0.031481 0.016667
0 0.796296 0.578646 0.024074 0.014583
0 0.813889 0.286458 0.037037 0.018750
0 0.940741 0.524479 0.038889 0.020833
0 0.568519 0.780208 0.027778 0.014583
0 0.689815 0.555208 0.040741 0.022917
0 0.235185 0.690104 0.022222 0.013542
0 0.807407 0.707812 0.024074 0.014583
0 0.410185 0.658854 0.027778 0.017708
0 0.879630 0.508854 0.037037 0.021875
0 0.574074 0.677083 0.035185 0.019792
0 0.514815 0.784375 0.029630 0.018750
0 0.989815 0.564583 0.018519 0.020833
0 0.725926 0.731250 0.042593 0.021875
0 0.959259 0.438021 0.046296 0.025000
0 0.805556 0.256250 0.029630 0.016667
0 0.552778 0.670312 0.044444 0.018750
0 0.294444 0.664583 0.033333 0.019792
0 -0.075926 0.337500 0.000000 0.000000
0 0.978704 0.579167 0.033333 0.018750
0 0.874074 0.643229 0.024074 0.014583
0 0.946296 0.562500 0.031481 0.017708
0 0.455556 0.546875 0.027778 0.015625
0 0.575926 0.456771 0.040741 0.023958
0 0.165741 0.303646 0.020370 0.009375
0 0.794444 0.289583 0.024074 0.016667
0 0.629630 0.641667 0.031481 0.017708
0 0.768519 0.534896 0.027778 0.016667
0 0.760185 0.557292 0.025926 0.016667
0 0.110185 0.458333 0.027778 0.015625
0 0.944444 0.365104 0.027778 0.013542
0 0.960185 0.541667 0.038889 0.020833
0 0.963889 0.575000 0.033333 0.016667
0 0.295370 0.697917 0.029630 0.015625
0 0.489815 0.560937 0.022222 0.013542
0 0.087037 0.263021 0.016667 0.018750
0 0.068519 0.335417 0.035185 0.017708
0 0.639815 0.668229 0.031481 0.020833
