0 0.496296 0.311979 0.024074 0.017708
0 0.031481 0.702083 0.033333 0.018750
0 0.021296 0.459896 0.042593 0.026042
0 0.034259 0.680729 0.035185 0.020833
0 0.025926 0.556771 0.025926 0.011458
0 0.058333 0.717187 0.038889 0.021875
0 0.081481 0.640625 0.035185 0.017708
0 0.061111 0.725521 0.035185 0.017708
0 0.399074 0.347396 0.025926 0.015625
0 0.100000 0.290104 0.031481 0.017708
0 0.104630 0.734375 0.037037 0.019792
0 0.199074 0.596354 0.020370 0.010417
0 0.151852 0.697917 0.035185 0.017708
0 0.990741 0.461979 0.016667 0.011458
0 0.238889 0.507812 0.031481 0.016667
0 0.712963 0.308333 0.024074 0.014583
0 0.243519 0.483854 0.029630 0.015625
0 0.997222 0.646875 0.024074 0.017708
0 0.460185 0.309375 0.027778 0.017708
0 0.504630 0.578125 0.024074 0.013542
0 0.677778 0.187500 0.011111 0.007292
0 0.693519 0.309375 0.022222 0.015625
0 0.993519 0.321875 0.011111 0.010417
0 0.490741 0.352604 0.027778 0.015625
0 0.384259 0.711979 0.029630 0.016667
0 0.445370 0.551562 0.027778 0.017708
0 0.996296 0.563021 0.007407 0.012500
0 1.001852 0.665625 0.018519 0.016667
0 0.023148 0.586979 0.012963 0.016667
0 0.992593 0.708854 0.012963 0.017708
0 0.476852 0.314583 0.029630 0.018750
0 0.520370 0.309896 0.031481 0.020833
0 0.581481 0.710938 0.025926 0.017708
0 0.523148 0.296354 0.024074 0.016667
0 0.733333 0.395833 0.018519 0.012500
0 0.483333 0.570833 0.022222 0.014583
0 0.673148 0.491667 0.024074 0.013542
0 0.571296 0.513021 0.025926 0.015625
0 0.647222 0.309375 0.022222 0.013542
0 0.557407 0.577604 0.025926 0.015625
0 0.638889 0.301563 0.025926 0.014583
0 0.598148 0.509896 0.025926 0.016667
0 0.994444 0.526042 0.009259 0.011458
0 0.617593 0.483854 0.024074 0.013542
0 0.558333 0.577604 0.024074 0.014583
0 0.598148 0.509896 0.025926 0.015625
0 0.607407 0.506250 0.016667 0.011458
0 0.629630 0.281250 0.025926 0.015625
0 0.615741 0.498437 0.024074 0.014583
0 0.593519 0.308854 0.024074 0.015625
0 0.996296 0.675000 0.007407 0.017708
0 0.655556 0.498437 0.024074 0.013542
0 0.613889 0.313542 0.020370 0.013542
0 0.646296 0.487500 0.022222 0.012500
0 0.613889 0.323958 0.022222 0.013542
0 0.681481 0.476562 0.022222 0.012500
0 0.694444 0.309375 0.024074 0.014583
0 0.997222 0.267708 0.005556 0.015625
0 0.787963 0.490625 0.027778 0.015625
0 0.738889 0.307812 0.024074 0.016667
0 0.989815 0.680729 0.016667 0.020833
0 0.851852 0.400521 0.031481 0.018750
0 0.792593 0.427083 0.020370 0.010417
0 0.997222 0.507812 0.003704 0.017708
0 0.991667 0.676042 0.016667 0.016667
0 0.997222 0.705208 0.003704 0.016667
0 0.989815 0.667708 0.020370 0.011458
0 0.995370 0.735938 0.005556 0.016667
0 0.993519 0.682813 0.011111 0.018750
0 0.995370 0.348958 0.009259 0.014583
0 0.992593 0.342708 0.011111 0.013542
0 0.994444 0.661979 0.009259 0.012500
0 0.987037 0.384375 0.007407 0.012500
0 0.995370 0.392708 0.007407 0.012500
0 0.992593 0.681771 0.009259 0.016667
0 0.996296 0.467708 0.007407 0.020833
0 0.996296 0.700000 0.005556 0.013542
0 0.996296 0.481250 0.003704 0.010417
0 0.995370 0.707812 0.009259 0.013542
0 0.999074 0.435937 0.000000 0.000000
