0 0.997222 0.470833 0.003704 0.008333
0 0.993519 0.685937 0.011111 0.014583
0 0.996296 0.447396 0.007407 0.020833
0 0.995370 0.663021 0.007407 0.013542
0 0.994444 0.647396 0.009259 0.015625
0 0.995370 0.724479 0.005556 0.015625
0 0.997222 0.664062 0.003704 0.015625
0 0.441667 0.362500 0.031481 0.020833
0 0.797222 0.294271 0.024074 0.013542
0 0.777778 0.172396 0.011111 0.008333
0 0.616667 0.561458 0.022222 0.014583
0 0.606481 0.295312 0.031481 0.019792
0 0.996296 0.623437 0.024074 0.017708
0 0.398148 0.471875 0.031481 0.016667
0 0.819444 0.292187 0.024074 0.014583
0 0.400000 0.495833 0.029630 0.017708
0 0.981481 0.446875 0.014815 0.011458
0 0.324074 0.681771 0.027778 0.013542
0 0.633333 0.298438 0.037037 0.016667
0 0.393519 0.581250 0.018519 0.009375
0 0.257407 0.720833 0.033333 0.021875
0 0.237037 0.282813 0.029630 0.016667
0 0.602778 0.331771 0.025926 0.015625
0 0.231481 0.713021 0.024074 0.016667
0 0.272222 0.626042 0.033333 0.016667
0 0.257407 0.701042 0.033333 0.021875
0 0.189815 0.548438 0.029630 0.013542
0 0.233333 0.665625 0.033333 0.019792
0 0.210185 0.449479 0.046296 0.026042
0 0.232407 0.686458 0.031481 0.017708
0 0.182407 0.578125 0.014815 0.018750
0 0.169444 0.432292 0.048148 0.028125
0 0.147222 0.448437 0.050000 0.026042
0 0.095370 0.518229 0.025926 0.014583
0 0.122222 0.680729 0.037037 0.021875
0 0.531481 0.693229 0.022222 0.012500
0 0.130556 0.419792 0.050000 0.028125
0 0.078704 0.484896 0.033333 0.016667
0 0.072222 0.520833 0.022222 0.014583
0 0.094444 0.153646 0.024074 0.013542
0 0.112037 0.710417 0.035185 0.020833
0 0.088889 0.604167 0.031481 0.018750
0 0.075926 0.149479 0.025926 0.014583
0 0.075926 0.704167 0.029630 0.018750
0 0.047222 0.516146 0.018519 0.010417
0 0.058333 0.442708 0.031481 0.017708
0 0.627778 0.531771 0.024074 0.015625
0 0.628704 0.298958 0.037037 0.015625
0 0.669444 0.295833 0.031481 0.019792
0 0.765741 0.686458 0.025926 0.015625
0 0.668519 0.281771 0.024074 0.013542
0 0.858333 0.376563 0.016667 0.010417
0 0.611111 0.556250 0.016667 0.008333
0 0.788889 0.473958 0.024074 0.013542
0 0.698148 0.496354 0.031481 0.013542
0 0.739815 0.294792 0.022222 0.014583
0 0.690741 0.560417 0.022222 0.013542
0 0.737037 0.286458 0.020370 0.010417
0 0.729630 0.492188 0.027778 0.015625
0 0.738889 0.466667 0.020370 0.011458
0 0.689815 0.559896 0.025926 0.013542
0 0.729630 0.491667 0.027778 0.015625
0 0.739815 0.266146 0.024074 0.013542
0 0.735185 0.480729 0.020370 0.013542
0 0.687963 0.295312 0.022222 0.012500
0 0.995370 0.666667 0.005556 0.019792
0 0.774074 0.480729 0.024074 0.013542
0 0.708333 0.299479 0.020370 0.014583
0 0.762963 0.469792 0.022222 0.013542
0 0.704630 0.309375 0.020370 0.013542
0 0.798148 0.458854 0.018519 0.010417
0 0.798148 0.294271 0.022222 0.013542
0 0.920370 0.470313 0.029630 0.015625
0 0.846296 0.291146 0.025926 0.015625
0 0.989815 0.665625 0.022222 0.026042
0 0.985185 0.380208 0.029630 0.017708
0 0.997222 0.494271 0.003704 0.017708
0 0.992593 0.652604 0.014815 0.016667
0 0.003704 0.532813 0.007407 0.020833
0 0.740741 0.696354 0.029630 0.013542
0 0.009259 0.213542 0.018519 0.023958
0 0.797222 0.413542 0.024074 0.012500
0 0.012963 0.261979 0.025926 0.018750
0 0.084259 0.136458 0.025926 0.014583
0 0.024074 0.429688 0.037037 0.020833
0 0.030556 0.443750 0.038889 0.017708
0 0.025000 0.534375 0.035185 0.018750
0 0.093519 0.700000 0.027778 0.016667
0 0.096296 0.314063 0.033333 0.015625
0 0.071296 0.315625 0.027778 0.017708
0 0.246296 0.226042 0.031481 0.017708
0 0.240741 0.267708 0.027778 0.017708
