0 0.200926 0.347396 0.033333 0.015625
0 -0.075926 0.337500 0.000000 0.000000
0 0.991667 0.593229 0.012963 0.019792
0 0.933333 0.492708 0.022222 0.012500
0 0.026852 0.673438 0.037037 0.019792
0 0.617593 0.289583 0.024074 0.012500
0 0.040741 0.697917 0.033333 0.018750
0 0.687963 0.671875 0.031481 0.019792
0 0.324074 0.556771 0.025926 0.014583
0 0.084259 0.650000 0.024074 0.014583
0 0.078704 0.665104 0.037037 0.020833
0 0.968519 0.442188 0.029630 0.019792
0 0.664815 0.667188 0.033333 0.020833
0 0.079630 0.696875 0.031481 0.017708
0 0.102778 0.672396 0.031481 0.017708
0 0.586111 0.558333 0.022222 0.013542
0 0.747222 0.668750 0.035185 0.018750
0 0.390741 0.690104 0.027778 0.015625
0 0.193519 0.326562 0.035185 0.017708
0 0.252778 0.257292 0.018519 0.019792
0 0.418519 0.656250 0.038889 0.020833
0 0.960185 0.278646 0.031481 0.015625
0 0.993519 0.511979 0.005556 0.020833
0 0.690741 0.673958 0.038889 0.021875
0 0.618519 0.781250 0.029630 0.017708
0 0.993519 0.584375 0.012963 0.019792
0 0.849074 0.733333 0.046296 0.021875
0 0.996296 0.433333 0.007407 0.016667
0 0.965741 0.256771 0.027778 0.015625
0 0.664815 0.667708 0.033333 0.020833
0 0.569444 0.671875 0.033333 0.015625
0 0.902778 0.557292 0.025926 0.019792
0 0.319444 0.684896 0.029630 0.016667
0 0.925926 0.581771 0.025926 0.015625
0 0.951852 0.287500 0.024074 0.014583
0 0.992593 0.523958 0.011111 0.019792
0 0.673148 0.779167 0.025926 0.014583
0 0.828704 0.556771 0.042593 0.022917
0 0.337037 0.678646 0.020370 0.012500
0 0.934259 0.711979 0.025926 0.014583
0 0.964815 0.701042 0.042593 0.025000
0 0.534259 0.653646 0.025926 0.016667
0 0.990741 0.581771 0.016667 0.018750
0 1.003704 0.648438 0.024074 0.014583
0 0.989815 0.554688 0.035185 0.019792
0 0.570370 0.543229 0.027778 0.015625
0 0.238889 0.306250 0.018519 0.009375
0 0.582407 0.721354 0.031481 0.018750
0 0.977778 0.505729 0.042593 0.020833
0 0.987037 0.590625 0.025926 0.019792
0 0.574074 0.660937 0.037037 0.019792
0 0.956481 0.269271 0.038889 0.025000
0 0.995370 0.593750 0.007407 0.021875
0 0.986111 0.336458 0.029630 0.017708
0 0.384259 0.285938 0.025926 0.013542
0 0.632407 0.363021 0.042593 0.022917
0 0.478704 0.788021 0.040741 0.021875
0 0.292593 0.679167 0.025926 0.015625
0 0.548148 0.438542 0.037037 0.020833
0 0.577778 0.694271 0.029630 0.017708
0 0.453704 0.700521 0.038889 0.022917
0 0.353704 0.264062 0.029630 0.017708
0 0.968519 0.285938 0.020370 0.014583
0 0.912963 0.526563 0.035185 0.018750
0 0.258333 0.477604 0.024074 0.014583
0 0.609259 0.256250 0.031481 0.018750
0 0.894444 0.732812 0.035185 0.017708
0 0.982407 0.552604 0.033333 0.023958
0 0.840741 0.221354 0.042593 0.023958
0 0.700926 0.771354 0.025926 0.016667
0 1.000000 0.381771 0.031481 0.021875
0 0.926852 0.729688 0.035185 0.019792
0 0.654630 0.742708 0.031481 0.017708
0 0.987963 0.385417 0.018519 0.022917
0 0.880556 0.495312 0.048148 0.025000
0 0.991667 0.548958 0.012963 0.019792
0 0.486111 0.688542 0.042593 0.023958
0 0.587037 0.525000 0.038889 0.021875
0 0.231481 0.642708 0.031481 0.017708
0 0.220370 0.364063 0.029630 0.015625
0 0.453704 0.700521 0.037037 0.022917
0 0.660185 0.386979 0.044444 0.023958
0 0.946296 0.291146 0.022222 0.014583
0 0.754630 0.642188 0.037037 0.016667
0 0.890741 0.538021 0.024074 0.013542
0 0.219444 0.449479 0.025926 0.015625
0 0.987037 0.550521 0.024074 0.025000
0 0.797222 0.584375 0.050000 0.027083
