0 0.054630 0.690625 0.031481 0.016667
0 0.016667 0.302083 0.033333 0.017708
0 0.048148 0.297917 0.037037 0.020833
0 0.838889 0.536979 0.020370 0.010417
0 0.681481 0.694271 0.025926 0.015625
0 0.598148 0.668750 0.035185 0.019792
0 0.065741 0.284375 0.035185 0.017708
0 0.376852 0.383333 0.022222 0.012500
0 0.100000 0.550000 0.020370 0.011458
0 0.326852 0.478646 0.022222 0.012500
0 0.175926 0.498958 0.022222 0.014583
0 0.161111 0.554167 0.024074 0.010417
0 0.971296 0.392188 0.031481 0.016667
0 0.308333 0.298438 0.022222 0.011458
0 0.162037 0.561979 0.029630 0.014583
0 0.295370 0.290104 0.024074 0.014583
0 0.995370 0.637500 0.007407 0.022917
0 1.004630 0.544792 0.024074 0.011458
0 0.190741 0.495833 0.029630 0.016667
0 0.823148 0.527083 0.020370 0.011458
0 0.237037 0.469792 0.022222 0.011458
0 0.162963 0.562500 0.031481 0.014583
0 0.993519 0.693750 0.011111 0.015625
0 0.191667 0.496354 0.027778 0.016667
0 0.212963 0.491667 0.022222 0.013542
0 0.250926 0.270313 0.025926 0.015625
0 0.244444 0.484375 0.025926 0.015625
0 0.254630 0.297396 0.024074 0.014583
0 0.966667 0.654167 0.040741 0.020833
0 0.282407 0.485417 0.024074 0.013542
0 0.276852 0.301563 0.022222 0.013542
0 0.299074 0.477083 0.025926 0.012500
0 0.285185 0.311458 0.022222 0.012500
0 0.994444 0.796875 0.009259 0.023958
0 0.311111 0.463021 0.025926 0.013542
0 0.330556 0.297917 0.027778 0.014583
0 0.816667 0.283854 0.027778 0.016667
0 0.362963 0.477083 0.027778 0.015625
0 0.363889 0.296875 0.024074 0.014583
0 0.401852 0.388542 0.029630 0.017708
0 0.409259 0.405729 0.022222 0.011458
0 0.376852 0.419792 0.012963 0.008333
0 0.806481 0.523958 0.022222 0.013542
0 0.406481 0.380729 0.016667 0.009375
0 0.656481 0.690625 0.035185 0.020833
0 0.995370 0.317188 0.020370 0.011458
0 0.633333 0.716146 0.031481 0.019792
0 0.991667 0.692187 0.014815 0.029167
0 0.853704 0.578125 0.022222 0.012500
0 0.709259 0.683854 0.033333 0.018750
0 0.997222 0.703646 0.016667 0.025000
0 0.669444 0.715625 0.029630 0.017708
0 0.924074 0.714063 0.029630 0.015625
0 0.746296 0.350521 0.029630 0.016667
0 0.787037 0.293229 0.027778 0.015625
0 0.990741 0.681771 0.014815 0.020833
0 0.742593 0.370312 0.029630 0.015625
0 0.993519 0.728646 0.011111 0.020833
0 0.764815 0.387500 0.029630 0.016667
0 0.774074 0.663542 0.031481 0.017708
0 0.995370 0.655729 0.009259 0.025000
0 0.993519 0.550521 0.011111 0.018750
0 0.990741 0.732292 0.014815 0.026042
0 0.989815 0.756250 0.018519 0.018750
0 0.990741 0.766667 0.014815 0.008333
0 0.989815 0.232813 0.020370 0.010417
0 0.992593 0.270833 0.012963 0.018750
0 0.747222 0.498958 0.025926 0.013542
0 0.989815 0.732812 0.016667 0.023958
0 0.991667 0.708333 0.014815 0.019792
0 0.994444 0.483854 0.009259 0.023958
0 0.840741 0.701562 0.029630 0.018750
0 0.992593 0.793750 0.014815 0.018750
0 0.994444 0.361979 0.009259 0.022917
0 0.994444 0.260417 0.007407 0.014583
0 0.993519 0.645833 0.009259 0.019792
0 0.994444 0.716667 0.009259 0.016667
0 0.993519 0.421875 0.012963 0.023958
0 0.995370 0.601562 0.009259 0.020833
0 0.993519 0.783854 0.011111 0.018750
0 0.994444 0.678646 0.009259 0.019792
0 0.875000 0.707292 0.033333 0.018750
0 0.995370 0.643750 0.007407 0.012500
0 0.992593 0.523958 0.014815 0.029167
0 0.999074 0.682292 0.033333 0.014583
0 0.725926 0.470833 0.027778 0.015625
