0 0.599074 0.680729 0.031481 0.018750
0 0.254630 0.709896 0.029630 0.015625
0 0.030556 0.345833 0.035185 0.017708
0 0.040741 0.276042 0.016667 0.018750
0 0.247222 0.676042 0.035185 0.019792
0 -0.075926 0.337500 0.000000 0.000000
0 0.937037 0.592708 0.033333 0.019792
0 0.041667 0.367708 0.031481 0.016667
0 0.789815 0.516146 0.033333 0.019792
0 0.281481 0.719792 0.035185 0.023958
0 0.062963 0.382812 0.031481 0.016667
0 0.085185 0.664583 0.033333 0.018750
0 0.621296 0.595833 0.046296 0.027083
0 0.758333 0.293750 0.031481 0.015625
0 0.416667 0.540104 0.038889 0.022917
0 0.318519 0.706771 0.038889 0.026042
0 0.944444 0.546354 0.033333 0.018750
0 0.681481 0.505729 0.042593 0.025000
0 0.939815 0.398438 0.040741 0.021875
0 0.502778 0.757812 0.031481 0.017708
0 0.761111 0.738021 0.035185 0.020833
0 0.960185 0.402604 0.027778 0.019792
0 0.555556 0.785417 0.024074 0.016667
0 0.914815 0.554688 0.037037 0.019792
0 0.638889 0.238021 0.040741 0.023958
0 0.808333 0.560937 0.044444 0.023958
0 0.728704 0.742188 0.031481 0.018750
0 0.453704 0.273438 0.029630 0.018750
0 0.118519 0.496354 0.027778 0.013542
0 0.742593 0.303125 0.020370 0.012500
0 0.753704 0.536458 0.029630 0.017708
0 0.787963 0.293229 0.020370 0.014583
0 0.150000 0.280208 0.027778 0.016667
0 0.282407 0.720313 0.031481 0.021875
0 0.421296 0.710417 0.031481 0.017708
0 0.369444 0.453646 0.037037 0.020833
0 0.831481 0.507292 0.020370 0.010417
0 0.148148 0.702083 0.027778 0.015625
0 0.331481 0.806250 0.044444 0.023958
0 0.430556 0.377604 0.040741 0.022917
0 0.221296 0.301563 0.027778 0.014583
0 0.910185 0.359896 0.029630 0.016667
0 0.891667 0.594792 0.035185 0.019792
0 0.754630 0.284375 0.040741 0.026042
0 0.405556 0.676562 0.037037 0.019792
0 0.935185 0.592187 0.035185 0.019792
0 0.971296 0.529687 0.035185 0.019792
0 0.428704 0.738021 0.033333 0.018750
0 0.798148 0.708854 0.042593 0.025000
0 0.462037 0.401562 0.040741 0.021875
0 0.833333 0.521875 0.037037 0.020833
0 0.529630 0.689063 0.033333 0.019792
0 0.470370 0.797396 0.031481 0.018750
0 0.955556 0.578646 0.033333 0.018750
0 0.680556 0.744271 0.040741 0.021875
0 0.910185 0.451562 0.044444 0.025000
0 0.760185 0.271875 0.027778 0.016667
0 0.508333 0.682813 0.044444 0.018750
0 0.404630 0.688021 0.035185 0.016667
0 0.739815 0.567708 0.031481 0.017708
0 0.174074 0.705729 0.031481 0.016667
0 0.751852 0.591146 0.024074 0.015625
0 0.778704 0.301042 0.029630 0.018750
0 0.895370 0.538021 0.038889 0.019792
0 0.525926 0.793229 0.027778 0.016667
0 0.643519 0.567708 0.040741 0.021875
0 0.954630 0.558333 0.027778 0.016667
0 0.326852 0.386458 0.025926 0.013542
0 0.194444 0.701562 0.022222 0.013542
0 0.425926 0.698958 0.020370 0.010417
0 0.763889 0.720313 0.025926 0.014583
0 0.363889 0.670312 0.027778 0.016667
0 0.922222 0.588542 0.031481 0.017708
0 0.829630 0.655729 0.025926 0.014583
0 0.904630 0.575000 0.029630 0.017708
0 0.513889 0.233854 0.024074 0.012500
0 0.358333 0.385417 0.020370 0.008333
0 0.421296 0.558854 0.027778 0.015625
0 0.531481 0.468750 0.038889 0.022917
0 0.158333 0.301563 0.020370 0.010417
0 0.760185 0.304688 0.024074 0.016667
0 0.584259 0.654167 0.029630 0.016667
0 0.730556 0.546875 0.029630 0.016667
0 0.718519 0.569792 0.027778 0.016667
0 0.074074 0.468750 0.027778 0.015625
0 0.895370 0.379688 0.027778 0.013542
