0 0.545370 0.586979 0.046296 0.026042
0 0.709259 0.288542 0.031481 0.018750
0 0.351852 0.528125 0.038889 0.021875
0 0.238889 0.688021 0.044444 0.025000
0 0.879630 0.544792 0.033333 0.018750
0 0.594444 0.497917 0.042593 0.026042
0 0.860185 0.396354 0.038889 0.021875
0 0.434259 0.744792 0.031481 0.016667
0 0.677778 0.731771 0.035185 0.020833
0 0.881481 0.400521 0.027778 0.018750
0 0.487037 0.773438 0.025926 0.016667
0 0.582407 0.233333 0.038889 0.022917
0 0.735185 0.556771 0.042593 0.023958
0 0.645370 0.734896 0.035185 0.018750
0 0.447222 0.268229 0.029630 0.019792
0 0.106481 0.482812 0.024074 0.013542
0 0.681481 0.298958 0.022222 0.013542
0 0.705556 0.532813 0.035185 0.019792
0 0.772222 0.291146 0.020370 0.014583
0 0.134259 0.269271 0.027778 0.014583
0 0.204630 0.698958 0.033333 0.020833
0 0.350926 0.695833 0.029630 0.017708
0 0.307407 0.442708 0.038889 0.020833
0 0.757407 0.502604 0.022222 0.010417
0 0.108333 0.681771 0.025926 0.013542
0 0.266667 0.786979 0.042593 0.025000
0 0.354630 0.369271 0.040741 0.023958
0 0.164815 0.298958 0.031481 0.016667
0 0.881481 0.356250 0.025926 0.014583
0 0.836111 0.593229 0.035185 0.018750
0 0.697222 0.279687 0.038889 0.026042
0 0.327778 0.661458 0.037037 0.018750
0 0.876852 0.589583 0.038889 0.016667
0 0.458333 0.780208 0.027778 0.015625
0 0.905556 0.528646 0.035185 0.020833
0 0.360185 0.722396 0.031481 0.018750
0 0.720370 0.704167 0.040741 0.023958
0 0.387037 0.393229 0.040741 0.021875
0 0.756481 0.517708 0.037037 0.020833
0 0.450926 0.677083 0.035185 0.019792
0 0.400000 0.782813 0.029630 0.017708
0 0.900000 0.578125 0.031481 0.018750
0 0.593519 0.735417 0.042593 0.021875
0 0.831481 0.449479 0.042593 0.023958
0 0.702778 0.266146 0.033333 0.016667
0 0.559259 0.558854 0.038889 0.021875
0 0.429630 0.672396 0.033333 0.018750
0 0.329630 0.672917 0.035185 0.014583
0 0.691667 0.564063 0.031481 0.017708
0 0.133333 0.686458 0.029630 0.016667
0 0.700926 0.588021 0.029630 0.015625
0 0.825926 0.535937 0.037037 0.020833
0 0.762963 0.298958 0.031481 0.017708
0 0.031481 0.355208 0.027778 0.014583
0 0.879630 0.592187 0.033333 0.018750
0 0.018519 0.334375 0.031481 0.016667
0 0.719444 0.511458 0.033333 0.018750
0 0.205556 0.698438 0.033333 0.023958
0 0.048148 0.371354 0.027778 0.015625
0 0.051852 0.644271 0.031481 0.017708
0 0.471296 0.460417 0.035185 0.020833
0 0.138889 0.281250 0.022222 0.011458
0 0.748148 0.304688 0.025926 0.016667
0 0.500926 0.644271 0.027778 0.016667
0 0.684259 0.542708 0.029630 0.017708
0 0.657407 0.564583 0.027778 0.017708
0 0.062963 0.455208 0.025926 0.014583
0 0.858333 0.369792 0.027778 0.013542
0 0.845370 0.552604 0.037037 0.020833
0 0.899074 0.557292 0.029630 0.017708
0 0.283333 0.375000 0.025926 0.012500
0 0.174074 0.656250 0.037037 0.018750
0 0.357407 0.684375 0.024074 0.012500
0 0.707407 0.716146 0.029630 0.016667
0 0.286111 0.653125 0.027778 0.016667
0 0.868519 0.587500 0.031481 0.017708
0 0.752778 0.650521 0.024074 0.014583
0 0.856481 0.575521 0.027778 0.016667
0 0.511111 0.228646 0.024074 0.012500
0 0.304630 0.376042 0.022222 0.008333
0 0.361111 0.553125 0.018519 0.010417
