0 0.855556 0.481250 0.024074 0.013542
0 0.209259 0.709896 0.037037 0.020833
0 0.233333 0.155729 0.024074 0.013542
0 0.156481 0.520312 0.024074 0.014583
0 0.174074 0.484896 0.031481 0.016667
0 0.258333 0.420833 0.048148 0.028125
0 0.220370 0.680208 0.035185 0.021875
0 0.179630 0.517708 0.024074 0.014583
0 0.270370 0.448958 0.050000 0.026042
0 0.296296 0.433854 0.046296 0.028125
0 0.277778 0.580729 0.014815 0.019792
0 0.337963 0.688542 0.033333 0.018750
0 0.333333 0.451562 0.044444 0.025000
0 0.338889 0.667708 0.033333 0.020833
0 0.289815 0.550000 0.029630 0.013542
0 0.359259 0.704167 0.031481 0.021875
0 0.375926 0.629167 0.029630 0.015625
0 0.319444 0.715104 0.025926 0.016667
0 0.743519 0.340104 0.025926 0.015625
0 0.347222 0.285417 0.031481 0.015625
0 0.337963 0.723958 0.035185 0.019792
0 0.503704 0.586458 0.016667 0.010417
0 0.757407 0.307812 0.020370 0.014583
0 0.424074 0.685417 0.025926 0.012500
0 0.997222 0.462500 0.014815 0.010417
0 0.503704 0.501042 0.031481 0.017708
0 0.923148 0.305729 0.025926 0.014583
0 0.499074 0.478125 0.029630 0.016667
0 0.996296 0.627604 0.024074 0.017708
0 0.743519 0.305208 0.037037 0.023958
0 0.706481 0.570833 0.020370 0.013542
0 0.886111 0.186458 0.011111 0.007292
0 0.898148 0.306771 0.024074 0.013542
0 0.644444 0.701042 0.020370 0.010417
0 0.751852 0.308854 0.031481 0.012500
0 0.786111 0.305729 0.031481 0.018750
0 0.869444 0.698958 0.029630 0.015625
0 0.785185 0.291667 0.024074 0.012500
0 0.965741 0.389583 0.016667 0.009375
0 0.708333 0.565104 0.014815 0.007292
0 0.844444 0.279167 0.024074 0.014583
0 0.828704 0.492708 0.018519 0.012500
0 0.796296 0.304167 0.022222 0.012500
0 0.996296 0.661979 0.007407 0.019792
0 0.865741 0.493750 0.024074 0.014583
0 0.804630 0.309375 0.022222 0.014583
0 0.800926 0.320833 0.024074 0.014583
0 0.887963 0.471875 0.018519 0.010417
0 0.899074 0.307292 0.024074 0.014583
0 0.993519 0.484896 0.005556 0.013542
0 0.948148 0.305208 0.025926 0.014583
0 0.988889 0.661979 0.024074 0.027083
0 0.996296 0.392188 0.005556 0.017708
0 0.997222 0.670312 0.003704 0.015625
0 0.995370 0.665104 0.005556 0.011458
0 0.997222 0.476042 0.003704 0.008333
0 0.825000 0.503646 0.027778 0.015625
0 0.779630 0.570833 0.024074 0.013542
0 0.834259 0.478125 0.018519 0.009375
0 0.826852 0.504167 0.027778 0.015625
0 0.828704 0.298958 0.024074 0.013542
0 0.780556 0.571354 0.024074 0.014583
0 0.836111 0.306250 0.024074 0.013542
0 0.792593 0.507292 0.031481 0.014583
0 0.190741 0.698958 0.027778 0.016667
0 0.149074 0.443229 0.035185 0.017708
0 0.144444 0.429167 0.033333 0.020833
0 0.226852 0.138542 0.024074 0.013542
0 0.119444 0.262500 0.031481 0.018750
0 0.885185 0.426563 0.024074 0.014583
0 0.125926 0.213542 0.037037 0.022917
0 0.852778 0.709375 0.027778 0.013542
0 0.087037 0.532292 0.037037 0.019792
0 0.087963 0.244271 0.031481 0.022917
0 0.092593 0.241146 0.020370 0.018750
0 0.377778 0.282292 0.031481 0.019792
0 0.442593 0.481250 0.020370 0.012500
0 0.056481 0.532813 0.025926 0.015625
0 0.381481 0.513021 0.020370 0.012500
0 0.018519 0.535417 0.031481 0.016667
0 0.006481 0.538542 0.012963 0.016667
0 0.187963 0.603125 0.031481 0.016667
0 0.548148 0.366667 0.031481 0.016667
0 0.218519 0.151042 0.024074 0.014583
0 0.168519 0.703646 0.029630 0.018750
0 0.138889 0.511979 0.016667 0.009375
0 0.173148 0.442188 0.027778 0.017708
0 0.353704 0.271354 0.027778 0.016667
0 0.363889 0.231250 0.031481 0.016667
0 0.174074 0.317708 0.027778 0.018750
0 0.199074 0.316667 0.031481 0.015625
0 0.121296 0.532813 0.033333 0.018750
