0 0.011111 0.703125 0.022222 0.019792
0 0.006481 0.460417 0.012963 0.021875
0 0.012037 0.681771 0.024074 0.022917
0 0.033333 0.534896 0.029630 0.013542
0 0.031481 0.718229 0.038889 0.021875
0 0.054630 0.641146 0.035185 0.017708
0 0.037963 0.727604 0.031481 0.016667
0 0.369444 0.348438 0.025926 0.015625
0 0.075926 0.291146 0.031481 0.018750
0 0.080556 0.735938 0.038889 0.019792
0 0.171296 0.597917 0.022222 0.010417
0 0.472222 0.313542 0.025926 0.017708
0 0.128704 0.698958 0.037037 0.018750
0 0.990741 0.464583 0.016667 0.012500
0 0.214815 0.508854 0.031481 0.017708
0 0.691667 0.309896 0.022222 0.014583
0 0.219444 0.484896 0.031481 0.016667
0 0.997222 0.651042 0.024074 0.017708
0 0.437037 0.310937 0.025926 0.017708
0 0.485185 0.578646 0.024074 0.014583
0 0.657407 0.189062 0.011111 0.007292
0 0.673148 0.310937 0.022222 0.014583
0 0.992593 0.323958 0.011111 0.010417
0 0.457407 0.354167 0.027778 0.014583
0 0.361111 0.713021 0.029630 0.016667
0 0.418519 0.552604 0.027778 0.017708
0 0.995370 0.563021 0.005556 0.013542
0 1.000926 0.669792 0.018519 0.016667
0 0.452778 0.316146 0.029630 0.018750
0 0.496296 0.310937 0.029630 0.019792
0 0.553704 0.711979 0.027778 0.017708
0 0.498148 0.296875 0.025926 0.015625
0 0.712963 0.397917 0.020370 0.012500
0 0.463889 0.571354 0.022222 0.013542
0 0.651852 0.492708 0.024074 0.013542
0 0.550926 0.515104 0.024074 0.013542
0 0.627778 0.311458 0.024074 0.014583
0 0.536111 0.579167 0.025926 0.015625
0 0.619444 0.302604 0.027778 0.015625
0 0.575000 0.510938 0.025926 0.016667
0 0.993519 0.528125 0.009259 0.011458
0 0.595370 0.485417 0.022222 0.012500
0 0.537037 0.579167 0.025926 0.015625
0 0.576852 0.511458 0.027778 0.016667
0 0.585185 0.507812 0.016667 0.011458
0 0.608333 0.282813 0.024074 0.015625
0 0.594444 0.500000 0.024074 0.014583
0 0.574074 0.310417 0.024074 0.015625
0 0.996296 0.673438 0.005556 0.017708
0 0.635185 0.500000 0.024074 0.014583
0 0.594444 0.314583 0.020370 0.013542
0 0.625926 0.489583 0.022222 0.012500
0 0.595370 0.325000 0.022222 0.013542
0 0.659259 0.478125 0.022222 0.011458
0 0.674074 0.310937 0.022222 0.015625
0 0.996296 0.268229 0.003704 0.016667
0 0.765741 0.492188 0.027778 0.015625
0 0.718519 0.309375 0.024074 0.015625
0 0.990741 0.682813 0.018519 0.021875
0 0.827778 0.402083 0.033333 0.019792
0 0.770370 0.429167 0.020370 0.010417
0 0.997222 0.507812 0.003704 0.017708
0 0.991667 0.680729 0.016667 0.016667
0 0.997222 0.704688 0.003704 0.016667
0 0.989815 0.667188 0.020370 0.011458
0 0.995370 0.738542 0.005556 0.016667
0 0.992593 0.685937 0.011111 0.018750
0 0.995370 0.351562 0.009259 0.014583
0 0.992593 0.339583 0.011111 0.013542
0 0.993519 0.661458 0.009259 0.012500
0 0.976852 0.385937 0.009259 0.013542
0 0.995370 0.393229 0.007407 0.013542
0 0.991667 0.682292 0.009259 0.016667
0 0.993519 0.595833 0.011111 0.028125
0 0.996296 0.470313 0.007407 0.020833
0 0.995370 0.708854 0.009259 0.013542
0 0.996296 0.705208 0.005556 0.014583
0 0.997222 0.478125 0.005556 0.010417
0 0.999074 0.435937 0.000000 0.000000
0 0.991667 0.710417 0.012963 0.017708
