0 0.668519 0.768750 0.027778 0.019792
0 0.004630 0.291667 0.009259 0.015625
0 0.686111 0.779687 0.033333 0.020833
0 0.010185 0.447396 0.020370 0.013542
0 0.015741 0.279167 0.025926 0.015625
0 0.480556 0.268229 0.025926 0.013542
0 0.029630 0.460938 0.029630 0.015625
0 0.050926 0.277604 0.027778 0.014583
0 0.236111 0.649479 0.027778 0.015625
0 0.052778 0.371354 0.033333 0.017708
0 0.123148 0.388021 0.020370 0.009375
0 0.068519 0.401562 0.024074 0.014583
0 0.508333 0.504687 0.022222 0.012500
0 0.079630 0.366146 0.025926 0.012500
0 0.269444 0.669271 0.033333 0.020833
0 0.764815 0.300521 0.022222 0.012500
0 0.266667 0.693750 0.031481 0.018750
0 0.933333 0.666667 0.040741 0.021875
0 0.513889 0.557813 0.024074 0.014583
0 0.321296 0.646354 0.022222 0.012500
0 0.320370 0.661458 0.037037 0.018750
0 1.007407 0.473958 0.029630 0.018750
0 0.897222 0.662500 0.033333 0.020833
0 0.303704 0.692708 0.029630 0.017708
0 0.323148 0.669792 0.025926 0.014583
0 0.795370 0.554688 0.018519 0.011458
0 0.960185 0.665104 0.025926 0.014583
0 0.580556 0.686979 0.027778 0.013542
0 0.396296 0.334375 0.031481 0.017708
0 0.464815 0.276562 0.024074 0.014583
0 0.671296 0.650521 0.042593 0.021875
0 0.991667 0.600000 0.014815 0.020833
0 0.400000 0.354167 0.025926 0.014583
0 0.992593 0.492188 0.020370 0.011458
0 0.701852 0.694271 0.037037 0.020833
0 0.419444 0.369792 0.025926 0.015625
0 0.429630 0.640625 0.029630 0.016667
0 0.994444 0.588021 0.009259 0.023958
0 0.823148 0.524479 0.040741 0.021875
0 0.735185 0.681771 0.046296 0.022917
0 0.992593 0.539583 0.011111 0.016667
0 0.993519 0.499479 0.012963 0.021875
0 0.987037 0.417708 0.020370 0.023958
0 0.871296 0.736458 0.031481 0.016667
0 0.994444 0.712500 0.011111 0.016667
0 0.912963 0.765104 0.027778 0.015625
0 0.993519 0.225521 0.009259 0.019792
0 0.995370 0.508854 0.007407 0.021875
0 0.991667 0.718229 0.016667 0.015625
0 0.790741 0.264062 0.029630 0.019792
0 0.433333 0.480729 0.024074 0.013542
0 0.997222 0.529167 0.024074 0.018750
0 0.636111 0.275000 0.035185 0.020833
0 0.701852 0.693750 0.038889 0.021875
0 0.805556 0.689063 0.029630 0.017708
0 0.792593 0.440104 0.037037 0.020833
0 0.491667 0.676042 0.025926 0.017708
0 0.905556 0.367188 0.042593 0.021875
0 0.994444 0.604167 0.007407 0.022917
0 0.993519 0.272917 0.011111 0.018750
0 0.819444 0.655729 0.037037 0.018750
0 0.986111 0.610417 0.027778 0.021875
0 1.005556 0.497396 0.081481 0.039583
0 0.804630 0.715625 0.033333 0.019792
0 0.993519 0.637500 0.012963 0.025000
0 0.930556 0.389583 0.042593 0.021875
0 0.996296 0.448958 0.005556 0.016667
0 0.931481 0.666667 0.040741 0.021875
0 0.835185 0.773438 0.031481 0.017708
0 0.993519 0.600000 0.012963 0.021875
0 0.993519 0.730208 0.011111 0.023958
0 0.994444 0.535417 0.009259 0.021875
0 0.538889 0.675521 0.022222 0.013542
0 1.000926 0.700521 0.029630 0.014583
0 0.786111 0.647917 0.024074 0.016667
0 0.992593 0.579688 0.014815 0.016667
0 0.993519 0.539062 0.031481 0.017708
0 1.002778 0.302604 0.024074 0.016667
0 1.007407 0.636979 0.029630 0.013542
0 1.007407 0.503646 0.035185 0.026042
0 0.996296 0.400521 0.005556 0.013542
0 0.895370 0.662500 0.038889 0.021875
0 0.402778 0.452604 0.025926 0.016667
0 0.812037 0.666667 0.033333 0.016667
0 0.990741 0.535937 0.016667 0.026042
0 0.520370 0.681250 0.029630 0.015625
0 1.009259 0.566146 0.038889 0.023958
0 1.006481 0.298958 0.031481 0.019792
0 0.994444 0.510938 0.011111 0.017708
0 0.886111 0.772396 0.020370 0.012500
