0 0.287037 0.554688 0.022222 0.012500
0 0.722222 0.344792 0.033333 0.018750
0 0.090741 0.448958 0.025926 0.010417
0 0.329630 0.156771 0.022222 0.014583
0 0.879630 0.511979 0.022222 0.013542
0 0.070370 0.415625 0.037037 0.019792
0 0.082407 0.541146 0.029630 0.014583
0 0.104630 0.538021 0.033333 0.017708
0 0.446296 0.518750 0.016667 0.010417
0 0.136111 0.535417 0.027778 0.017708
0 0.529630 0.484896 0.020370 0.014583
0 0.462963 0.285417 0.037037 0.019792
0 0.165741 0.246875 0.033333 0.020833
0 0.168519 0.245833 0.033333 0.019792
0 0.168519 0.534896 0.037037 0.019792
0 0.962963 0.717708 0.027778 0.013542
0 0.216667 0.214583 0.035185 0.021875
0 0.961111 0.432292 0.024074 0.013542
0 0.198148 0.265104 0.031481 0.018750
0 0.324074 0.139063 0.024074 0.014583
0 0.240741 0.430208 0.035185 0.019792
0 0.242593 0.445312 0.037037 0.017708
0 0.201852 0.535937 0.033333 0.018750
0 0.279630 0.703646 0.029630 0.017708
0 0.277778 0.319271 0.031481 0.015625
0 0.250926 0.320833 0.027778 0.017708
0 0.450926 0.233333 0.031481 0.016667
0 0.442593 0.275000 0.027778 0.016667
0 0.265741 0.444271 0.027778 0.016667
0 0.216667 0.514583 0.014815 0.009375
0 0.251852 0.707812 0.029630 0.018750
0 0.318519 0.152083 0.024074 0.014583
0 0.641667 0.369271 0.033333 0.016667
0 0.275926 0.606250 0.031481 0.017708
0 0.298148 0.714583 0.035185 0.020833
0 0.318519 0.152083 0.024074 0.015625
0 0.228704 0.523958 0.024074 0.012500
0 0.250926 0.488021 0.031481 0.017708
0 0.360185 0.422396 0.048148 0.029167
0 0.307407 0.685417 0.033333 0.022917
0 0.249074 0.521875 0.025926 0.014583
0 0.370370 0.450521 0.046296 0.027083
0 0.399074 0.434896 0.044444 0.028125
0 0.361111 0.584896 0.014815 0.019792
0 0.433333 0.693750 0.033333 0.018750
0 0.433333 0.453646 0.048148 0.026042
0 0.434259 0.672396 0.033333 0.020833
0 0.375926 0.554167 0.031481 0.014583
0 0.453704 0.708854 0.033333 0.021875
0 0.402778 0.720833 0.027778 0.016667
0 0.863889 0.339062 0.025926 0.015625
0 0.433333 0.287500 0.025926 0.013542
0 0.417593 0.729688 0.035185 0.019792
0 0.604630 0.590625 0.018519 0.010417
0 0.872222 0.308333 0.022222 0.014583
0 0.518519 0.691146 0.024074 0.012500
0 0.593519 0.503646 0.029630 0.017708
0 0.999074 0.308333 0.005556 0.015625
0 0.587037 0.481771 0.027778 0.018750
0 0.858333 0.304688 0.040741 0.026042
0 0.809259 0.576562 0.018519 0.013542
0 0.971296 0.189583 0.011111 0.007292
0 0.984259 0.310417 0.025926 0.014583
0 0.755556 0.708854 0.018519 0.010417
0 0.866667 0.308854 0.029630 0.012500
0 0.881481 0.305208 0.029630 0.015625
0 0.974074 0.707292 0.031481 0.014583
0 0.878704 0.292708 0.022222 0.011458
0 1.000000 0.390104 0.014815 0.009375
0 0.812963 0.577604 0.014815 0.006250
0 0.865741 0.513021 0.025926 0.014583
0 0.914815 0.310937 0.024074 0.014583
0 0.863889 0.578125 0.025926 0.014583
0 0.907407 0.303125 0.022222 0.014583
0 0.912037 0.509375 0.029630 0.015625
0 0.920370 0.482292 0.016667 0.009375
0 0.863889 0.578125 0.024074 0.013542
0 0.911111 0.508854 0.027778 0.015625
0 0.929630 0.282292 0.022222 0.013542
0 0.915741 0.498437 0.018519 0.011458
0 0.880556 0.305729 0.029630 0.016667
0 0.948148 0.498958 0.025926 0.014583
0 0.890741 0.313542 0.022222 0.012500
0 0.937963 0.486979 0.024074 0.014583
0 0.878704 0.323958 0.024074 0.014583
0 0.980556 0.476042 0.018519 0.009375
0 0.982407 0.310417 0.024074 0.014583
0 0.995370 0.463021 0.005556 0.013542
0 0.990741 0.311979 0.016667 0.015625
0 0.996296 0.402083 0.005556 0.016667
