0 0.649074 0.268229 0.033333 0.019792
0 0.281481 0.514583 0.040741 0.022917
0 0.163889 0.675521 0.044444 0.025000
0 0.612963 0.717708 0.037037 0.020833
0 0.816667 0.382292 0.033333 0.019792
0 0.429630 0.760938 0.029630 0.017708
0 0.502778 0.211979 0.038889 0.022917
0 0.666667 0.541667 0.044444 0.025000
0 0.578704 0.721354 0.035185 0.019792
0 0.390741 0.252083 0.029630 0.018750
0 0.057407 0.470833 0.025926 0.013542
0 0.605556 0.279167 0.022222 0.013542
0 0.651852 0.519271 0.035185 0.017708
0 0.720370 0.272917 0.022222 0.013542
0 0.074074 0.254167 0.027778 0.015625
0 0.137037 0.688542 0.035185 0.017708
0 0.287037 0.682813 0.031481 0.016667
0 0.229630 0.428125 0.040741 0.021875
0 0.689815 0.485938 0.025926 0.014583
0 0.053704 0.670312 0.025926 0.014583
0 0.210185 0.774479 0.044444 0.026042
0 0.262963 0.351562 0.040741 0.022917
0 0.104630 0.284375 0.035185 0.017708
0 0.831481 0.338542 0.025926 0.014583
0 0.778704 0.578125 0.035185 0.018750
0 0.620370 0.259896 0.040741 0.026042
0 0.255556 0.649479 0.037037 0.019792
0 0.821296 0.576562 0.037037 0.018750
0 0.838889 0.511979 0.033333 0.019792
0 0.298148 0.710417 0.031481 0.017708
0 0.656481 0.690104 0.040741 0.025000
0 0.298148 0.375000 0.042593 0.021875
0 0.682407 0.501563 0.037037 0.021875
0 0.813889 0.528646 0.035185 0.018750
0 0.373148 0.732292 0.031481 0.016667
0 0.512037 0.481771 0.044444 0.026042
0 0.779630 0.377604 0.042593 0.023958
0 0.006481 0.634375 0.012963 0.016667
0 0.473148 0.572917 0.048148 0.027083
0 0.705556 0.636458 0.024074 0.014583
0 0.357407 0.659375 0.033333 0.018750
0 0.629630 0.245833 0.035185 0.017708
0 0.754630 0.431250 0.042593 0.025000
0 0.523148 0.721875 0.042593 0.020833
0 0.842593 0.563021 0.033333 0.018750
0 0.340741 0.770312 0.031481 0.017708
0 0.380556 0.663542 0.037037 0.020833
0 0.811111 0.571875 0.029630 0.017708
0 0.214815 0.639062 0.029630 0.017708
0 0.656481 0.703125 0.029630 0.014583
0 0.291667 0.671354 0.029630 0.015625
0 0.100000 0.644792 0.038889 0.018750
0 0.220370 0.361458 0.025926 0.012500
0 0.841667 0.542188 0.031481 0.018750
0 0.482407 0.543750 0.040741 0.021875
0 0.400926 0.767708 0.029630 0.016667
0 0.758333 0.519792 0.037037 0.020833
0 0.259259 0.660417 0.035185 0.014583
0 0.708333 0.279687 0.031481 0.017708
0 0.640741 0.573958 0.025926 0.016667
0 0.636111 0.550000 0.029630 0.017708
0 0.079630 0.675000 0.029630 0.016667
0 0.778704 0.536458 0.037037 0.019792
0 0.797222 0.350521 0.027778 0.013542
0 0.011111 0.443750 0.022222 0.013542
0 0.600000 0.550521 0.027778 0.017708
0 0.627778 0.528646 0.031481 0.019792
0 0.427778 0.629687 0.033333 0.016667
0 0.697222 0.285938 0.024074 0.016667
0 0.080556 0.265104 0.025926 0.014583
0 0.400926 0.444792 0.033333 0.019792
0 0.310185 0.541146 0.020370 0.012500
0 0.250000 0.362500 0.025926 0.009375
0 0.452778 0.211458 0.024074 0.013542
0 0.800000 0.560417 0.029630 0.016667
