0 0.820370 0.584375 0.035185 0.019792
0 0.010185 0.326562 0.020370 0.017708
0 0.700000 0.502083 0.033333 0.017708
0 0.190741 0.688542 0.031481 0.022917
0 0.034259 0.363542 0.029630 0.014583
0 0.039815 0.636458 0.031481 0.017708
0 0.528704 0.578125 0.048148 0.027083
0 0.693519 0.279167 0.031481 0.019792
0 0.336111 0.519792 0.042593 0.021875
0 0.223148 0.679167 0.044444 0.025000
0 0.862037 0.535937 0.035185 0.018750
0 0.575000 0.489063 0.042593 0.025000
0 0.839815 0.387500 0.040741 0.022917
0 0.420370 0.735417 0.031481 0.016667
0 0.661111 0.721354 0.035185 0.019792
0 0.676852 0.270313 0.040741 0.027083
0 0.863889 0.391146 0.027778 0.018750
0 0.474074 0.763542 0.025926 0.015625
0 0.562037 0.223438 0.038889 0.022917
0 0.717593 0.547917 0.042593 0.025000
0 0.628704 0.725521 0.033333 0.019792
0 0.433333 0.259375 0.029630 0.019792
0 0.094444 0.475000 0.024074 0.013542
0 0.662963 0.289583 0.022222 0.013542
0 0.690741 0.523958 0.033333 0.019792
0 0.758333 0.282292 0.020370 0.014583
0 0.118519 0.260937 0.029630 0.014583
0 0.190741 0.690625 0.037037 0.019792
0 0.337037 0.686458 0.029630 0.016667
0 0.288889 0.434896 0.038889 0.020833
0 0.739815 0.493750 0.022222 0.011458
0 0.097222 0.673438 0.025926 0.014583
0 0.255556 0.777083 0.042593 0.026042
0 0.333333 0.360938 0.040741 0.022917
0 0.149074 0.290625 0.031481 0.016667
0 0.312037 0.653125 0.037037 0.018750
0 0.865741 0.346875 0.027778 0.015625
0 0.887037 0.519271 0.033333 0.020833
0 0.861111 0.581250 0.038889 0.017708
0 0.347222 0.713021 0.031481 0.017708
0 0.704630 0.694271 0.042593 0.023958
0 0.365741 0.383854 0.040741 0.020833
0 0.737963 0.508333 0.037037 0.020833
0 0.435185 0.667188 0.033333 0.020833
0 0.387037 0.772917 0.029630 0.017708
0 0.884259 0.569271 0.031481 0.019792
0 0.575926 0.725000 0.044444 0.020833
0 0.812037 0.440104 0.042593 0.023958
0 0.684259 0.256771 0.033333 0.017708
0 0.413889 0.663542 0.033333 0.018750
0 0.313889 0.664062 0.033333 0.014583
0 0.677778 0.555729 0.031481 0.017708
0 0.122222 0.678125 0.029630 0.016667
0 0.685185 0.579167 0.029630 0.015625
0 0.748148 0.290104 0.033333 0.017708
0 0.808333 0.527083 0.037037 0.020833
0 0.445370 0.769792 0.029630 0.015625
0 0.540741 0.550000 0.038889 0.021875
0 0.885185 0.548438 0.031481 0.017708
0 0.268519 0.367188 0.025926 0.012500
0 0.160185 0.647396 0.035185 0.017708
0 0.343519 0.675000 0.027778 0.014583
0 0.694444 0.706771 0.027778 0.015625
0 0.271296 0.644271 0.027778 0.015625
0 0.852778 0.578125 0.029630 0.017708
0 0.740741 0.641146 0.024074 0.013542
0 0.842593 0.566146 0.029630 0.015625
0 0.495370 0.219792 0.024074 0.013542
0 0.290741 0.368750 0.024074 0.009375
0 0.347222 0.545312 0.018519 0.011458
0 0.455556 0.452604 0.035185 0.020833
0 0.125926 0.272396 0.024074 0.011458
0 0.734259 0.295833 0.025926 0.016667
0 0.483333 0.635417 0.027778 0.016667
0 0.670370 0.533854 0.029630 0.017708
0 0.644444 0.556250 0.027778 0.017708
0 0.050926 0.447917 0.025926 0.014583
0 0.841667 0.360417 0.027778 0.013542
0 0.826852 0.543229 0.037037 0.019792
