0 0.032407 0.727604 0.031481 0.016667
0 0.008333 0.681771 0.016667 0.022917
0 0.027778 0.535417 0.029630 0.014583
0 0.024074 0.718229 0.037037 0.021875
0 0.047222 0.641146 0.035185 0.017708
0 0.362037 0.348438 0.025926 0.015625
0 0.069444 0.291146 0.031481 0.017708
0 0.074074 0.735938 0.038889 0.019792
0 0.163889 0.598437 0.022222 0.010417
0 0.466667 0.313542 0.025926 0.017708
0 0.122222 0.698438 0.038889 0.019792
0 0.990741 0.464062 0.016667 0.011458
0 0.208333 0.508854 0.031481 0.017708
0 0.685185 0.309896 0.022222 0.014583
0 0.212963 0.484896 0.031481 0.016667
0 0.996296 0.647917 0.024074 0.017708
0 0.430556 0.310937 0.027778 0.017708
0 0.479630 0.579167 0.024074 0.013542
0 0.651852 0.189583 0.011111 0.007292
0 0.667593 0.311458 0.022222 0.015625
0 0.992593 0.323437 0.011111 0.010417
0 0.447222 0.354687 0.025926 0.014583
0 0.355556 0.713021 0.027778 0.016667
0 0.412037 0.553125 0.027778 0.017708
0 0.996296 0.561979 0.007407 0.012500
0 1.000926 0.670312 0.018519 0.016667
0 0.447222 0.316146 0.031481 0.018750
0 0.489815 0.311458 0.031481 0.020833
0 0.546296 0.712500 0.029630 0.017708
0 0.492593 0.296875 0.025926 0.015625
0 0.707407 0.397917 0.022222 0.012500
0 0.459259 0.571354 0.024074 0.013542
0 0.645370 0.493229 0.022222 0.013542
0 0.544444 0.515104 0.024074 0.013542
0 0.622222 0.310937 0.022222 0.013542
0 0.529630 0.579167 0.025926 0.015625
0 0.613889 0.303125 0.024074 0.014583
0 0.569444 0.511458 0.025926 0.016667
0 0.993519 0.527083 0.009259 0.011458
0 0.589815 0.485938 0.024074 0.012500
0 0.530556 0.579167 0.025926 0.014583
0 0.570370 0.511458 0.027778 0.016667
0 0.578704 0.507812 0.016667 0.011458
0 0.602778 0.282813 0.024074 0.015625
0 0.587963 0.500000 0.024074 0.013542
0 0.568519 0.310417 0.025926 0.014583
0 0.996296 0.672917 0.005556 0.017708
0 0.629630 0.500521 0.024074 0.014583
0 0.588889 0.315104 0.020370 0.013542
0 0.618519 0.490104 0.022222 0.012500
0 0.589815 0.325521 0.022222 0.013542
0 0.653704 0.478125 0.022222 0.011458
0 0.667593 0.311458 0.022222 0.014583
0 0.997222 0.268229 0.005556 0.016667
0 0.759259 0.492188 0.027778 0.014583
0 0.712963 0.309896 0.025926 0.015625
0 0.990741 0.682813 0.018519 0.021875
0 0.820370 0.402604 0.031481 0.019792
0 0.762963 0.429167 0.020370 0.010417
0 0.997222 0.505729 0.003704 0.017708
0 0.991667 0.683333 0.016667 0.016667
0 0.997222 0.705729 0.003704 0.016667
0 0.988889 0.667188 0.018519 0.011458
0 0.996296 0.739062 0.007407 0.016667
0 0.993519 0.686979 0.011111 0.018750
0 0.995370 0.352083 0.009259 0.014583
0 0.992593 0.339062 0.011111 0.013542
0 0.993519 0.661458 0.009259 0.013542
0 0.973148 0.385937 0.009259 0.013542
0 0.995370 0.396354 0.007407 0.013542
0 0.989815 0.680208 0.009259 0.016667
0 0.993519 0.595833 0.011111 0.028125
0 0.996296 0.470833 0.007407 0.020833
0 0.996296 0.706250 0.005556 0.014583
0 0.994444 0.709896 0.009259 0.013542
0 0.999074 0.435937 0.000000 0.000000
0 0.991667 0.711458 0.012963 0.017708
0 0.996296 0.478646 0.003704 0.010417
