0 0.992593 0.429688 0.012963 0.022917
0 0.999074 0.618750 0.012963 0.021875
0 0.993519 0.785417 0.012963 0.018750
0 0.994444 0.658854 0.009259 0.019792
0 0.995370 0.651042 0.007407 0.012500
0 0.914815 0.711979 0.033333 0.018750
0 0.991667 0.530729 0.014815 0.029167
0 1.000000 0.681771 0.033333 0.014583
0 0.757407 0.475521 0.027778 0.016667
0 0.436111 0.386979 0.016667 0.009375
0 0.698148 0.696354 0.037037 0.020833
0 0.996296 0.320312 0.020370 0.011458
0 0.673148 0.721354 0.031481 0.018750
0 0.991667 0.697917 0.014815 0.029167
0 0.890741 0.580729 0.020370 0.011458
0 0.752778 0.689063 0.035185 0.017708
0 0.996296 0.710938 0.014815 0.025000
0 0.709259 0.720833 0.027778 0.017708
0 0.963889 0.718229 0.033333 0.015625
0 0.778704 0.355208 0.033333 0.016667
0 0.816667 0.297396 0.027778 0.015625
0 0.773148 0.375000 0.027778 0.015625
0 0.993519 0.726562 0.011111 0.021875
0 0.797222 0.391146 0.031481 0.015625
0 0.812037 0.668229 0.031481 0.017708
0 0.994444 0.660937 0.009259 0.025000
0 0.993519 0.554167 0.009259 0.017708
0 0.991667 0.740104 0.016667 0.026042
0 0.990741 0.761458 0.018519 0.018750
0 0.991667 0.765625 0.014815 0.008333
0 0.990741 0.234896 0.020370 0.011458
0 0.992593 0.271354 0.012963 0.017708
0 0.779630 0.503125 0.024074 0.013542
0 0.990741 0.727604 0.018519 0.023958
0 0.991667 0.709896 0.014815 0.019792
0 0.994444 0.503125 0.011111 0.023958
0 0.879630 0.705729 0.031481 0.017708
0 0.992593 0.789062 0.014815 0.018750
0 0.994444 0.357812 0.009259 0.022917
0 0.990741 0.693229 0.016667 0.021875
0 0.405556 0.390625 0.022222 0.012500
0 0.133333 0.557292 0.020370 0.011458
0 0.356481 0.485417 0.022222 0.012500
0 0.208333 0.506250 0.022222 0.013542
0 0.192593 0.560937 0.024074 0.010417
0 0.993519 0.395313 0.011111 0.016667
0 0.337037 0.306250 0.022222 0.011458
0 0.194444 0.569792 0.029630 0.014583
0 0.324074 0.297917 0.024074 0.014583
0 0.995370 0.654167 0.007407 0.021875
0 0.997222 0.544792 0.024074 0.011458
0 0.223148 0.502604 0.029630 0.016667
0 0.854630 0.531250 0.020370 0.011458
0 0.266667 0.477083 0.020370 0.011458
0 0.194444 0.569792 0.027778 0.014583
0 0.992593 0.697917 0.011111 0.015625
0 0.225000 0.504167 0.031481 0.017708
0 0.244444 0.498958 0.022222 0.013542
0 0.278704 0.279167 0.024074 0.015625
0 0.274074 0.491667 0.025926 0.015625
0 0.283333 0.305729 0.024074 0.013542
0 0.993519 0.656771 0.012963 0.019792
0 0.312963 0.492188 0.024074 0.014583
0 0.304630 0.309375 0.022222 0.013542
0 0.317593 0.481250 0.024074 0.012500
0 0.311111 0.319792 0.020370 0.013542
0 0.994444 0.789062 0.011111 0.026042
0 0.341667 0.470313 0.024074 0.013542
0 0.360185 0.305208 0.027778 0.014583
0 0.847222 0.288021 0.027778 0.015625
0 0.395370 0.483854 0.025926 0.015625
0 0.392593 0.304167 0.024074 0.014583
0 0.636111 0.673438 0.035185 0.018750
0 0.433333 0.395313 0.029630 0.018750
0 0.437037 0.412500 0.022222 0.012500
0 0.409259 0.426563 0.012963 0.007292
0 0.837963 0.528125 0.022222 0.012500
0 0.994444 0.260937 0.007407 0.014583
0 0.993519 0.644271 0.009259 0.018750
0 0.994444 0.716667 0.009259 0.016667
0 0.025000 0.700000 0.033333 0.015625
0 0.018519 0.542708 0.031481 0.017708
0 0.870370 0.541146 0.016667 0.011458
0 0.721296 0.698438 0.025926 0.016667
0 0.050000 0.311979 0.031481 0.017708
0 0.082407 0.307292 0.037037 0.019792
0 0.093519 0.698438 0.033333 0.016667
0 0.099074 0.293750 0.033333 0.017708
