0 0.965741 0.441667 0.029630 0.019792
0 0.661111 0.666146 0.033333 0.019792
0 0.078704 0.695833 0.031481 0.017708
0 0.100926 0.671875 0.031481 0.017708
0 0.584259 0.557813 0.022222 0.013542
0 0.743519 0.667708 0.035185 0.018750
0 0.388889 0.689583 0.025926 0.014583
0 0.190741 0.326042 0.035185 0.017708
0 0.249074 0.255729 0.018519 0.019792
0 0.415741 0.655208 0.037037 0.020833
0 -0.075926 0.337500 0.000000 0.000000
0 0.991667 0.592187 0.012963 0.019792
0 0.199074 0.346354 0.033333 0.015625
0 0.930556 0.491667 0.022222 0.012500
0 0.450000 0.700000 0.037037 0.022917
0 0.218519 0.362500 0.029630 0.015625
0 0.229630 0.641667 0.029630 0.017708
0 0.793519 0.583854 0.048148 0.027083
0 0.956481 0.278125 0.031481 0.015625
0 0.585185 0.524479 0.040741 0.021875
0 0.482407 0.686979 0.044444 0.023958
0 0.991667 0.548438 0.012963 0.020833
0 0.876852 0.494271 0.048148 0.025000
0 0.988889 0.383854 0.020370 0.021875
0 0.651852 0.741667 0.033333 0.017708
0 0.924074 0.728646 0.035185 0.019792
0 1.000000 0.381250 0.031481 0.021875
0 0.025000 0.672396 0.037037 0.019792
0 0.616667 0.289062 0.024074 0.012500
0 0.038889 0.696875 0.033333 0.018750
0 0.684259 0.670833 0.031481 0.018750
0 0.321296 0.555729 0.025926 0.014583
0 0.083333 0.649479 0.024074 0.014583
0 0.076852 0.664062 0.037037 0.020833
0 0.687963 0.673958 0.038889 0.021875
0 0.616667 0.780729 0.029630 0.018750
0 0.993519 0.582292 0.012963 0.019792
0 0.846296 0.732292 0.046296 0.021875
0 0.995370 0.433854 0.005556 0.016667
0 0.962037 0.256250 0.027778 0.015625
0 0.662037 0.667188 0.033333 0.020833
0 0.566667 0.671354 0.035185 0.015625
0 0.900000 0.556771 0.025926 0.019792
0 0.318519 0.683854 0.029630 0.016667
0 0.923148 0.581250 0.025926 0.015625
0 0.698148 0.770833 0.025926 0.016667
0 0.837037 0.220833 0.042593 0.025000
0 0.981481 0.552083 0.037037 0.025000
0 0.890741 0.731771 0.033333 0.017708
0 0.607407 0.255729 0.031481 0.019792
0 0.257407 0.476562 0.025926 0.013542
0 0.909259 0.526042 0.035185 0.018750
0 0.964815 0.283854 0.020370 0.014583
0 0.350000 0.263542 0.029630 0.017708
0 0.450926 0.700000 0.037037 0.020833
0 0.575000 0.693750 0.029630 0.018750
0 0.545370 0.438021 0.038889 0.020833
0 0.995370 0.491146 0.031481 0.015625
0 0.289815 0.678125 0.024074 0.015625
0 0.477778 0.786979 0.040741 0.020833
0 0.628704 0.361979 0.040741 0.023958
0 0.383333 0.284896 0.025926 0.013542
0 0.984259 0.336458 0.029630 0.016667
0 0.995370 0.593750 0.007407 0.021875
0 0.951852 0.268229 0.038889 0.026042
0 0.570370 0.660417 0.035185 0.019792
0 0.985185 0.590104 0.024074 0.019792
0 0.975926 0.504687 0.044444 0.020833
0 0.579630 0.720833 0.031481 0.018750
0 0.961111 0.700521 0.042593 0.023958
0 0.656481 0.385937 0.042593 0.023958
0 0.996296 0.511979 0.007407 0.021875
0 0.948148 0.286979 0.024074 0.015625
0 0.993519 0.520833 0.012963 0.019792
0 0.669444 0.777604 0.024074 0.014583
0 0.825926 0.555729 0.042593 0.022917
0 0.336111 0.677604 0.020370 0.012500
0 0.931481 0.710938 0.025926 0.014583
0 0.531481 0.653125 0.025926 0.015625
0 0.991667 0.580208 0.016667 0.018750
0 1.000926 0.647396 0.025926 0.014583
0 0.991667 0.555208 0.033333 0.019792
0 0.568519 0.542708 0.027778 0.015625
0 0.237037 0.305729 0.018519 0.009375
0 0.942593 0.290104 0.022222 0.014583
0 0.751852 0.642188 0.035185 0.016667
0 0.887037 0.536979 0.022222 0.013542
0 0.218519 0.447917 0.027778 0.016667
0 0.987037 0.549479 0.024074 0.025000
