0 0.791667 0.347917 0.027778 0.013542
0 0.663889 0.696354 0.029630 0.014583
0 0.234259 0.640104 0.031481 0.018750
0 0.813889 0.565625 0.029630 0.016667
0 0.707407 0.630208 0.024074 0.013542
0 0.801852 0.553646 0.027778 0.015625
0 0.442593 0.211979 0.024074 0.012500
0 0.244444 0.364063 0.024074 0.009375
0 0.310185 0.540625 0.018519 0.011458
0 0.409259 0.445312 0.033333 0.019792
0 0.072222 0.268750 0.025926 0.013542
0 0.685185 0.284896 0.024074 0.016667
0 0.444444 0.627604 0.029630 0.017708
0 0.631481 0.524479 0.029630 0.017708
0 0.605556 0.546354 0.027778 0.016667
0 0.010185 0.447396 0.020370 0.013542
0 0.784259 0.531250 0.037037 0.020833
0 0.628704 0.245833 0.033333 0.017708
0 0.376852 0.657292 0.033333 0.018750
0 0.277778 0.659375 0.035185 0.013542
0 0.638889 0.545833 0.029630 0.017708
0 0.089815 0.677083 0.031481 0.016667
0 0.644444 0.568750 0.029630 0.014583
0 0.699074 0.278646 0.031481 0.017708
0 0.763889 0.514583 0.037037 0.019792
0 0.416667 0.764062 0.029630 0.016667
0 0.497222 0.541667 0.040741 0.021875
0 0.842593 0.535937 0.031481 0.018750
0 0.219444 0.363021 0.025926 0.012500
0 0.118519 0.645833 0.035185 0.018750
0 0.310185 0.670312 0.029630 0.014583
0 0.651852 0.514062 0.037037 0.018750
0 0.707407 0.271354 0.020370 0.015625
0 0.065741 0.256771 0.027778 0.013542
0 0.155556 0.688542 0.037037 0.019792
0 0.303704 0.681771 0.029630 0.016667
0 0.240741 0.429688 0.038889 0.020833
0 0.694444 0.482812 0.024074 0.011458
0 0.064815 0.672917 0.027778 0.014583
0 0.225926 0.773958 0.042593 0.026042
0 0.276852 0.353125 0.038889 0.021875
0 0.098148 0.286979 0.031481 0.016667
0 0.819444 0.335417 0.024074 0.014583
0 0.780556 0.571875 0.033333 0.019792
0 0.621296 0.259375 0.038889 0.023958
0 0.607407 0.279167 0.022222 0.012500
0 0.275000 0.648958 0.038889 0.019792
0 0.822222 0.569792 0.033333 0.018750
0 0.841667 0.505729 0.033333 0.019792
0 0.314815 0.708854 0.031481 0.018750
0 0.053704 0.474479 0.025926 0.013542
0 0.382407 0.253125 0.029630 0.019792
0 0.594444 0.715625 0.033333 0.020833
0 0.675000 0.536979 0.044444 0.023958
0 0.504630 0.214062 0.038889 0.022917
0 0.443519 0.756771 0.027778 0.016667
0 0.814815 0.379167 0.033333 0.019792
0 0.627778 0.710938 0.035185 0.019792
0 0.388889 0.729688 0.029630 0.016667
0 0.786111 0.373958 0.042593 0.022917
0 0.527778 0.479687 0.042593 0.025000
0 0.185185 0.676562 0.042593 0.025000
0 0.817593 0.522917 0.035185 0.018750
0 0.293519 0.515104 0.040741 0.021875
0 0.642593 0.268750 0.031481 0.019792
0 0.487963 0.570312 0.048148 0.026042
0 0.010185 0.637500 0.020370 0.017708
0 0.002778 0.361458 0.005556 0.015625
0 0.151852 0.686458 0.031481 0.021875
0 0.654630 0.491667 0.033333 0.017708
0 0.669444 0.682813 0.042593 0.025000
0 0.312963 0.377083 0.040741 0.021875
0 0.691667 0.497396 0.035185 0.020833
0 0.400000 0.660937 0.033333 0.019792
0 0.358333 0.767708 0.031481 0.018750
0 0.843519 0.556250 0.031481 0.018750
0 0.540741 0.715625 0.040741 0.020833
0 0.762037 0.427604 0.042593 0.025000
