0 0.298148 0.325521 0.025926 0.012500
0 0.679630 0.656771 0.029630 0.015625
0 0.167593 0.233854 0.027778 0.018750
0 0.299074 0.546354 0.027778 0.013542
0 0.737037 0.329688 0.029630 0.018750
0 0.106481 0.443229 0.025926 0.011458
0 0.336111 0.142187 0.022222 0.014583
0 0.896296 0.494792 0.024074 0.013542
0 0.086111 0.409375 0.037037 0.020833
0 0.100000 0.536979 0.029630 0.014583
0 0.124074 0.533333 0.033333 0.017708
0 0.456481 0.509375 0.018519 0.010417
0 0.150000 0.529167 0.029630 0.017708
0 0.550000 0.473438 0.022222 0.015625
0 0.464815 0.272396 0.027778 0.018750
0 0.159259 0.238021 0.029630 0.018750
0 0.161111 0.235937 0.035185 0.018750
0 0.183333 0.528646 0.035185 0.019792
0 1.003704 0.700000 0.025926 0.012500
0 0.221296 0.203646 0.035185 0.021875
0 0.969444 0.424479 0.020370 0.013542
0 0.196296 0.254688 0.031481 0.018750
0 0.330556 0.124479 0.024074 0.015625
0 0.262963 0.422396 0.035185 0.020833
0 0.263889 0.436979 0.035185 0.017708
0 0.217593 0.529167 0.033333 0.017708
0 0.312037 0.695833 0.029630 0.017708
0 0.278704 0.309375 0.029630 0.016667
0 0.252778 0.310417 0.029630 0.017708
0 0.455556 0.219271 0.031481 0.017708
0 0.450926 0.261458 0.031481 0.018750
0 0.287963 0.435937 0.025926 0.017708
0 0.233333 0.506250 0.014815 0.008333
0 0.283333 0.701042 0.031481 0.018750
0 0.325000 0.137500 0.024074 0.014583
0 0.657407 0.356771 0.038889 0.020833
0 0.302778 0.598958 0.031481 0.018750
0 0.333333 0.707292 0.035185 0.020833
0 0.325926 0.137500 0.024074 0.015625
0 0.235185 0.517708 0.022222 0.012500
0 0.261111 0.480208 0.029630 0.016667
0 0.387963 0.411979 0.048148 0.029167
0 0.340741 0.677604 0.033333 0.020833
0 0.256481 0.514583 0.025926 0.015625
0 0.399074 0.440625 0.048148 0.027083
0 0.428704 0.424479 0.046296 0.028125
0 0.462963 0.442708 0.048148 0.025000
0 0.471296 0.662500 0.033333 0.020833
0 0.492593 0.698958 0.033333 0.021875
0 0.432407 0.711458 0.025926 0.015625
0 0.445370 0.275000 0.025926 0.013542
0 0.445370 0.720313 0.035185 0.018750
0 0.640741 0.578125 0.018519 0.010417
0 0.908333 0.290625 0.022222 0.014583
0 0.555556 0.680208 0.024074 0.012500
0 0.616667 0.491146 0.029630 0.018750
0 0.996296 0.291146 0.007407 0.016667
0 0.606481 0.468229 0.025926 0.016667
0 0.899074 0.286458 0.040741 0.027083
0 0.854630 0.568229 0.018519 0.012500
0 0.972222 0.169792 0.011111 0.007292
0 0.983333 0.292708 0.016667 0.014583
0 0.805556 0.694792 0.018519 0.010417
0 0.902778 0.291146 0.029630 0.011458
0 0.900926 0.289583 0.022222 0.012500
0 1.000926 0.688021 0.007407 0.015625
0 0.894444 0.275521 0.022222 0.012500
0 0.999074 0.383854 0.014815 0.009375
0 0.859259 0.578646 0.012963 0.006250
0 0.891667 0.499479 0.025926 0.014583
0 0.918519 0.291146 0.020370 0.011458
0 0.883333 0.560937 0.025926 0.014583
0 0.916667 0.286458 0.024074 0.013542
0 0.929630 0.491667 0.027778 0.015625
0 0.938889 0.465104 0.016667 0.009375
0 0.883333 0.560937 0.025926 0.014583
0 0.929630 0.491667 0.029630 0.017708
0 0.935185 0.263542 0.024074 0.012500
0 0.937037 0.483333 0.016667 0.011458
0 0.898148 0.290104 0.025926 0.013542
0 0.960185 0.481771 0.025926 0.014583
0 0.917593 0.297396 0.022222 0.012500
0 0.951852 0.469271 0.025926 0.014583
0 0.901852 0.305208 0.024074 0.014583
0 0.983333 0.456771 0.025926 0.014583
0 0.987963 0.291667 0.024074 0.015625
0 0.995370 0.448958 0.007407 0.014583
0 0.987037 0.291667 0.024074 0.015625
0 0.996296 0.400521 0.005556 0.016667
