0 0.026852 0.447917 0.025926 0.014583
0 0.814815 0.353646 0.027778 0.013542
0 0.802778 0.536979 0.037037 0.020833
0 0.467593 0.215625 0.024074 0.012500
0 0.265741 0.365625 0.024074 0.009375
0 0.326852 0.542708 0.018519 0.011458
0 0.429630 0.448437 0.033333 0.019792
0 0.096296 0.270313 0.024074 0.012500
0 0.707407 0.290625 0.024074 0.015625
0 0.649074 0.528646 0.029630 0.017708
0 0.462037 0.630729 0.029630 0.017708
0 0.622222 0.550521 0.027778 0.016667
0 0.809259 0.380729 0.040741 0.022917
0 0.674074 0.495833 0.033333 0.016667
0 0.167593 0.687500 0.031481 0.022917
0 0.012037 0.361979 0.024074 0.015625
0 0.019444 0.636458 0.031481 0.016667
0 0.505556 0.573958 0.046296 0.027083
0 0.665741 0.273958 0.031481 0.019792
0 0.311111 0.517188 0.040741 0.021875
0 0.200926 0.677604 0.044444 0.025000
0 0.837037 0.528646 0.035185 0.018750
0 0.548148 0.483854 0.042593 0.025000
0 0.861111 0.561979 0.031481 0.018750
0 0.555556 0.719792 0.042593 0.019792
0 0.784259 0.432812 0.042593 0.025000
0 0.653704 0.251563 0.033333 0.017708
0 0.392593 0.659896 0.033333 0.019792
0 0.293519 0.661458 0.035185 0.013542
0 0.655556 0.550521 0.029630 0.017708
0 0.103704 0.677083 0.031481 0.015625
0 0.661111 0.573438 0.027778 0.015625
0 0.721296 0.284375 0.029630 0.017708
0 0.783333 0.520312 0.037037 0.020833
0 0.427778 0.766146 0.029630 0.015625
0 0.515741 0.545312 0.038889 0.021875
0 0.861111 0.541667 0.031481 0.018750
0 0.241667 0.364583 0.025926 0.012500
0 0.136111 0.645833 0.037037 0.017708
0 0.325000 0.672396 0.029630 0.014583
0 0.676852 0.701042 0.029630 0.014583
0 0.249074 0.641667 0.029630 0.016667
0 0.830556 0.571354 0.029630 0.017708
0 0.722222 0.635417 0.024074 0.013542
0 0.819444 0.559375 0.027778 0.015625
0 0.401852 0.732292 0.029630 0.016667
0 0.641667 0.715625 0.033333 0.020833
0 0.836111 0.384375 0.029630 0.019792
0 0.456481 0.759896 0.029630 0.016667
0 0.530556 0.218750 0.038889 0.023958
0 0.693519 0.541667 0.044444 0.025000
0 0.609259 0.719792 0.033333 0.019792
0 0.406481 0.256250 0.031481 0.019792
0 0.071296 0.474479 0.025926 0.013542
0 0.632407 0.283854 0.022222 0.012500
0 0.670370 0.518229 0.037037 0.019792
0 0.730556 0.276562 0.020370 0.014583
0 0.088889 0.258333 0.027778 0.013542
0 0.169444 0.689063 0.037037 0.018750
0 0.317593 0.683854 0.029630 0.016667
0 0.262037 0.431771 0.038889 0.020833
0 0.713889 0.488021 0.022222 0.011458
0 0.078704 0.672917 0.027778 0.013542
0 0.237963 0.775000 0.042593 0.025000
0 0.301852 0.356771 0.038889 0.023958
0 0.123148 0.288542 0.033333 0.017708
0 0.840741 0.341667 0.024074 0.015625
0 0.798148 0.577604 0.035185 0.018750
0 0.646296 0.264583 0.038889 0.025000
0 0.290741 0.650521 0.037037 0.018750
0 0.839815 0.575521 0.035185 0.017708
0 0.861111 0.511979 0.033333 0.019792
0 0.327778 0.710938 0.029630 0.017708
0 0.684259 0.688021 0.044444 0.023958
0 0.337037 0.379688 0.042593 0.020833
0 0.712037 0.502604 0.037037 0.021875
0 0.414815 0.663542 0.035185 0.019792
0 0.369444 0.770312 0.029630 0.018750
