0 0.495370 0.674479 0.020370 0.012500
0 0.989815 0.685417 0.037037 0.020833
0 0.732407 0.644792 0.024074 0.016667
0 0.993519 0.541667 0.009259 0.023958
0 0.991667 0.575521 0.016667 0.017708
0 0.991667 0.540625 0.031481 0.018750
0 0.746296 0.539062 0.025926 0.014583
0 1.002778 0.298438 0.024074 0.015625
0 0.951852 0.632292 0.027778 0.012500
0 0.354630 0.451562 0.025926 0.016667
0 0.990741 0.539062 0.016667 0.026042
0 0.005556 0.372917 0.011111 0.017708
0 0.003704 0.278646 0.007407 0.013542
0 0.185185 0.653646 0.025926 0.014583
0 0.841667 0.768229 0.022222 0.013542
0 0.993519 0.526042 0.011111 0.018750
0 1.006481 0.288542 0.029630 0.018750
0 1.009259 0.568750 0.035185 0.021875
0 0.475926 0.680729 0.029630 0.016667
0 1.006481 0.520833 0.029630 0.021875
0 0.761111 0.663542 0.033333 0.015625
0 0.844444 0.658333 0.037037 0.021875
0 0.027778 0.367188 0.025926 0.012500
0 0.465741 0.503646 0.022222 0.012500
0 0.018519 0.403125 0.027778 0.014583
0 0.075000 0.389062 0.018519 0.010417
0 0.978704 0.576042 0.040741 0.026042
0 0.216667 0.671354 0.035185 0.019792
0 0.718519 0.292708 0.024074 0.013542
0 0.217593 0.696354 0.033333 0.018750
0 0.879630 0.663542 0.038889 0.023958
0 0.467593 0.556771 0.024074 0.014583
0 0.269444 0.648438 0.024074 0.012500
0 0.268519 0.663542 0.037037 0.020833
0 1.008333 0.458854 0.029630 0.018750
0 0.846296 0.658333 0.033333 0.020833
0 0.254630 0.695312 0.029630 0.018750
0 0.273148 0.671875 0.027778 0.014583
0 0.739815 0.551562 0.020370 0.011458
0 0.912037 0.660417 0.025926 0.014583
0 0.537963 0.685937 0.025926 0.014583
0 0.341667 0.332813 0.033333 0.017708
0 0.413889 0.273438 0.029630 0.015625
0 0.619444 0.648958 0.044444 0.021875
0 0.000000 0.000000 0.000000 0.000000
0 0.991667 0.592708 0.014815 0.020833
0 0.345370 0.352604 0.029630 0.016667
0 0.997222 0.488542 0.022222 0.012500
0 0.651852 0.691667 0.037037 0.023958
0 0.365741 0.368229 0.027778 0.015625
0 0.385185 0.640625 0.031481 0.016667
0 0.995370 0.280208 0.029630 0.015625
0 0.769444 0.520833 0.040741 0.021875
0 0.684259 0.679688 0.044444 0.023958
0 0.992593 0.541146 0.011111 0.017708
0 0.993519 0.498958 0.012963 0.022917
0 0.987963 0.401562 0.020370 0.022917
0 0.825000 0.732812 0.031481 0.017708
0 0.993519 0.711458 0.011111 0.016667
0 1.000926 0.358854 0.035185 0.023958
0 0.868519 0.760417 0.027778 0.016667
0 0.999074 0.225000 0.009259 0.019792
0 0.995370 0.525000 0.007407 0.020833
0 0.990741 0.725000 0.014815 0.015625
0 0.725000 0.259375 0.029630 0.019792
0 0.387963 0.479167 0.024074 0.013542
0 0.998148 0.522396 0.024074 0.018750
0 0.567593 0.270833 0.033333 0.019792
0 0.652778 0.692187 0.037037 0.022917
0 0.756481 0.685937 0.029630 0.017708
0 0.735185 0.436458 0.037037 0.020833
0 0.447222 0.676042 0.027778 0.016667
0 0.653704 0.779687 0.033333 0.021875
0 0.840741 0.362500 0.042593 0.022917
0 0.987037 0.339583 0.029630 0.017708
0 0.995370 0.602604 0.007407 0.022917
0 0.985185 0.264062 0.029630 0.019792
0 0.766667 0.652604 0.035185 0.018750
0 0.986111 0.593750 0.025926 0.021875
0 1.005556 0.505208 0.070370 0.034375
0 0.756481 0.712500 0.033333 0.018750
0 0.993519 0.654167 0.011111 0.022917
0 0.865741 0.384896 0.042593 0.022917
0 0.996296 0.454688 0.005556 0.017708
0 0.879630 0.663021 0.040741 0.022917
0 0.789815 0.770833 0.031481 0.018750
0 0.993519 0.599479 0.012963 0.020833
0 0.993519 0.716667 0.011111 0.021875
0 0.996296 0.401562 0.005556 0.014583
0 1.003704 0.278646 0.027778 0.015625
