0 0.009259 0.369271 0.018519 0.017708
0 0.728704 0.527083 0.031481 0.018750
0 0.212037 0.725000 0.033333 0.023958
0 0.021296 0.383854 0.031481 0.016667
0 0.027778 0.667188 0.033333 0.019792
0 0.559259 0.604167 0.048148 0.027083
0 0.708333 0.306250 0.031481 0.015625
0 0.358333 0.545833 0.040741 0.022917
0 0.246296 0.711979 0.042593 0.025000
0 0.883333 0.559896 0.033333 0.018750
0 0.616667 0.515104 0.042593 0.025000
0 0.875926 0.413542 0.040741 0.021875
0 0.437037 0.766146 0.031481 0.017708
0 0.692593 0.748437 0.035185 0.020833
0 0.894444 0.415625 0.027778 0.019792
0 0.488889 0.793750 0.029630 0.017708
0 0.590741 0.249479 0.038889 0.022917
0 0.746296 0.572396 0.044444 0.025000
0 0.659259 0.752604 0.033333 0.020833
0 0.422222 0.282292 0.029630 0.018750
0 0.075000 0.498958 0.027778 0.014583
0 0.690741 0.315625 0.020370 0.013542
0 0.700000 0.546875 0.031481 0.017708
0 0.749074 0.306771 0.018519 0.014583
0 -0.074074 0.338021 0.001852 0.000000
0 0.024074 0.285938 0.016667 0.017708
0 0.178704 0.679688 0.037037 0.019792
0 0.877778 0.606250 0.033333 0.018750
0 0.710185 0.283854 0.029630 0.016667
0 0.107407 0.280208 0.027778 0.016667
0 0.211111 0.723958 0.033333 0.021875
0 0.355556 0.716667 0.029630 0.017708
0 0.312963 0.458333 0.037037 0.020833
0 0.769444 0.518750 0.020370 0.010417
0 0.087963 0.704688 0.031481 0.014583
0 0.263889 0.813542 0.042593 0.025000
0 0.372222 0.384375 0.042593 0.023958
0 0.185185 0.305208 0.027778 0.015625
0 0.861111 0.373958 0.029630 0.017708
0 0.833333 0.607292 0.035185 0.018750
0 0.704630 0.296875 0.042593 0.026042
0 0.337963 0.682813 0.037037 0.019792
0 0.875926 0.604688 0.035185 0.018750
0 0.910185 0.542708 0.035185 0.019792
0 0.363889 0.744271 0.031481 0.018750
0 0.730556 0.719792 0.042593 0.023958
0 0.401852 0.408333 0.042593 0.021875
0 0.771296 0.533333 0.037037 0.021875
0 0.462037 0.696875 0.035185 0.018750
0 0.402778 0.805729 0.031481 0.018750
0 0.896296 0.592187 0.031481 0.018750
0 0.610185 0.753646 0.044444 0.021875
0 0.847222 0.465104 0.044444 0.022917
0 0.444444 0.691667 0.035185 0.019792
0 0.337963 0.694792 0.033333 0.015625
0 0.686111 0.578646 0.029630 0.017708
0 0.115741 0.709896 0.031481 0.016667
0 0.690741 0.602083 0.024074 0.015625
0 0.740741 0.314063 0.031481 0.017708
0 0.834259 0.551042 0.037037 0.020833
0 0.458333 0.801562 0.029630 0.016667
0 0.576852 0.576042 0.042593 0.022917
0 0.896296 0.571875 0.029630 0.016667
0 0.277778 0.390625 0.027778 0.013542
0 0.137037 0.704688 0.024074 0.013542
0 0.362037 0.705208 0.020370 0.010417
0 0.701852 0.731771 0.025926 0.015625
0 0.296296 0.675521 0.027778 0.016667
0 0.863889 0.601042 0.029630 0.018750
0 0.763889 0.666146 0.025926 0.014583
0 0.854630 0.589063 0.027778 0.015625
0 0.483333 0.243750 0.024074 0.012500
0 0.318519 0.391146 0.020370 0.008333
0 0.375926 0.565625 0.027778 0.015625
0 0.477778 0.476562 0.038889 0.022917
0 0.141667 0.301042 0.020370 0.010417
0 0.723148 0.317708 0.025926 0.016667
0 0.517593 0.662500 0.027778 0.015625
0 0.677778 0.557292 0.029630 0.016667
0 0.658333 0.578646 0.027778 0.016667
0 0.030556 0.470833 0.027778 0.015625
0 0.852778 0.385417 0.027778 0.013542
0 0.852778 0.567187 0.037037 0.019792
