0 0.946296 0.484896 0.027778 0.016667
0 0.994444 0.611458 0.009259 0.020833
0 0.993519 0.642708 0.011111 0.019792
0 0.993519 0.709896 0.012963 0.018750
0 0.990741 0.605208 0.016667 0.033333
0 0.938889 0.731771 0.029630 0.017708
0 0.992593 0.710938 0.014815 0.019792
0 0.985185 0.366667 0.029630 0.017708
0 0.992593 0.308854 0.012963 0.015625
0 0.991667 0.699479 0.016667 0.017708
0 0.975000 0.385937 0.033333 0.014583
0 0.993519 0.735417 0.009259 0.020833
0 0.992593 0.402604 0.012963 0.018750
0 0.993519 0.670312 0.011111 0.014583
0 0.994444 0.589583 0.011111 0.026042
0 0.989815 0.802604 0.018519 0.030208
0 0.990741 0.252083 0.018519 0.010417
0 0.992593 0.276562 0.011111 0.016667
0 0.962037 0.513542 0.025926 0.013542
0 0.990741 0.746875 0.016667 0.022917
0 0.996296 0.711979 0.005556 0.014583
0 0.994444 0.550521 0.009259 0.021875
0 0.993519 0.713542 0.009259 0.015625
0 0.993519 0.777604 0.012963 0.016667
0 0.994444 0.608854 0.009259 0.016667
0 0.995370 0.705729 0.005556 0.010417
0 0.999074 0.436458 0.000000 0.000000
0 0.992593 0.612500 0.014815 0.026042
0 0.992593 0.789583 0.012963 0.020833
0 0.564815 0.315104 0.022222 0.014583
0 0.858333 0.683854 0.035185 0.020833
0 0.637037 0.406771 0.027778 0.018750
0 0.594444 0.421354 0.020370 0.010417
0 0.593519 0.438021 0.009259 0.005208
0 1.004630 0.537500 0.016667 0.013542
0 0.944444 0.706771 0.038889 0.021875
0 0.903704 0.731771 0.033333 0.018750
0 1.000000 0.698958 0.029630 0.017708
0 0.996296 0.550521 0.020370 0.011458
0 0.032407 0.511979 0.031481 0.014583
0 0.534259 0.315625 0.025926 0.015625
0 0.035185 0.472917 0.025926 0.009375
0 0.897222 0.652604 0.027778 0.015625
0 0.251852 0.319792 0.018519 0.015625
0 0.359259 0.579688 0.020370 0.012500
0 0.490741 0.198958 0.009259 0.006250
0 0.522222 0.317708 0.020370 0.013542
0 0.990741 0.325521 0.018519 0.015625
0 0.187963 0.355729 0.027778 0.016667
0 0.207407 0.708854 0.031481 0.014583
0 0.227778 0.553125 0.029630 0.017708
0 0.995370 0.547396 0.005556 0.012500
0 0.968519 0.707292 0.027778 0.016667
0 0.264815 0.324479 0.029630 0.017708
0 0.300000 0.320312 0.038889 0.019792
0 0.333333 0.708854 0.029630 0.016667
0 0.311111 0.306250 0.029630 0.016667
0 0.570370 0.401562 0.024074 0.013542
0 0.335185 0.572396 0.022222 0.012500
0 0.521296 0.495312 0.020370 0.011458
0 0.391667 0.515625 0.020370 0.012500
0 0.379630 0.570833 0.024074 0.011458
0 0.996296 0.422396 0.003704 0.014583
0 0.492593 0.316667 0.022222 0.012500
0 0.375926 0.578646 0.029630 0.013542
0 0.483333 0.308854 0.024074 0.015625
0 0.995370 0.703125 0.007407 0.022917
0 0.994444 0.592187 0.025926 0.012500
0 0.410185 0.513021 0.027778 0.016667
0 0.992593 0.532813 0.014815 0.011458
0 0.442593 0.488021 0.020370 0.012500
0 0.376852 0.579167 0.025926 0.015625
0 0.993519 0.689583 0.011111 0.015625
0 0.411111 0.513021 0.025926 0.015625
0 0.423148 0.508333 0.020370 0.012500
0 0.454630 0.290104 0.025926 0.014583
0 0.445370 0.501042 0.024074 0.014583
0 0.440741 0.316667 0.025926 0.014583
0 0.996296 0.689583 0.005556 0.018750
0 0.485185 0.502083 0.024074 0.014583
0 0.460185 0.320312 0.020370 0.012500
0 0.484259 0.491146 0.022222 0.010417
0 0.464815 0.330208 0.020370 0.012500
0 0.992593 0.761979 0.014815 0.036458
0 0.511111 0.479687 0.024074 0.011458
0 0.523148 0.316667 0.022222 0.014583
0 0.997222 0.289062 0.005556 0.016667
0 0.587963 0.494271 0.025926 0.014583
