0 0.300000 0.326042 0.025926 0.013542
0 0.678704 0.657813 0.029630 0.015625
0 0.170370 0.235417 0.027778 0.018750
0 0.300000 0.547396 0.027778 0.014583
0 0.737963 0.331771 0.029630 0.019792
0 0.108333 0.443750 0.025926 0.011458
0 0.337963 0.143750 0.022222 0.014583
0 0.896296 0.496354 0.022222 0.013542
0 0.087037 0.409896 0.038889 0.020833
0 0.100926 0.536979 0.031481 0.014583
0 0.124074 0.533333 0.033333 0.016667
0 0.456481 0.510417 0.016667 0.011458
0 0.150926 0.529167 0.027778 0.017708
0 0.550926 0.474479 0.024074 0.015625
0 0.465741 0.273958 0.027778 0.018750
0 0.161111 0.239063 0.027778 0.018750
0 0.164815 0.236979 0.035185 0.018750
0 0.184259 0.529167 0.035185 0.019792
0 1.003704 0.702083 0.025926 0.012500
0 0.222222 0.204687 0.035185 0.021875
0 0.972222 0.419271 0.020370 0.014583
0 0.199074 0.255208 0.031481 0.018750
0 0.332407 0.126042 0.025926 0.015625
0 0.262963 0.422917 0.033333 0.020833
0 0.264815 0.437500 0.035185 0.017708
0 0.218519 0.529687 0.033333 0.018750
0 0.311111 0.696875 0.027778 0.018750
0 0.280556 0.309896 0.031481 0.015625
0 0.254630 0.311458 0.027778 0.018750
0 0.457407 0.220833 0.031481 0.017708
0 0.451852 0.262500 0.031481 0.017708
0 0.287963 0.436458 0.025926 0.017708
0 0.234259 0.506771 0.014815 0.008333
0 0.283333 0.701562 0.031481 0.018750
0 0.326852 0.138542 0.024074 0.014583
0 0.657407 0.358333 0.038889 0.021875
0 0.301852 0.599479 0.031481 0.017708
0 0.331481 0.707812 0.033333 0.019792
0 0.326852 0.139063 0.024074 0.015625
0 0.235185 0.518229 0.022222 0.012500
0 0.262037 0.480729 0.029630 0.016667
0 0.387963 0.413021 0.048148 0.029167
0 0.339815 0.678646 0.031481 0.020833
0 0.257407 0.515104 0.025926 0.015625
0 0.399074 0.441667 0.048148 0.027083
0 0.428704 0.425000 0.048148 0.028125
0 0.462963 0.443750 0.048148 0.026042
0 0.470370 0.663542 0.033333 0.020833
0 0.490741 0.700000 0.033333 0.020833
0 0.431481 0.712500 0.025926 0.015625
0 0.446296 0.276562 0.025926 0.013542
0 0.444444 0.721354 0.035185 0.019792
0 0.639815 0.579167 0.018519 0.010417
0 0.905556 0.292708 0.022222 0.014583
0 0.553704 0.681250 0.024074 0.011458
0 0.615741 0.492188 0.029630 0.017708
0 0.996296 0.294271 0.007407 0.016667
0 0.606481 0.469792 0.025926 0.016667
0 0.898148 0.288021 0.042593 0.027083
0 0.851852 0.568750 0.018519 0.012500
0 0.973148 0.171875 0.011111 0.007292
0 0.984259 0.294792 0.016667 0.014583
0 0.804630 0.696354 0.018519 0.010417
0 0.900926 0.293229 0.027778 0.012500
0 0.900926 0.291667 0.024074 0.013542
0 1.000000 0.690625 0.007407 0.015625
0 0.894444 0.277083 0.024074 0.012500
0 1.000000 0.381771 0.014815 0.009375
0 0.856481 0.578646 0.014815 0.006250
0 0.890741 0.501563 0.025926 0.014583
0 0.920370 0.293229 0.020370 0.011458
0 0.883333 0.562500 0.025926 0.014583
0 0.916667 0.287500 0.022222 0.013542
0 0.928704 0.493750 0.027778 0.016667
0 0.937963 0.466667 0.016667 0.008333
0 0.882407 0.562500 0.025926 0.014583
0 0.928704 0.493750 0.027778 0.016667
0 0.936111 0.265625 0.024074 0.012500
0 0.937037 0.485417 0.016667 0.011458
0 0.899074 0.292187 0.027778 0.013542
0 0.960185 0.483854 0.025926 0.014583
0 0.915741 0.299479 0.022222 0.012500
0 0.952778 0.471354 0.025926 0.014583
0 0.900000 0.307292 0.024074 0.014583
0 0.983333 0.458854 0.025926 0.014583
0 0.986111 0.293750 0.022222 0.015625
0 0.995370 0.450521 0.007407 0.014583
0 0.987963 0.294271 0.024074 0.015625
0 0.996296 0.400521 0.005556 0.016667
