0 0.000000 0.000000 0.000000 0.000000
0 0.638889 0.652083 0.044444 0.021875
0 0.429630 0.278646 0.025926 0.015625
0 0.361111 0.336458 0.033333 0.016667
0 0.555556 0.689063 0.027778 0.013542
0 0.931481 0.664062 0.025926 0.014583
0 0.760185 0.555208 0.018519 0.011458
0 0.294444 0.673438 0.027778 0.014583
0 0.275000 0.697396 0.029630 0.018750
0 0.865741 0.661979 0.031481 0.020833
0 1.007407 0.466146 0.029630 0.018750
0 0.290741 0.665625 0.037037 0.019792
0 0.290741 0.650521 0.022222 0.012500
0 0.485185 0.559375 0.024074 0.013542
0 0.899074 0.666146 0.038889 0.023958
0 0.237037 0.698958 0.033333 0.018750
0 0.731481 0.298958 0.024074 0.013542
0 0.238889 0.673958 0.035185 0.020833
0 0.046296 0.369271 0.024074 0.012500
0 0.480556 0.506250 0.022222 0.012500
0 0.036111 0.404687 0.024074 0.014583
0 0.092593 0.391146 0.018519 0.010417
0 0.016667 0.374479 0.033333 0.018750
0 0.207407 0.654167 0.027778 0.015625
0 0.014815 0.281250 0.025926 0.015625
0 0.005556 0.465104 0.011111 0.014583
0 0.991667 0.596354 0.012963 0.019792
0 0.996296 0.402604 0.005556 0.014583
0 0.864815 0.661979 0.038889 0.021875
0 0.780556 0.666667 0.031481 0.015625
0 1.007407 0.516667 0.033333 0.025000
0 0.494444 0.683854 0.029630 0.016667
0 1.009259 0.568229 0.037037 0.022917
0 1.005556 0.296875 0.029630 0.018750
0 0.994444 0.519271 0.011111 0.017708
0 0.859259 0.771875 0.022222 0.012500
0 0.994444 0.544792 0.009259 0.022917
0 0.512037 0.677604 0.020370 0.013542
0 0.975000 0.700521 0.029630 0.013542
0 0.752778 0.648438 0.024074 0.016667
0 0.991667 0.576562 0.014815 0.017708
0 0.992593 0.541667 0.031481 0.018750
0 1.002778 0.301563 0.024074 0.015625
0 0.971296 0.635938 0.029630 0.013542
0 0.372222 0.454688 0.025926 0.015625
0 0.990741 0.536979 0.016667 0.026042
0 0.993519 0.602604 0.012963 0.021875
0 0.992593 0.722917 0.012963 0.023958
0 1.003704 0.289062 0.027778 0.015625
0 0.404630 0.482812 0.024074 0.013542
0 0.886111 0.764062 0.024074 0.015625
0 0.994444 0.224479 0.009259 0.019792
0 0.995370 0.518750 0.007407 0.021875
0 0.808333 0.773958 0.029630 0.018750
0 0.672222 0.694792 0.038889 0.022917
0 0.989815 0.494792 0.020370 0.011458
0 0.365741 0.356250 0.025926 0.014583
0 0.464815 0.679167 0.024074 0.016667
0 0.754630 0.441146 0.037037 0.020833
0 0.775000 0.689583 0.029630 0.017708
0 0.673148 0.695833 0.038889 0.021875
0 0.592593 0.276562 0.035185 0.020833
0 0.996296 0.521875 0.024074 0.018750
0 0.994444 0.713542 0.011111 0.016667
0 0.747222 0.266146 0.031481 0.020833
0 0.990741 0.723437 0.014815 0.015625
0 0.384259 0.371875 0.027778 0.015625
0 0.402778 0.643229 0.029630 0.016667
0 0.987963 0.579688 0.024074 0.026042
0 0.788889 0.525000 0.038889 0.020833
0 0.706481 0.682813 0.050000 0.023958
0 0.992593 0.545833 0.011111 0.017708
0 0.993519 0.496875 0.011111 0.021875
0 0.987037 0.411458 0.020370 0.022917
0 0.842593 0.736979 0.031481 0.017708
0 0.899074 0.666667 0.038889 0.022917
0 0.996296 0.452083 0.005556 0.016667
0 0.887037 0.390104 0.042593 0.021875
0 0.993519 0.645833 0.012963 0.022917
0 0.775000 0.715625 0.035185 0.019792
0 1.008333 0.504687 0.075926 0.036458
0 0.986111 0.600000 0.027778 0.021875
0 0.787963 0.656250 0.038889 0.019792
0 0.990741 0.271875 0.016667 0.019792
0 0.995370 0.605729 0.007407 0.023958
0 0.986111 0.343750 0.029630 0.016667
0 0.862037 0.368229 0.042593 0.021875
0 0.642593 0.769792 0.024074 0.018750
