0 0.994444 0.582292 0.011111 0.026042
0 0.213889 0.327083 0.018519 0.015625
0 0.333333 0.585938 0.020370 0.012500
0 0.466667 0.202604 0.011111 0.006250
0 0.488889 0.321875 0.020370 0.013542
0 0.989815 0.327083 0.018519 0.016667
0 0.150000 0.364063 0.031481 0.017708
0 0.234259 0.716667 0.022222 0.013542
0 0.198148 0.559896 0.027778 0.016667
0 0.996296 0.546875 0.007407 0.011458
0 0.937963 0.706250 0.027778 0.016667
0 0.226852 0.331771 0.029630 0.017708
0 0.259259 0.327083 0.040741 0.019792
0 0.305556 0.715625 0.029630 0.016667
0 0.273148 0.313021 0.031481 0.016667
0 0.537963 0.405208 0.024074 0.012500
0 0.312037 0.579167 0.020370 0.012500
0 0.493519 0.498958 0.018519 0.011458
0 0.427778 0.325521 0.020370 0.012500
0 0.456481 0.495312 0.022222 0.010417
0 0.433333 0.334896 0.020370 0.012500
0 0.992593 0.760417 0.014815 0.034375
0 0.483333 0.484375 0.022222 0.012500
0 0.500000 0.320312 0.024074 0.013542
0 0.990741 0.297917 0.018519 0.016667
0 0.557407 0.497396 0.025926 0.015625
0 0.529630 0.319271 0.024074 0.014583
0 0.829630 0.683854 0.033333 0.020833
0 0.600926 0.409896 0.027778 0.018750
0 0.563889 0.425000 0.020370 0.010417
0 0.564815 0.440625 0.009259 0.005208
0 0.978704 0.535937 0.024074 0.013542
0 0.915741 0.705729 0.038889 0.020833
0 0.995370 0.329167 0.018519 0.010417
0 0.875926 0.731250 0.033333 0.018750
0 0.995370 0.554688 0.020370 0.011458
0 0.970370 0.697917 0.037037 0.017708
0 0.997222 0.760417 0.016667 0.027083
0 0.912037 0.730729 0.031481 0.017708
0 0.991667 0.714583 0.012963 0.019792
0 0.943519 0.365625 0.031481 0.016667
0 0.958333 0.307812 0.027778 0.014583
0 0.989815 0.700521 0.018519 0.023958
0 0.935185 0.384896 0.029630 0.015625
0 0.993519 0.729167 0.009259 0.020833
0 0.962037 0.401562 0.029630 0.017708
0 0.987963 0.675521 0.024074 0.018750
0 0.929630 0.511979 0.025926 0.013542
0 0.362037 0.521875 0.018519 0.012500
0 0.352778 0.576562 0.024074 0.010417
0 0.996296 0.422917 0.003704 0.014583
0 0.461111 0.321875 0.022222 0.012500
0 0.989815 0.792708 0.018519 0.030208
0 0.989815 0.251042 0.018519 0.010417
0 0.992593 0.278646 0.011111 0.016667
0 0.990741 0.744792 0.016667 0.022917
0 0.995370 0.715104 0.005556 0.015625
0 0.994444 0.546354 0.009259 0.022917
0 0.993519 0.716146 0.009259 0.014583
0 0.993519 0.777604 0.012963 0.016667
0 0.994444 0.613021 0.009259 0.016667
0 0.995370 0.706250 0.005556 0.011458
0 0.999074 0.437500 0.000000 0.000000
0 0.991667 0.616667 0.014815 0.026042
0 0.993519 0.785417 0.012963 0.019792
0 0.994444 0.616146 0.009259 0.019792
0 0.993519 0.647917 0.009259 0.018750
0 0.995370 0.713021 0.012963 0.018750
0 0.991667 0.592187 0.016667 0.033333
0 0.912037 0.484375 0.027778 0.015625
0 0.993519 0.689063 0.011111 0.015625
0 0.381481 0.518750 0.027778 0.016667
0 0.394444 0.513542 0.020370 0.013542
0 0.419444 0.295312 0.025926 0.014583
0 0.418519 0.506250 0.024074 0.015625
0 0.407407 0.320833 0.024074 0.015625
0 0.995370 0.688542 0.005556 0.017708
0 0.457407 0.506250 0.024074 0.013542
0 0.349074 0.584375 0.027778 0.013542
0 0.449074 0.314063 0.024074 0.015625
0 0.995370 0.691146 0.007407 0.022917
0 0.994444 0.585938 0.025926 0.012500
0 0.380556 0.518229 0.027778 0.016667
0 0.990741 0.539062 0.018519 0.012500
0 0.413889 0.492188 0.020370 0.012500
0 0.350926 0.584896 0.024074 0.014583
