0 0.841667 0.584896 0.024074 0.013542
0 0.887963 0.516146 0.027778 0.015625
0 0.902778 0.291667 0.024074 0.014583
0 0.891667 0.506250 0.018519 0.012500
0 0.850000 0.316146 0.033333 0.016667
0 0.996296 0.660417 0.007407 0.019792
0 0.925926 0.506771 0.025926 0.014583
0 0.860185 0.322917 0.022222 0.012500
0 0.856481 0.332292 0.024074 0.014583
0 0.914815 0.494792 0.024074 0.014583
0 0.950926 0.483854 0.018519 0.009375
0 0.958333 0.319792 0.025926 0.014583
0 0.995370 0.470833 0.005556 0.013542
0 0.999074 0.315625 0.009259 0.016667
0 0.996296 0.402083 0.007407 0.017708
0 0.995370 0.662500 0.005556 0.010417
0 0.891667 0.319792 0.024074 0.014583
0 0.842593 0.585417 0.027778 0.013542
0 0.885185 0.312500 0.024074 0.013542
0 0.888889 0.517188 0.027778 0.016667
0 0.894444 0.490104 0.016667 0.009375
0 0.842593 0.521354 0.024074 0.014583
0 0.775000 0.578646 0.014815 0.007292
0 0.993519 0.395313 0.014815 0.009375
0 0.848148 0.303646 0.022222 0.012500
0 0.945370 0.716146 0.029630 0.015625
0 0.848148 0.316146 0.033333 0.016667
0 0.825000 0.319271 0.029630 0.012500
0 0.721296 0.716667 0.018519 0.010417
0 0.956481 0.319271 0.024074 0.013542
0 0.943519 0.200521 0.012963 0.008333
0 0.775926 0.583854 0.020370 0.013542
0 0.816667 0.315625 0.038889 0.025000
0 0.561111 0.490104 0.025926 0.017708
0 0.983333 0.317708 0.025926 0.014583
0 0.566667 0.512500 0.027778 0.016667
0 0.490741 0.700521 0.025926 0.012500
0 0.831481 0.318750 0.022222 0.014583
0 0.574074 0.598958 0.018519 0.010417
0 0.395370 0.739062 0.035185 0.019792
0 0.410185 0.299479 0.027778 0.014583
0 0.821296 0.350000 0.025926 0.015625
0 0.378704 0.729688 0.027778 0.016667
0 0.441667 0.642188 0.029630 0.015625
0 0.425926 0.718229 0.033333 0.022917
0 0.351852 0.562500 0.029630 0.014583
0 0.405556 0.681250 0.033333 0.020833
0 0.403704 0.463542 0.046296 0.026042
0 0.403704 0.702604 0.031481 0.018750
0 0.337037 0.593750 0.014815 0.019792
0 0.367593 0.444792 0.044444 0.028125
0 0.340741 0.460938 0.048148 0.027083
0 0.233333 0.530729 0.025926 0.014583
0 0.283333 0.694271 0.035185 0.021875
0 0.329630 0.432292 0.046296 0.028125
0 0.232407 0.496875 0.029630 0.016667
0 0.211111 0.532813 0.025926 0.013542
0 0.291667 0.167708 0.024074 0.014583
0 0.271296 0.723958 0.033333 0.020833
0 0.250926 0.615625 0.031481 0.017708
0 0.611111 0.378646 0.035185 0.016667
0 0.290741 0.167187 0.025926 0.014583
0 0.228704 0.716667 0.027778 0.019792
0 0.197222 0.523958 0.014815 0.009375
0 0.240741 0.454167 0.027778 0.017708
0 0.417593 0.286458 0.029630 0.015625
0 0.426852 0.245833 0.031481 0.016667
0 0.233333 0.332292 0.027778 0.017708
0 0.257407 0.330729 0.029630 0.016667
0 0.253704 0.712500 0.029630 0.017708
0 0.181481 0.544792 0.031481 0.017708
0 0.215741 0.455208 0.033333 0.017708
0 0.213889 0.440625 0.035185 0.019792
0 0.297222 0.155208 0.024074 0.013542
0 0.180556 0.277604 0.029630 0.017708
0 0.940741 0.439583 0.022222 0.013542
0 0.194444 0.228646 0.035185 0.021875
0 0.931481 0.726042 0.027778 0.013542
0 0.148148 0.544271 0.035185 0.018750
0 0.150000 0.259375 0.033333 0.019792
0 0.155556 0.256250 0.020370 0.018750
0 0.437963 0.296875 0.031481 0.019792
0 0.505556 0.493229 0.020370 0.013542
0 0.117593 0.544792 0.027778 0.016667
0 0.430556 0.527083 0.018519 0.011458
0 0.082407 0.547396 0.035185 0.018750
0 0.060185 0.551042 0.029630 0.014583
0 0.048148 0.426563 0.038889 0.019792
0 0.853704 0.520312 0.029630 0.014583
0 0.303704 0.171875 0.022222 0.013542
