0 0.993519 0.691146 0.011111 0.020833
0 0.991667 0.546354 0.016667 0.026042
0 0.277778 0.447396 0.027778 0.015625
0 0.841667 0.634896 0.031481 0.014583
0 1.003704 0.286458 0.022222 0.014583
0 0.300000 0.305208 0.018519 0.009375
0 0.646296 0.538021 0.027778 0.016667
0 0.992593 0.545312 0.031481 0.018750
0 0.990741 0.578125 0.016667 0.018750
0 0.621296 0.646354 0.022222 0.015625
0 0.993519 0.700521 0.027778 0.016667
0 0.406481 0.674479 0.022222 0.013542
0 0.914815 0.548438 0.040741 0.022917
0 0.749074 0.771354 0.025926 0.015625
0 0.993519 0.516667 0.011111 0.018750
0 0.994444 0.280208 0.025926 0.015625
0 1.002778 0.573438 0.025926 0.016667
0 0.388889 0.680208 0.029630 0.015625
0 0.987963 0.547917 0.025926 0.018750
0 0.654630 0.665104 0.035185 0.016667
0 0.743519 0.660417 0.035185 0.020833
0 1.002778 0.259375 0.025926 0.015625
0 0.995370 0.416146 0.005556 0.016667
0 0.935185 0.723437 0.044444 0.021875
0 0.993519 0.594792 0.012963 0.020833
0 0.695370 0.773438 0.031481 0.018750
0 0.774074 0.665625 0.040741 0.025000
0 0.996296 0.489583 0.007407 0.019792
0 0.749074 0.381250 0.044444 0.023958
0 0.660185 0.714063 0.031481 0.018750
0 1.006481 0.502083 0.051852 0.025000
0 0.987037 0.591146 0.025926 0.020833
0 0.659259 0.654167 0.037037 0.019792
0 0.992593 0.269271 0.012963 0.021875
0 0.995370 0.600521 0.007407 0.021875
0 0.986111 0.335417 0.029630 0.017708
0 0.455556 0.291667 0.025926 0.013542
0 0.721296 0.358333 0.042593 0.025000
0 0.553704 0.780729 0.037037 0.022917
0 0.361111 0.675000 0.025926 0.015625
0 0.627778 0.433854 0.037037 0.020833
0 0.657407 0.687500 0.031481 0.018750
0 0.541667 0.693750 0.038889 0.021875
0 0.443519 0.261979 0.031481 0.018750
0 0.979630 0.518750 0.031481 0.017708
0 0.313889 0.475521 0.025926 0.014583
0 0.657407 0.252604 0.031481 0.018750
0 0.975926 0.723437 0.033333 0.017708
0 0.995370 0.540625 0.007407 0.020833
0 0.915741 0.216667 0.042593 0.025000
0 0.776852 0.763021 0.027778 0.015625
0 1.000926 0.376042 0.033333 0.022917
0 0.997222 0.718750 0.012963 0.019792
0 0.117593 0.695312 0.035185 0.018750
0 0.774074 0.666146 0.040741 0.025000
0 0.386111 0.554167 0.022222 0.014583
0 0.163889 0.646875 0.025926 0.013542
0 0.162037 0.661979 0.038889 0.019792
0 0.996296 0.450000 0.027778 0.018750
0 0.741667 0.659896 0.031481 0.019792
0 0.155556 0.694271 0.031481 0.018750
0 0.175926 0.669792 0.029630 0.017708
0 0.644444 0.549479 0.022222 0.012500
0 0.834259 0.659896 0.035185 0.018750
0 0.456481 0.685417 0.025926 0.013542
0 0.253704 0.325521 0.033333 0.017708
0 0.345370 0.255208 0.018519 0.019792
0 0.506481 0.650521 0.040741 0.022917
0 0.000000 0.000000 0.000000 0.000000
0 0.992593 0.588021 0.014815 0.019792
0 0.008333 0.382292 0.012963 0.011458
0 0.265741 0.346875 0.035185 0.016667
0 0.280556 0.361979 0.029630 0.015625
0 0.109259 0.670312 0.037037 0.019792
0 0.540741 0.694792 0.035185 0.019792
0 0.994444 0.484375 0.022222 0.012500
0 0.660185 0.285938 0.025926 0.013542
0 0.730556 0.734896 0.031481 0.016667
0 0.987963 0.397396 0.020370 0.022917
0 0.969444 0.487500 0.044444 0.025000
0 0.992593 0.552604 0.011111 0.018750
0 0.572222 0.682292 0.042593 0.022917
0 0.666667 0.519792 0.040741 0.022917
0 0.986111 0.271875 0.031481 0.015625
0 0.878704 0.576562 0.048148 0.026042
0 0.299074 0.639583 0.031481 0.017708
