0 0.050926 0.272396 0.016667 0.018750
0 0.259259 0.672917 0.035185 0.018750
0 -0.075926 0.337500 0.000000 0.000000
0 0.946296 0.588542 0.035185 0.017708
0 0.050000 0.365104 0.031481 0.015625
0 0.799074 0.512500 0.033333 0.019792
0 0.608333 0.677604 0.031481 0.019792
0 0.264815 0.707292 0.027778 0.015625
0 0.038889 0.343750 0.037037 0.017708
0 0.204630 0.698958 0.024074 0.013542
0 0.785185 0.296875 0.031481 0.018750
0 0.905556 0.533854 0.037037 0.020833
0 0.536111 0.790104 0.027778 0.015625
0 0.653704 0.564583 0.040741 0.022917
0 0.773148 0.717187 0.025926 0.014583
0 0.925000 0.550521 0.037037 0.020833
0 0.905556 0.376042 0.027778 0.013542
0 0.082407 0.466667 0.027778 0.014583
0 0.727778 0.566667 0.025926 0.016667
0 0.738889 0.543750 0.029630 0.016667
0 0.593519 0.650521 0.031481 0.016667
0 0.766667 0.301042 0.025926 0.016667
0 0.160185 0.302604 0.020370 0.010417
0 0.541667 0.466146 0.040741 0.023958
0 0.428704 0.555729 0.027778 0.015625
0 0.913889 0.571875 0.029630 0.017708
0 0.839815 0.652604 0.024074 0.014583
0 0.929630 0.584375 0.031481 0.017708
0 0.374074 0.667188 0.027778 0.016667
0 0.293519 0.717187 0.035185 0.023958
0 0.071296 0.380729 0.029630 0.015625
0 0.095370 0.662500 0.031481 0.018750
0 0.631481 0.593229 0.048148 0.028125
0 0.766667 0.289062 0.031481 0.015625
0 0.425926 0.536979 0.038889 0.021875
0 0.329630 0.704688 0.038889 0.025000
0 0.954630 0.542708 0.033333 0.019792
0 0.692593 0.502083 0.044444 0.025000
0 0.950926 0.394271 0.040741 0.020833
0 0.513889 0.754687 0.031481 0.017708
0 0.771296 0.733854 0.035185 0.019792
0 0.969444 0.397917 0.027778 0.019792
0 0.566667 0.781771 0.025926 0.015625
0 0.647222 0.233854 0.038889 0.023958
0 0.818519 0.557813 0.044444 0.023958
0 0.738889 0.738542 0.033333 0.020833
0 0.460185 0.270313 0.029630 0.018750
0 0.125926 0.494271 0.025926 0.014583
0 0.762037 0.532292 0.029630 0.017708
0 0.794444 0.289062 0.020370 0.014583
0 0.158333 0.278125 0.027778 0.016667
0 0.295370 0.717187 0.035185 0.021875
0 0.431481 0.707292 0.031481 0.017708
0 0.378704 0.451042 0.037037 0.020833
0 0.841667 0.503646 0.020370 0.010417
0 0.159259 0.698958 0.029630 0.015625
0 0.341667 0.803125 0.044444 0.021875
0 0.439815 0.375521 0.040741 0.023958
0 0.227778 0.298958 0.027778 0.014583
0 0.918519 0.355729 0.029630 0.016667
0 0.900000 0.591146 0.035185 0.019792
0 0.762963 0.280208 0.040741 0.025000
0 0.416667 0.673958 0.037037 0.020833
0 0.944444 0.589063 0.035185 0.019792
0 0.981481 0.525521 0.037037 0.018750
0 0.439815 0.734896 0.033333 0.018750
0 0.809259 0.705729 0.042593 0.025000
0 0.473148 0.398958 0.042593 0.022917
0 0.843519 0.517708 0.037037 0.020833
0 0.539815 0.686458 0.033333 0.020833
0 0.481481 0.794271 0.031481 0.018750
0 0.964815 0.575000 0.033333 0.019792
0 0.691667 0.740625 0.042593 0.022917
0 0.920370 0.447917 0.044444 0.026042
0 0.769444 0.267708 0.029630 0.016667
0 0.519444 0.680208 0.044444 0.020833
0 0.415741 0.685937 0.037037 0.015625
0 0.748148 0.564583 0.031481 0.017708
0 0.185185 0.703646 0.029630 0.016667
0 0.761111 0.588021 0.024074 0.015625
