0 0.445370 0.279167 0.029630 0.018750
0 0.099074 0.493229 0.025926 0.014583
0 0.687037 0.310417 0.022222 0.013542
0 0.707407 0.543229 0.035185 0.018750
0 0.771296 0.303125 0.020370 0.014583
0 0.129630 0.279167 0.027778 0.014583
0 0.200926 0.713021 0.033333 0.020833
0 0.350926 0.708333 0.029630 0.017708
0 0.309259 0.453125 0.038889 0.020833
0 0.763889 0.513542 0.022222 0.010417
0 0.100000 0.694792 0.025926 0.014583
0 0.263889 0.801562 0.042593 0.025000
0 0.359259 0.379688 0.040741 0.023958
0 0.168519 0.308854 0.029630 0.015625
0 0.883333 0.368229 0.025926 0.014583
0 0.838889 0.604688 0.035185 0.019792
0 0.701852 0.291146 0.040741 0.025000
0 0.328704 0.674479 0.038889 0.019792
0 0.879630 0.601562 0.038889 0.017708
0 0.909259 0.539583 0.033333 0.020833
0 0.360185 0.735417 0.031481 0.018750
0 0.725926 0.716146 0.042593 0.023958
0 0.390741 0.403646 0.040741 0.022917
0 0.762963 0.528646 0.037037 0.020833
0 0.453704 0.689063 0.033333 0.019792
0 0.400000 0.796875 0.031481 0.017708
0 0.903704 0.589583 0.033333 0.018750
0 0.598148 0.747917 0.042593 0.020833
0 0.838889 0.460417 0.044444 0.023958
0 0.683333 0.744271 0.035185 0.019792
0 0.722222 0.521875 0.033333 0.019792
0 0.206481 0.711458 0.035185 0.025000
0 0.042593 0.380729 0.031481 0.015625
0 0.042593 0.656771 0.033333 0.017708
0 0.549074 0.598958 0.046296 0.026042
0 0.707407 0.301042 0.033333 0.016667
0 0.353704 0.539583 0.040741 0.022917
0 0.237963 0.701042 0.044444 0.025000
0 0.884259 0.556250 0.033333 0.018750
0 0.600926 0.508854 0.042593 0.025000
0 0.870370 0.409375 0.050000 0.023958
0 0.434259 0.758333 0.031481 0.018750
0 0.885185 0.411458 0.027778 0.019792
0 0.487037 0.786979 0.029630 0.017708
0 0.587037 0.244792 0.038889 0.022917
0 0.740741 0.568229 0.046296 0.025000
0 0.651852 0.747396 0.033333 0.019792
0 0.709259 0.277604 0.031481 0.016667
0 0.432407 0.684896 0.035185 0.018750
0 0.328704 0.686458 0.033333 0.015625
0 0.693519 0.575000 0.031481 0.018750
0 0.125926 0.699479 0.029630 0.016667
0 0.705556 0.599479 0.029630 0.015625
0 0.761111 0.310417 0.029630 0.017708
0 0.831481 0.546875 0.038889 0.019792
0 0.457407 0.793750 0.029630 0.016667
0 0.564815 0.570312 0.040741 0.022917
0 0.902778 0.568750 0.029630 0.017708
0 0.281481 0.385417 0.027778 0.012500
0 0.174074 0.669271 0.035185 0.018750
0 0.357407 0.696875 0.024074 0.012500
0 0.708333 0.728125 0.029630 0.016667
0 0.286111 0.665625 0.027778 0.016667
0 0.869444 0.598958 0.027778 0.016667
0 0.756481 0.661979 0.025926 0.014583
0 0.860185 0.586458 0.027778 0.015625
0 0.508333 0.240104 0.024074 0.012500
0 0.302778 0.386458 0.022222 0.009375
0 0.382407 0.559375 0.025926 0.014583
0 0.475000 0.471354 0.037037 0.021875
0 0.140741 0.291146 0.022222 0.011458
0 0.746296 0.314583 0.025926 0.016667
0 0.505556 0.656250 0.027778 0.015625
0 0.686111 0.553646 0.029630 0.017708
0 0.660185 0.575521 0.027778 0.016667
0 0.056481 0.465104 0.027778 0.014583
0 0.861111 0.380729 0.027778 0.013542
0 0.850926 0.563542 0.037037 0.019792
0 0.026852 0.365625 0.025926 0.014583
0 0.014815 0.343750 0.029630 0.017708
0 0.881481 0.602604 0.035185 0.018750
