0 0.694444 0.284375 0.020370 0.013542
0 0.733333 0.516667 0.040741 0.021875
0 0.987963 0.272396 0.031481 0.015625
0 0.947222 0.571875 0.048148 0.027083
0 0.354630 0.637500 0.029630 0.016667
0 0.332407 0.362500 0.029630 0.015625
0 0.613889 0.689583 0.038889 0.022917
0 0.989815 0.484375 0.022222 0.012500
0 0.312963 0.346354 0.033333 0.017708
0 0.991667 0.588542 0.012963 0.019792
0 0.000000 0.000000 0.000000 0.000000
0 0.579630 0.645833 0.042593 0.022917
0 0.382407 0.266146 0.029630 0.015625
0 0.306481 0.326562 0.033333 0.018750
0 0.511111 0.682813 0.027778 0.014583
0 0.879630 0.657813 0.027778 0.015625
0 0.700926 0.547396 0.020370 0.012500
0 0.239815 0.669271 0.027778 0.015625
0 0.220370 0.692708 0.029630 0.017708
0 0.812037 0.655729 0.033333 0.020833
0 1.007407 0.459896 0.027778 0.017708
0 0.230556 0.660417 0.035185 0.019792
0 0.231481 0.645833 0.024074 0.013542
0 0.437963 0.552604 0.022222 0.012500
0 0.842593 0.660937 0.038889 0.025000
0 0.182407 0.693750 0.033333 0.018750
0 0.178704 0.669271 0.035185 0.020833
0 0.005556 0.361979 0.011111 0.011458
0 0.440741 0.498437 0.020370 0.013542
0 0.979630 0.214583 0.040741 0.025000
0 0.990741 0.540104 0.016667 0.026042
0 0.325926 0.447396 0.027778 0.016667
0 0.914815 0.629167 0.031481 0.014583
0 1.003704 0.291667 0.022222 0.015625
0 0.712037 0.534896 0.027778 0.015625
0 0.993519 0.535937 0.031481 0.018750
0 0.991667 0.576562 0.016667 0.018750
0 0.695370 0.642708 0.024074 0.015625
0 0.996296 0.689063 0.035185 0.020833
0 0.465741 0.671354 0.022222 0.012500
0 0.983333 0.543229 0.033333 0.021875
0 0.812037 0.765625 0.024074 0.013542
0 0.993519 0.528646 0.011111 0.018750
0 1.005556 0.280208 0.025926 0.016667
0 1.007407 0.568229 0.031481 0.019792
0 0.447222 0.677604 0.029630 0.015625
0 1.005556 0.537500 0.027778 0.020833
0 0.725000 0.661458 0.035185 0.015625
0 0.810185 0.655729 0.037037 0.020833
0 1.004630 0.267708 0.029630 0.016667
0 0.996296 0.409375 0.005556 0.015625
0 0.990741 0.717187 0.018519 0.020833
0 0.992593 0.598437 0.011111 0.021875
0 0.760185 0.768229 0.033333 0.018750
0 0.843519 0.660937 0.038889 0.023958
0 0.996296 0.475000 0.005556 0.018750
0 0.824074 0.378125 0.046296 0.022917
0 0.993519 0.664062 0.011111 0.021875
0 0.725926 0.709375 0.031481 0.018750
0 1.004630 0.497396 0.066667 0.032292
0 0.986111 0.590625 0.025926 0.021875
0 0.730556 0.650000 0.035185 0.018750
0 0.958333 0.255208 0.033333 0.018750
0 0.995370 0.593750 0.007407 0.022917
0 0.987037 0.336458 0.029630 0.017708
0 0.796296 0.355729 0.042593 0.023958
0 0.618519 0.777083 0.037037 0.021875
0 0.418519 0.672917 0.027778 0.016667
0 0.696296 0.431250 0.037037 0.020833
0 0.723148 0.683333 0.031481 0.017708
0 0.614815 0.689583 0.037037 0.021875
0 0.519444 0.263021 0.033333 0.019792
0 0.996296 0.513542 0.024074 0.018750
0 0.360185 0.475000 0.024074 0.013542
0 0.699074 0.252083 0.029630 0.019792
0 0.990741 0.725000 0.016667 0.015625
0 0.995370 0.525521 0.007407 0.020833
0 0.838889 0.757812 0.029630 0.015625
0 1.001852 0.364063 0.033333 0.023958
0 0.993519 0.704688 0.011111 0.017708
0 0.794444 0.730208 0.033333 0.017708
0 0.987037 0.390625 0.020370 0.022917
0 0.993519 0.485417 0.012963 0.022917
0 0.992593 0.541146 0.011111 0.017708
0 0.645370 0.677083 0.044444 0.023958
