0 1.005556 0.498437 0.062963 0.031250
0 0.715741 0.710938 0.031481 0.018750
0 0.993519 0.672917 0.011111 0.020833
0 0.812037 0.379688 0.042593 0.023958
0 0.996296 0.478646 0.005556 0.018750
0 0.834259 0.661979 0.038889 0.025000
0 0.751852 0.769792 0.031481 0.018750
0 0.992593 0.594792 0.011111 0.020833
0 0.985185 0.718229 0.027778 0.021875
0 0.996296 0.411458 0.005556 0.015625
0 1.002778 0.267708 0.027778 0.016667
0 0.800000 0.656771 0.035185 0.020833
0 0.995370 0.591146 0.009259 0.022917
0 0.715741 0.662500 0.033333 0.015625
0 0.986111 0.335417 0.029630 0.017708
0 0.785185 0.357292 0.042593 0.025000
0 0.611111 0.778125 0.037037 0.020833
0 0.411111 0.673958 0.027778 0.016667
0 0.686111 0.432292 0.037037 0.021875
0 0.714815 0.684375 0.031481 0.017708
0 0.605556 0.690625 0.037037 0.022917
0 0.510185 0.263542 0.033333 0.019792
0 0.996296 0.514583 0.024074 0.018750
0 0.354630 0.475521 0.024074 0.014583
0 0.691667 0.253125 0.031481 0.018750
0 0.990741 0.726562 0.016667 0.016667
0 0.996296 0.527604 0.007407 0.020833
0 0.968519 0.216667 0.040741 0.023958
0 0.830556 0.759375 0.027778 0.015625
0 1.001852 0.366667 0.033333 0.023958
0 0.992593 0.704688 0.011111 0.017708
0 0.785185 0.731250 0.033333 0.016667
0 0.988889 0.388021 0.020370 0.022917
0 0.992593 0.490104 0.011111 0.022917
0 0.992593 0.540625 0.011111 0.017708
0 0.637037 0.678125 0.044444 0.023958
0 0.724074 0.517708 0.040741 0.022917
0 0.989815 0.272917 0.031481 0.015625
0 0.937037 0.573438 0.050000 0.028125
0 0.348148 0.638542 0.029630 0.017708
0 0.325926 0.363021 0.027778 0.015625
0 0.604630 0.691146 0.037037 0.022917
0 0.949074 0.256771 0.035185 0.017708
0 0.721296 0.650521 0.037037 0.018750
0 0.986111 0.590104 0.025926 0.020833
0 0.975926 0.544792 0.042593 0.021875
0 0.458333 0.672396 0.020370 0.012500
0 0.988889 0.689063 0.035185 0.020833
0 0.685185 0.643750 0.024074 0.015625
0 0.990741 0.575521 0.016667 0.018750
0 0.990741 0.534896 0.031481 0.017708
0 0.702778 0.535937 0.027778 0.015625
0 1.003704 0.292187 0.024074 0.015625
0 0.903704 0.630208 0.031481 0.015625
0 0.231481 0.670312 0.027778 0.015625
0 0.171296 0.669792 0.038889 0.019792
0 0.687963 0.285417 0.020370 0.012500
0 0.175000 0.694792 0.033333 0.019792
0 0.834259 0.661979 0.038889 0.022917
0 0.431481 0.553125 0.022222 0.013542
0 0.224074 0.646354 0.024074 0.012500
0 0.223148 0.661458 0.037037 0.019792
0 1.007407 0.458854 0.027778 0.017708
0 0.802778 0.656771 0.031481 0.020833
0 0.212963 0.693229 0.029630 0.017708
0 0.691667 0.547917 0.022222 0.012500
0 0.042593 0.384896 0.016667 0.012500
0 0.435185 0.499479 0.022222 0.012500
0 0.871296 0.659375 0.027778 0.015625
0 0.503704 0.684375 0.027778 0.014583
0 0.299074 0.326562 0.031481 0.017708
0 0.376852 0.266146 0.029630 0.014583
0 0.570370 0.647396 0.042593 0.022917
0 0.000000 0.000000 0.000000 0.000000
0 0.992593 0.588021 0.014815 0.019792
0 0.307407 0.346875 0.035185 0.016667
0 0.987963 0.484375 0.022222 0.012500
0 1.003704 0.540104 0.027778 0.020833
0 0.439815 0.678646 0.027778 0.015625
0 1.007407 0.568750 0.029630 0.018750
0 1.006481 0.278646 0.025926 0.016667
0 0.993519 0.525521 0.011111 0.018750
0 0.803704 0.767188 0.024074 0.013542
0 0.320370 0.447396 0.027778 0.015625
0 0.990741 0.539583 0.016667 0.026042
