0 0.205556 0.696875 0.033333 0.023958
0 0.031481 0.354167 0.027778 0.014583
0 0.875926 0.589583 0.038889 0.019792
0 0.018519 0.333333 0.031481 0.017708
0 0.717593 0.509896 0.033333 0.018750
0 0.047222 0.369792 0.027778 0.015625
0 0.050000 0.643229 0.031481 0.017708
0 0.543519 0.585417 0.046296 0.027083
0 0.708333 0.286979 0.033333 0.019792
0 0.350000 0.526563 0.040741 0.021875
0 0.237037 0.686458 0.044444 0.025000
0 0.877778 0.543750 0.033333 0.018750
0 0.593519 0.496354 0.044444 0.025000
0 0.858333 0.395313 0.040741 0.021875
0 0.432407 0.743229 0.029630 0.016667
0 0.676852 0.730208 0.037037 0.020833
0 0.880556 0.398958 0.027778 0.017708
0 0.486111 0.771875 0.025926 0.016667
0 0.581481 0.231250 0.038889 0.022917
0 0.733333 0.555729 0.042593 0.025000
0 0.643519 0.733333 0.035185 0.018750
0 0.447222 0.266667 0.031481 0.018750
0 0.105556 0.481771 0.024074 0.013542
0 0.680556 0.297396 0.022222 0.013542
0 0.705556 0.531250 0.033333 0.018750
0 0.771296 0.290104 0.020370 0.014583
0 0.133333 0.267708 0.029630 0.014583
0 0.202778 0.697917 0.033333 0.019792
0 0.350000 0.694271 0.029630 0.016667
0 0.305556 0.441667 0.037037 0.020833
0 0.756481 0.501563 0.022222 0.011458
0 0.107407 0.680729 0.025926 0.013542
0 0.266667 0.785417 0.042593 0.025000
0 0.351852 0.367188 0.038889 0.022917
0 0.163889 0.297396 0.031481 0.016667
0 0.880556 0.354687 0.025926 0.014583
0 0.835185 0.591667 0.035185 0.018750
0 0.695370 0.277604 0.038889 0.025000
0 0.326852 0.660417 0.037037 0.018750
0 0.875000 0.588542 0.038889 0.016667
0 0.903704 0.527083 0.035185 0.020833
0 0.358333 0.720833 0.029630 0.018750
0 0.719444 0.702604 0.040741 0.023958
0 0.384259 0.391667 0.038889 0.021875
0 0.755556 0.516146 0.037037 0.020833
0 0.449074 0.675521 0.035185 0.019792
0 0.398148 0.781250 0.029630 0.017708
0 0.899074 0.577083 0.031481 0.018750
0 0.591667 0.733333 0.042593 0.021875
0 0.830556 0.447917 0.044444 0.025000
0 0.701852 0.265625 0.035185 0.018750
0 0.427778 0.671354 0.033333 0.018750
0 0.327778 0.671875 0.033333 0.014583
0 0.690741 0.563021 0.031481 0.017708
0 0.132407 0.684896 0.029630 0.015625
0 0.700000 0.586979 0.029630 0.015625
0 0.762037 0.297917 0.029630 0.017708
0 0.824074 0.534896 0.037037 0.020833
0 0.457407 0.778646 0.027778 0.016667
0 0.558333 0.557813 0.038889 0.021875
0 0.899074 0.556250 0.029630 0.017708
0 0.282407 0.373958 0.025926 0.012500
0 0.172222 0.654687 0.037037 0.017708
0 0.356481 0.682292 0.025926 0.012500
0 0.706481 0.715104 0.027778 0.015625
0 0.284259 0.651563 0.025926 0.014583
0 0.867593 0.585417 0.029630 0.017708
0 0.751852 0.649479 0.025926 0.014583
0 0.856481 0.573958 0.027778 0.015625
0 0.509259 0.227083 0.024074 0.012500
0 0.303704 0.375000 0.024074 0.009375
0 0.360185 0.552083 0.018519 0.011458
0 0.471296 0.458854 0.035185 0.020833
0 0.683333 0.541146 0.029630 0.017708
0 0.657407 0.563542 0.027778 0.017708
0 0.062037 0.454167 0.025926 0.013542
0 0.857407 0.368229 0.027778 0.013542
0 0.843519 0.551042 0.038889 0.020833
0 0.138889 0.279167 0.024074 0.011458
0 0.747222 0.303646 0.025926 0.016667
0 0.499074 0.642708 0.027778 0.015625
