0 0.839815 0.561979 0.033333 0.017708
0 0.289815 0.670833 0.029630 0.015625
0 0.652778 0.702604 0.029630 0.015625
0 0.212037 0.638542 0.031481 0.017708
0 0.808333 0.571354 0.027778 0.018750
0 0.701852 0.636458 0.024074 0.014583
0 0.796296 0.559896 0.029630 0.016667
0 0.450000 0.210417 0.024074 0.013542
0 0.246296 0.361979 0.025926 0.010417
0 0.308333 0.541146 0.020370 0.012500
0 0.400000 0.444792 0.033333 0.020833
0 0.076852 0.263542 0.027778 0.013542
0 0.694444 0.285938 0.027778 0.015625
0 0.425000 0.628646 0.035185 0.017708
0 0.625926 0.528125 0.031481 0.019792
0 0.599074 0.550000 0.025926 0.016667
0 0.010185 0.443229 0.020370 0.013542
0 0.796296 0.348958 0.025926 0.014583
0 0.775926 0.536458 0.037037 0.020833
0 0.005556 0.633854 0.011111 0.015625
0 0.470370 0.572396 0.048148 0.027083
0 0.645370 0.268229 0.031481 0.019792
0 0.277778 0.514062 0.040741 0.022917
0 0.160185 0.675521 0.044444 0.025000
0 0.811111 0.528125 0.035185 0.018750
0 0.508333 0.481250 0.042593 0.026042
0 0.776852 0.377083 0.044444 0.023958
0 0.370370 0.731771 0.029630 0.016667
0 0.609259 0.717708 0.035185 0.021875
0 0.813889 0.381771 0.035185 0.018750
0 0.426852 0.760417 0.029630 0.017708
0 0.499074 0.210938 0.038889 0.023958
0 0.663889 0.540625 0.046296 0.025000
0 0.575926 0.720833 0.033333 0.019792
0 0.388889 0.251042 0.029630 0.019792
0 0.054630 0.470313 0.025926 0.014583
0 0.602778 0.278646 0.022222 0.013542
0 0.650000 0.518750 0.035185 0.017708
0 0.716667 0.271875 0.024074 0.014583
0 0.071296 0.253125 0.027778 0.015625
0 0.132407 0.687500 0.035185 0.018750
0 0.283333 0.682813 0.029630 0.016667
0 0.225926 0.427083 0.038889 0.020833
0 0.686111 0.485417 0.025926 0.014583
0 0.051852 0.669792 0.027778 0.014583
0 0.207407 0.774479 0.044444 0.026042
0 0.258333 0.350521 0.040741 0.022917
0 0.100926 0.282813 0.033333 0.017708
0 0.829630 0.337500 0.025926 0.013542
0 0.775000 0.578125 0.035185 0.019792
0 0.617593 0.258854 0.040741 0.027083
0 0.252778 0.648438 0.038889 0.019792
0 0.817593 0.576042 0.035185 0.018750
0 0.836111 0.511458 0.035185 0.019792
0 0.295370 0.709896 0.031481 0.018750
0 0.653704 0.689583 0.042593 0.025000
0 0.295370 0.374479 0.044444 0.021875
0 0.679630 0.501042 0.037037 0.022917
0 0.378704 0.663542 0.035185 0.020833
0 0.337963 0.769792 0.031481 0.017708
0 0.520370 0.720833 0.042593 0.021875
0 0.751852 0.430729 0.044444 0.025000
0 0.625926 0.244792 0.033333 0.017708
0 0.353704 0.658854 0.033333 0.018750
0 0.256481 0.659896 0.037037 0.014583
0 0.633333 0.550000 0.029630 0.017708
0 0.076852 0.674479 0.029630 0.016667
0 0.637037 0.573958 0.025926 0.016667
0 0.706481 0.279167 0.033333 0.017708
0 0.754630 0.519271 0.037037 0.021875
0 0.398148 0.767188 0.029630 0.015625
0 0.478704 0.543750 0.040741 0.022917
0 0.837963 0.541667 0.031481 0.018750
0 0.217593 0.360417 0.025926 0.012500
0 0.095370 0.644271 0.035185 0.018750
