0 0.626852 0.539583 0.027778 0.015625
0 0.993519 0.547917 0.033333 0.019792
0 1.000000 0.644271 0.027778 0.015625
0 0.991667 0.582292 0.016667 0.019792
0 0.598148 0.648958 0.025926 0.016667
0 0.994444 0.704688 0.025926 0.015625
0 0.387963 0.676042 0.020370 0.012500
0 0.892593 0.551042 0.042593 0.022917
0 0.727778 0.773438 0.029630 0.017708
0 0.993519 0.520833 0.011111 0.018750
0 1.005556 0.283854 0.024074 0.015625
0 0.981481 0.576042 0.025926 0.016667
0 0.371296 0.681771 0.029630 0.016667
0 0.965741 0.549479 0.025926 0.019792
0 0.633333 0.667708 0.033333 0.015625
0 0.724074 0.663021 0.033333 0.019792
0 1.003704 0.253125 0.027778 0.015625
0 0.995370 0.419271 0.005556 0.015625
0 0.913889 0.726042 0.044444 0.021875
0 0.993519 0.591667 0.012963 0.020833
0 0.675926 0.776042 0.031481 0.018750
0 0.751852 0.668229 0.038889 0.022917
0 0.995370 0.498437 0.005556 0.019792
0 0.437963 0.291146 0.025926 0.013542
0 0.992593 0.337500 0.029630 0.017708
0 0.995370 0.604688 0.007407 0.021875
0 0.998148 0.265625 0.012963 0.021875
0 0.637963 0.656250 0.037037 0.019792
0 0.986111 0.590625 0.025926 0.020833
0 1.005556 0.500521 0.051852 0.025000
0 0.640741 0.716146 0.031481 0.019792
0 0.991667 0.552083 0.016667 0.025000
0 0.262963 0.447917 0.027778 0.015625
0 0.821296 0.637500 0.037037 0.014583
0 0.998148 0.287500 0.022222 0.014583
0 0.283333 0.305208 0.018519 0.009375
0 0.994444 0.692187 0.011111 0.020833
0 0.955556 0.725521 0.035185 0.017708
0 0.643519 0.254167 0.031481 0.018750
0 0.299074 0.476042 0.024074 0.014583
0 0.962037 0.521875 0.031481 0.017708
0 0.421296 0.261458 0.031481 0.018750
0 0.520370 0.696354 0.038889 0.022917
0 0.637037 0.690104 0.031481 0.018750
0 0.607407 0.434896 0.037037 0.021875
0 0.343519 0.676562 0.024074 0.016667
0 0.535185 0.782292 0.038889 0.021875
0 0.725926 0.382812 0.042593 0.023958
0 0.697222 0.359896 0.040741 0.022917
0 0.644444 0.521875 0.040741 0.022917
0 0.995370 0.545833 0.007407 0.020833
0 0.894444 0.218229 0.042593 0.023958
0 0.758333 0.766146 0.027778 0.016667
0 1.000926 0.377604 0.033333 0.022917
0 0.984259 0.722396 0.029630 0.019792
0 0.712037 0.736979 0.033333 0.017708
0 0.987963 0.398438 0.018519 0.022917
0 0.946296 0.489063 0.046296 0.025000
0 0.992593 0.553125 0.011111 0.018750
0 0.550926 0.683333 0.040741 0.022917
0 0.989815 0.274479 0.033333 0.016667
0 0.857407 0.578646 0.048148 0.026042
0 0.281481 0.640625 0.029630 0.018750
0 0.264815 0.362500 0.029630 0.016667
0 0.519444 0.696875 0.035185 0.020833
0 0.979630 0.486979 0.022222 0.012500
0 0.247222 0.345833 0.033333 0.015625
0 0.992593 0.592708 0.014815 0.019792
0 -0.075926 0.337500 0.000000 0.000000
0 0.484259 0.652604 0.040741 0.021875
0 0.321296 0.255729 0.018519 0.019792
0 0.237963 0.325521 0.035185 0.016667
0 0.438889 0.686979 0.027778 0.014583
0 0.812963 0.662500 0.035185 0.019792
0 0.627778 0.551562 0.022222 0.012500
0 0.157407 0.670833 0.031481 0.016667
0 0.137037 0.695312 0.031481 0.018750
0 0.723148 0.662500 0.031481 0.020833
0 1.007407 0.440625 0.029630 0.018750
0 0.140741 0.663021 0.037037 0.020833
0 0.144444 0.647917 0.024074 0.013542
0 0.370370 0.554688 0.025926 0.015625
0 0.752778 0.668229 0.040741 0.023958
0 0.097222 0.696354 0.033333 0.019792
0 0.648148 0.288542 0.024074 0.011458
0 0.087037 0.671875 0.038889 0.019792
