0 0.996296 0.396875 0.005556 0.017708
0 0.995370 0.663542 0.005556 0.010417
0 0.812037 0.322396 0.024074 0.015625
0 0.900000 0.473438 0.020370 0.011458
0 0.912037 0.308854 0.024074 0.013542
0 0.991667 0.485417 0.005556 0.013542
0 0.960185 0.306771 0.025926 0.014583
0 0.988889 0.660937 0.024074 0.028125
0 0.233333 0.153646 0.022222 0.014583
0 0.104630 0.243750 0.020370 0.018750
0 0.100000 0.247396 0.031481 0.021875
0 0.099074 0.535417 0.035185 0.019792
0 0.867593 0.711458 0.029630 0.013542
0 0.138889 0.216667 0.035185 0.021875
0 0.896296 0.428125 0.024074 0.013542
0 0.131481 0.265625 0.031481 0.018750
0 0.240741 0.141146 0.024074 0.014583
0 0.158333 0.431771 0.035185 0.020833
0 0.162037 0.445833 0.035185 0.018750
0 0.134259 0.535937 0.033333 0.018750
0 0.203704 0.702083 0.027778 0.017708
0 0.210185 0.319271 0.029630 0.015625
0 0.185185 0.320312 0.027778 0.018750
0 0.375926 0.233854 0.031481 0.017708
0 0.366667 0.273958 0.029630 0.016667
0 0.187037 0.444792 0.027778 0.016667
0 0.150000 0.514583 0.014815 0.009375
0 0.181481 0.706771 0.029630 0.018750
0 0.389815 0.283854 0.035185 0.019792
0 0.561111 0.368750 0.033333 0.017708
0 0.201852 0.606250 0.031481 0.017708
0 0.222222 0.712500 0.035185 0.020833
0 0.247222 0.158333 0.022222 0.014583
0 0.167593 0.523438 0.024074 0.013542
0 0.185185 0.488021 0.029630 0.016667
0 0.273148 0.423438 0.048148 0.028125
0 0.233333 0.683333 0.035185 0.020833
0 0.189815 0.520833 0.024074 0.014583
0 0.286111 0.451562 0.050000 0.027083
0 0.311111 0.435937 0.046296 0.027083
0 0.289815 0.583333 0.014815 0.019792
0 0.350926 0.691667 0.031481 0.018750
0 0.347222 0.453646 0.044444 0.025000
0 0.351852 0.670833 0.033333 0.020833
0 0.302778 0.552604 0.029630 0.013542
0 0.373148 0.706771 0.035185 0.022917
0 0.389815 0.631771 0.029630 0.015625
0 0.332407 0.717708 0.027778 0.015625
0 0.759259 0.341146 0.024074 0.015625
0 0.360185 0.288021 0.031481 0.015625
0 0.350926 0.727083 0.035185 0.019792
0 0.518519 0.588542 0.016667 0.010417
0 0.772222 0.309375 0.022222 0.014583
0 0.437963 0.688542 0.025926 0.012500
0 0.996296 0.464062 0.014815 0.010417
0 0.516667 0.503125 0.031481 0.017708
0 0.935185 0.307292 0.025926 0.015625
0 0.511111 0.480208 0.025926 0.016667
0 0.758333 0.306771 0.037037 0.023958
0 0.719444 0.572917 0.020370 0.013542
0 0.897222 0.187500 0.011111 0.007292
0 0.911111 0.308333 0.025926 0.013542
0 0.659259 0.703646 0.018519 0.010417
0 0.765741 0.309375 0.029630 0.012500
0 0.798148 0.307292 0.031481 0.018750
0 0.884259 0.701042 0.029630 0.015625
0 0.798148 0.293229 0.024074 0.012500
0 0.978704 0.390625 0.014815 0.009375
0 0.722222 0.567708 0.014815 0.007292
0 0.803704 0.509375 0.033333 0.014583
0 0.847222 0.308333 0.025926 0.014583
0 0.792593 0.573438 0.024074 0.013542
0 0.839815 0.300521 0.024074 0.013542
0 0.838889 0.506250 0.027778 0.015625
0 0.846296 0.480208 0.018519 0.009375
0 0.791667 0.572917 0.024074 0.013542
0 0.837963 0.505729 0.027778 0.015625
0 0.856481 0.280729 0.024074 0.015625
0 0.841667 0.495312 0.018519 0.012500
0 0.810185 0.305208 0.022222 0.012500
0 0.996296 0.660937 0.007407 0.019792
0 0.877778 0.495833 0.025926 0.014583
0 0.817593 0.311458 0.024074 0.014583
0 0.867593 0.483333 0.024074 0.013542
0 0.005556 0.417708 0.011111 0.019792
0 0.012037 0.542188 0.024074 0.014583
0 0.030556 0.538542 0.035185 0.018750
0 0.391667 0.516146 0.020370 0.011458
0 0.069444 0.535937 0.027778 0.016667
0 0.455556 0.483854 0.020370 0.013542
