0 0.122222 0.455729 0.025926 0.016667
0 0.962037 0.363021 0.027778 0.013542
0 0.961111 0.559896 0.031481 0.017708
0 0.468519 0.544271 0.029630 0.016667
0 0.588889 0.454688 0.040741 0.023958
0 0.169444 0.305729 0.020370 0.010417
0 0.810185 0.286979 0.024074 0.015625
0 0.642593 0.640104 0.033333 0.016667
0 0.781481 0.532813 0.027778 0.016667
0 0.975926 0.539583 0.038889 0.020833
0 0.775000 0.554688 0.025926 0.016667
0 0.977778 0.572917 0.031481 0.017708
0 0.888889 0.641146 0.025926 0.014583
0 0.837037 0.275521 0.020370 0.014583
0 0.209259 0.266667 0.029630 0.017708
0 0.344444 0.705208 0.035185 0.022917
0 0.477778 0.695312 0.031481 0.016667
0 0.425926 0.439583 0.037037 0.020833
0 0.893519 0.491667 0.020370 0.010417
0 0.202778 0.686979 0.027778 0.014583
0 0.387963 0.790625 0.042593 0.022917
0 0.493519 0.363542 0.042593 0.023958
0 0.269444 0.288021 0.027778 0.014583
0 0.966667 0.342708 0.029630 0.017708
0 0.946296 0.579688 0.035185 0.019792
0 0.814815 0.266146 0.038889 0.026042
0 0.464815 0.662500 0.037037 0.020833
0 1.000000 0.561979 0.012963 0.021875
0 0.987963 0.577604 0.024074 0.018750
0 0.995370 0.518750 0.005556 0.019792
0 0.485185 0.722917 0.035185 0.019792
0 0.854630 0.694271 0.042593 0.025000
0 0.523148 0.386979 0.042593 0.021875
0 0.895370 0.506250 0.037037 0.020833
0 0.818519 0.722917 0.035185 0.020833
0 0.558333 0.742708 0.029630 0.017708
0 0.988889 0.380729 0.018519 0.021875
0 0.746296 0.491146 0.046296 0.025000
0 0.997222 0.531250 0.020370 0.019792
0 0.378704 0.692187 0.038889 0.025000
0 0.474074 0.526042 0.040741 0.022917
0 0.818519 0.275521 0.031481 0.015625
0 0.679630 0.581771 0.048148 0.027083
0 0.138889 0.650521 0.031481 0.017708
0 0.111111 0.369271 0.031481 0.015625
0 0.342593 0.705729 0.037037 0.022917
0 0.851852 0.501563 0.037037 0.021875
0 0.989815 0.576562 0.031481 0.018750
0 -0.075926 0.337500 0.000000 0.000000
0 0.308333 0.661458 0.035185 0.019792
0 0.101852 0.260417 0.016667 0.018750
0 0.079630 0.332292 0.033333 0.017708
0 0.305556 0.695312 0.027778 0.014583
0 0.651852 0.665625 0.031481 0.019792
0 0.501852 0.558854 0.024074 0.014583
0 0.010185 0.684896 0.020370 0.015625
0 0.092593 0.353125 0.029630 0.014583
0 0.587037 0.674479 0.033333 0.019792
0 0.526852 0.781771 0.031481 0.018750
0 0.805556 0.521354 0.031481 0.018750
0 0.164815 0.483333 0.025926 0.014583
0 0.499074 0.257292 0.029630 0.018750
0 0.786111 0.727083 0.035185 0.019792
0 0.868519 0.545833 0.044444 0.025000
0 0.698148 0.219792 0.042593 0.023958
0 0.610185 0.769792 0.024074 0.015625
0 1.000000 0.390625 0.029630 0.020833
0 0.739815 0.729167 0.044444 0.020833
0 0.975000 0.435937 0.046296 0.025000
0 0.822222 0.253646 0.029630 0.016667
0 0.564815 0.667708 0.046296 0.020833
0 0.462963 0.673438 0.035185 0.015625
0 0.792593 0.553646 0.029630 0.018750
0 0.229630 0.691667 0.031481 0.016667
0 0.810185 0.577083 0.024074 0.015625
0 0.828704 0.283854 0.035185 0.018750
0 0.954630 0.522917 0.038889 0.020833
0 0.581481 0.777604 0.027778 0.014583
0 0.704630 0.553646 0.040741 0.021875
0 0.248148 0.686979 0.022222 0.013542
0 0.822222 0.705729 0.025926 0.014583
0 0.424074 0.656250 0.027778 0.016667
