0 0.994444 0.550521 0.009259 0.021875
0 0.996296 0.420312 0.003704 0.014583
0 0.479630 0.318750 0.022222 0.012500
0 0.363889 0.581250 0.029630 0.014583
0 0.469444 0.310937 0.024074 0.014583
0 0.995370 0.694792 0.007407 0.022917
0 0.994444 0.588542 0.025926 0.011458
0 0.397222 0.515104 0.027778 0.016667
0 0.992593 0.537500 0.012963 0.012500
0 0.429630 0.489063 0.020370 0.012500
0 0.364815 0.581771 0.024074 0.014583
0 0.993519 0.689063 0.011111 0.015625
0 0.398148 0.515625 0.027778 0.015625
0 0.410185 0.510417 0.018519 0.012500
0 0.438889 0.292187 0.024074 0.014583
0 0.433333 0.503125 0.024074 0.014583
0 0.425926 0.318229 0.024074 0.014583
0 0.996296 0.689063 0.005556 0.017708
0 0.473148 0.503646 0.024074 0.013542
0 0.446296 0.322396 0.020370 0.012500
0 0.472222 0.493229 0.024074 0.010417
0 0.450926 0.332292 0.020370 0.012500
0 0.992593 0.761979 0.014815 0.035417
0 0.498148 0.482292 0.022222 0.012500
0 0.519444 0.317708 0.025926 0.014583
0 0.996296 0.295833 0.005556 0.016667
0 0.574074 0.495833 0.027778 0.014583
0 0.550000 0.317188 0.024074 0.015625
0 0.844444 0.684375 0.033333 0.020833
0 0.620370 0.408333 0.029630 0.018750
0 0.580556 0.423438 0.020370 0.010417
0 0.583333 0.439063 0.009259 0.005208
0 0.991667 0.537500 0.016667 0.012500
0 0.930556 0.706771 0.040741 0.020833
0 0.995370 0.330729 0.018519 0.010417
0 0.889815 0.732292 0.031481 0.018750
0 0.995370 0.552083 0.020370 0.011458
0 0.984259 0.699479 0.029630 0.017708
0 0.996296 0.765625 0.016667 0.027083
0 0.925926 0.732292 0.031481 0.017708
0 0.991667 0.710938 0.014815 0.019792
0 0.967593 0.366667 0.031481 0.017708
0 0.981481 0.308333 0.027778 0.013542
0 0.989815 0.701562 0.018519 0.025000
0 0.957407 0.385417 0.029630 0.014583
0 0.993519 0.733854 0.009259 0.020833
0 0.983333 0.402604 0.031481 0.016667
0 0.993519 0.675521 0.011111 0.015625
0 0.994444 0.586979 0.011111 0.026042
0 0.990741 0.796354 0.018519 0.030208
0 0.989815 0.252083 0.018519 0.010417
0 0.992593 0.277604 0.011111 0.016667
0 0.947222 0.513542 0.025926 0.013542
0 0.989815 0.746875 0.016667 0.022917
0 0.996296 0.714583 0.007407 0.014583
0 0.366667 0.573438 0.024074 0.011458
0 0.025000 0.476042 0.025926 0.009375
0 0.882407 0.653646 0.027778 0.015625
0 0.235185 0.322917 0.020370 0.014583
0 0.347222 0.582292 0.018519 0.011458
0 0.488889 0.199479 0.011111 0.006250
0 0.508333 0.319271 0.020370 0.013542
0 0.989815 0.326042 0.018519 0.016667
0 0.172222 0.359375 0.027778 0.016667
0 0.250926 0.711979 0.024074 0.013542
0 0.213889 0.555729 0.027778 0.016667
0 0.996296 0.548438 0.005556 0.012500
0 0.953704 0.707812 0.027778 0.016667
0 0.248148 0.327604 0.029630 0.017708
0 0.283333 0.322917 0.038889 0.019792
0 0.320370 0.711458 0.029630 0.017708
0 0.294444 0.309375 0.033333 0.016667
0 0.555556 0.403125 0.022222 0.013542
0 0.325000 0.575000 0.022222 0.013542
0 0.508333 0.496875 0.020370 0.011458
0 0.378704 0.518750 0.018519 0.012500
0 0.930556 0.485417 0.027778 0.015625
0 0.993519 0.643750 0.011111 0.019792
0 0.993519 0.711458 0.012963 0.018750
0 0.991667 0.603125 0.016667 0.033333
0 0.994444 0.611458 0.009259 0.020833
0 0.993519 0.786979 0.012963 0.020833
0 0.992593 0.612500 0.014815 0.026042
0 0.999074 0.436979 0.000000 0.000000
0 0.995370 0.705729 0.005556 0.011458
0 0.994444 0.611458 0.009259 0.016667
0 0.993519 0.778125 0.012963 0.016667
0 0.994444 0.711458 0.009259 0.014583
