0 0.460185 0.570833 0.048148 0.027083
0 0.635185 0.266146 0.033333 0.019792
0 0.266667 0.513021 0.042593 0.022917
0 0.150000 0.674479 0.044444 0.025000
0 0.800926 0.526042 0.035185 0.018750
0 0.495370 0.479687 0.044444 0.025000
0 0.763889 0.374479 0.044444 0.023958
0 0.362037 0.730729 0.029630 0.017708
0 0.600000 0.716146 0.035185 0.021875
0 0.804630 0.379167 0.033333 0.019792
0 0.419444 0.758333 0.027778 0.016667
0 0.485185 0.209375 0.038889 0.023958
0 0.652778 0.539062 0.046296 0.025000
0 0.564815 0.719271 0.035185 0.020833
0 0.380556 0.248958 0.031481 0.019792
0 0.045370 0.469792 0.025926 0.013542
0 0.589815 0.276562 0.022222 0.013542
0 0.637963 0.517188 0.035185 0.017708
0 0.708333 0.269792 0.022222 0.013542
0 0.061111 0.252083 0.025926 0.015625
0 0.124074 0.686979 0.033333 0.019792
0 0.274074 0.681771 0.027778 0.017708
0 0.213889 0.426042 0.038889 0.020833
0 0.678704 0.483333 0.027778 0.016667
0 0.044444 0.669271 0.025926 0.014583
0 0.200000 0.773438 0.044444 0.023958
0 0.242593 0.350000 0.038889 0.025000
0 0.091667 0.282292 0.033333 0.017708
0 0.821296 0.334896 0.024074 0.013542
0 0.765741 0.575521 0.033333 0.019792
0 0.603704 0.256771 0.038889 0.027083
0 0.241667 0.647917 0.038889 0.018750
0 0.807407 0.573438 0.035185 0.019792
0 0.825000 0.509375 0.033333 0.018750
0 0.287037 0.708854 0.031481 0.018750
0 0.642593 0.687500 0.042593 0.023958
0 0.280556 0.372917 0.042593 0.021875
0 0.667593 0.498958 0.035185 0.021875
0 0.367593 0.661979 0.035185 0.020833
0 0.330556 0.768229 0.031481 0.017708
0 0.830556 0.559896 0.033333 0.018750
0 0.510185 0.718750 0.042593 0.019792
0 0.738889 0.428646 0.046296 0.026042
0 0.613889 0.243229 0.033333 0.020833
0 0.343519 0.657813 0.033333 0.018750
0 0.245370 0.658854 0.035185 0.013542
0 0.625926 0.547917 0.029630 0.017708
0 0.069444 0.673958 0.031481 0.016667
0 0.628704 0.571875 0.025926 0.016667
0 0.697222 0.277083 0.031481 0.017708
0 0.743519 0.517188 0.037037 0.021875
0 0.391667 0.765625 0.029630 0.016667
0 0.465741 0.542188 0.040741 0.022917
0 0.828704 0.539583 0.031481 0.018750
0 0.206481 0.359896 0.024074 0.012500
0 0.086111 0.644271 0.038889 0.017708
0 0.280556 0.669792 0.029630 0.014583
0 0.646296 0.700521 0.029630 0.014583
0 0.200000 0.638021 0.029630 0.018750
0 0.798148 0.569271 0.025926 0.017708
0 0.695370 0.633854 0.025926 0.014583
0 0.787037 0.557292 0.027778 0.014583
0 0.442593 0.208333 0.024074 0.013542
0 0.236111 0.360938 0.025926 0.010417
0 0.300926 0.540104 0.022222 0.013542
0 0.387037 0.443229 0.031481 0.018750
0 0.067593 0.263542 0.024074 0.013542
0 0.686111 0.284375 0.024074 0.014583
0 0.412037 0.628125 0.031481 0.017708
0 0.615741 0.526042 0.031481 0.018750
0 0.588889 0.547917 0.027778 0.018750
0 0.004630 0.443229 0.009259 0.012500
0 0.785185 0.346875 0.029630 0.014583
0 0.764815 0.534375 0.035185 0.020833
