0 0.387963 0.320312 0.020370 0.013542
0 0.413889 0.491667 0.024074 0.011458
0 0.395370 0.330208 0.022222 0.013542
0 0.992593 0.766146 0.012963 0.032292
0 0.440741 0.479687 0.024074 0.012500
0 0.455556 0.315104 0.024074 0.013542
0 0.950000 0.291667 0.029630 0.016667
0 0.510185 0.493229 0.027778 0.015625
0 0.486111 0.314063 0.024074 0.014583
0 0.373148 0.290625 0.024074 0.016667
0 0.375926 0.502083 0.022222 0.014583
0 0.367593 0.316667 0.024074 0.015625
0 0.996296 0.678646 0.005556 0.017708
0 0.414815 0.502083 0.024074 0.013542
0 0.994444 0.570312 0.011111 0.026042
0 0.989815 0.776042 0.016667 0.028125
0 0.990741 0.771354 0.016667 0.017708
0 0.989815 0.247917 0.018519 0.010417
0 0.992593 0.274479 0.011111 0.016667
0 0.886111 0.506250 0.024074 0.013542
0 0.990741 0.735417 0.016667 0.023958
0 0.996296 0.706250 0.005556 0.014583
0 0.994444 0.534896 0.009259 0.022917
0 0.993519 0.705729 0.009259 0.015625
0 0.992593 0.776563 0.012963 0.016667
0 0.994444 0.621875 0.009259 0.017708
0 0.995370 0.702604 0.005556 0.012500
0 1.002778 0.446875 0.007407 0.005208
0 0.993519 0.628125 0.012963 0.023958
0 0.992593 0.784375 0.012963 0.019792
0 0.994444 0.629687 0.009259 0.020833
0 0.994444 0.640104 0.009259 0.015625
0 0.993519 0.704688 0.012963 0.017708
0 0.991667 0.565104 0.016667 0.032292
0 0.867593 0.478646 0.027778 0.016667
0 0.778704 0.678646 0.035185 0.021875
0 0.550000 0.404167 0.029630 0.017708
0 0.523148 0.420833 0.020370 0.011458
0 0.516667 0.435937 0.011111 0.006250
0 0.939815 0.530729 0.025926 0.013542
0 0.556481 0.396354 0.014815 0.009375
0 0.859259 0.701042 0.035185 0.019792
0 0.996296 0.326042 0.020370 0.010417
0 0.822222 0.726042 0.031481 0.018750
0 0.995370 0.562500 0.020370 0.011458
0 0.911111 0.692187 0.033333 0.017708
0 0.997222 0.743750 0.016667 0.026042
0 0.858333 0.726042 0.029630 0.017708
0 0.991667 0.724479 0.012963 0.018750
0 0.893519 0.359375 0.029630 0.017708
0 0.915741 0.301042 0.029630 0.014583
0 0.990741 0.697917 0.018519 0.023958
0 0.887037 0.378125 0.029630 0.015625
0 0.994444 0.723958 0.011111 0.020833
0 0.911111 0.394792 0.029630 0.015625
0 0.943519 0.670312 0.031481 0.017708
0 0.450926 0.494792 0.020370 0.012500
0 0.095370 0.359896 0.031481 0.017708
0 0.172222 0.714063 0.022222 0.012500
0 0.147222 0.557292 0.029630 0.017708
0 0.972222 0.543229 0.024074 0.012500
0 0.880556 0.701562 0.027778 0.016667
0 0.169444 0.326562 0.031481 0.017708
0 0.202778 0.321875 0.040741 0.020833
0 0.250000 0.712500 0.029630 0.017708
0 0.216667 0.307812 0.031481 0.015625
0 0.494444 0.400000 0.018519 0.012500
0 0.273148 0.575521 0.022222 0.012500
0 0.961111 0.320312 0.035185 0.017708
0 0.316667 0.517708 0.020370 0.013542
0 0.308333 0.572917 0.024074 0.010417
0 0.996296 0.411458 0.003704 0.014583
0 0.421296 0.316667 0.022222 0.012500
0 0.304630 0.581250 0.029630 0.014583
0 0.408333 0.308854 0.025926 0.015625
0 0.995370 0.681771 0.007407 0.022917
0 0.994444 0.563542 0.024074 0.011458
0 0.336111 0.515625 0.027778 0.017708
0 0.951852 0.533854 0.020370 0.012500
0 0.371296 0.488542 0.022222 0.012500
0 0.305556 0.581771 0.025926 0.014583
0 0.993519 0.679167 0.011111 0.015625
0 0.334259 0.515104 0.027778 0.017708
0 0.347222 0.509896 0.020370 0.012500
0 0.445370 0.317188 0.020370 0.013542
