0 0.224074 0.214583 0.033333 0.021875
0 0.295370 0.553646 0.024074 0.014583
0 0.730556 0.342708 0.031481 0.017708
0 0.100000 0.448437 0.025926 0.010417
0 0.337037 0.156250 0.022222 0.014583
0 0.887037 0.509375 0.024074 0.013542
0 0.080556 0.415625 0.037037 0.020833
0 0.090741 0.541146 0.029630 0.014583
0 0.112963 0.536979 0.035185 0.016667
0 0.450926 0.517188 0.018519 0.010417
0 0.143519 0.534375 0.027778 0.017708
0 0.537963 0.483854 0.022222 0.015625
0 0.467593 0.284375 0.033333 0.020833
0 0.172222 0.246875 0.033333 0.020833
0 0.174074 0.246354 0.035185 0.018750
0 0.175926 0.534375 0.037037 0.019792
0 0.975000 0.715625 0.027778 0.013542
0 0.967593 0.429167 0.025926 0.014583
0 0.204630 0.264583 0.029630 0.018750
0 0.333333 0.138542 0.025926 0.013542
0 0.250926 0.429688 0.035185 0.020833
0 0.250926 0.444271 0.035185 0.016667
0 0.210185 0.534896 0.033333 0.018750
0 0.288889 0.702083 0.029630 0.017708
0 0.283333 0.318229 0.031481 0.015625
0 0.258333 0.320312 0.027778 0.017708
0 0.458333 0.232292 0.031481 0.017708
0 0.449074 0.273438 0.031481 0.017708
0 0.275000 0.443229 0.027778 0.016667
0 0.224074 0.513021 0.014815 0.008333
0 0.262037 0.706771 0.029630 0.018750
0 0.325000 0.151042 0.022222 0.014583
0 0.647222 0.367708 0.037037 0.018750
0 0.284259 0.605208 0.029630 0.017708
0 0.308333 0.713542 0.033333 0.020833
0 0.326852 0.151562 0.024074 0.014583
0 0.233333 0.523438 0.022222 0.013542
0 0.257407 0.486979 0.029630 0.017708
0 0.370370 0.420833 0.048148 0.027083
0 0.317593 0.684375 0.033333 0.020833
0 0.254630 0.520833 0.025926 0.014583
0 0.381481 0.448958 0.048148 0.027083
0 0.410185 0.433333 0.046296 0.026042
0 0.369444 0.583854 0.014815 0.019792
0 0.443519 0.692187 0.033333 0.018750
0 0.444444 0.452083 0.050000 0.027083
0 0.444444 0.671354 0.033333 0.020833
0 0.384259 0.552604 0.031481 0.014583
0 0.463889 0.707812 0.033333 0.021875
0 0.411111 0.719792 0.027778 0.016667
0 0.440741 0.285938 0.025926 0.013542
0 0.425926 0.728646 0.035185 0.019792
0 0.614815 0.589063 0.018519 0.010417
0 0.884259 0.305729 0.022222 0.014583
0 0.527778 0.689583 0.024074 0.012500
0 0.601852 0.501563 0.029630 0.017708
0 0.995370 0.309896 0.005556 0.016667
0 0.595370 0.479687 0.029630 0.018750
0 0.870370 0.302083 0.040741 0.026042
0 0.820370 0.574479 0.020370 0.013542
0 0.977778 0.186979 0.011111 0.007292
0 0.988889 0.307292 0.025926 0.015625
0 0.768519 0.707292 0.018519 0.010417
0 0.877778 0.306250 0.029630 0.012500
0 0.889815 0.303646 0.029630 0.015625
0 0.985185 0.704688 0.029630 0.016667
0 0.886111 0.290625 0.022222 0.011458
0 0.992593 0.391146 0.014815 0.009375
0 0.822222 0.579167 0.012963 0.007292
0 0.872222 0.510938 0.025926 0.015625
0 0.920370 0.308333 0.022222 0.013542
0 0.872222 0.575521 0.025926 0.013542
0 0.914815 0.301042 0.024074 0.014583
0 0.919444 0.506771 0.029630 0.016667
0 0.927778 0.479687 0.016667 0.008333
0 0.871296 0.575000 0.025926 0.013542
0 0.918519 0.506771 0.027778 0.015625
0 0.936111 0.280208 0.024074 0.014583
0 0.923148 0.495833 0.018519 0.011458
0 0.888889 0.303125 0.029630 0.016667
0 0.954630 0.496354 0.025926 0.014583
0 0.900000 0.311458 0.022222 0.012500
0 0.944444 0.483854 0.024074 0.014583
0 0.886111 0.321354 0.024074 0.014583
0 0.988889 0.473438 0.018519 0.009375
0 0.987963 0.308333 0.024074 0.014583
0 0.995370 0.459896 0.007407 0.013542
0 0.988889 0.307812 0.020370 0.015625
0 0.996296 0.398958 0.005556 0.017708
