0 0.009259 0.460938 0.018519 0.023958
0 0.014815 0.681771 0.029630 0.022917
0 0.036111 0.534896 0.027778 0.013542
0 0.034259 0.718229 0.037037 0.021875
0 0.058333 0.641146 0.035185 0.017708
0 0.040741 0.727083 0.031481 0.017708
0 0.375000 0.348438 0.025926 0.015625
0 0.078704 0.290625 0.031481 0.017708
0 0.083333 0.735417 0.038889 0.019792
0 0.175000 0.597917 0.022222 0.010417
0 0.476852 0.313021 0.025926 0.017708
0 0.131481 0.698958 0.037037 0.019792
0 0.990741 0.464062 0.016667 0.011458
0 0.217593 0.508854 0.031481 0.017708
0 0.693519 0.309375 0.022222 0.014583
0 0.222222 0.484896 0.029630 0.015625
0 0.996296 0.650521 0.024074 0.017708
0 0.439815 0.310937 0.025926 0.018750
0 0.487037 0.578646 0.024074 0.014583
0 0.004630 0.588542 0.009259 0.016667
0 0.012963 0.703125 0.025926 0.020833
0 0.676852 0.310937 0.024074 0.015625
0 0.997222 0.267708 0.005556 0.015625
0 0.768519 0.492188 0.027778 0.015625
0 0.721296 0.309375 0.024074 0.015625
0 0.990741 0.682292 0.018519 0.021875
0 0.830556 0.402083 0.031481 0.019792
0 0.773148 0.429167 0.020370 0.011458
0 0.997222 0.508333 0.003704 0.017708
0 0.991667 0.680729 0.014815 0.016667
0 0.997222 0.704688 0.003704 0.016667
0 0.988889 0.667708 0.020370 0.011458
0 0.996296 0.739583 0.007407 0.016667
0 0.993519 0.685417 0.011111 0.018750
0 0.994444 0.351562 0.009259 0.014583
0 0.993519 0.339583 0.012963 0.013542
0 0.994444 0.662500 0.011111 0.012500
0 0.977778 0.385937 0.009259 0.013542
0 0.995370 0.392708 0.007407 0.013542
0 0.992593 0.681250 0.009259 0.017708
0 0.993519 0.595833 0.011111 0.028125
0 0.660185 0.189062 0.011111 0.007292
0 0.675926 0.310417 0.022222 0.014583
0 0.992593 0.323958 0.011111 0.010417
0 0.461111 0.354167 0.027778 0.014583
0 0.364815 0.712500 0.029630 0.016667
0 0.422222 0.552604 0.027778 0.017708
0 0.996296 0.562500 0.007407 0.012500
0 1.001852 0.669271 0.018519 0.016667
0 0.456481 0.315625 0.031481 0.017708
0 0.499074 0.310417 0.029630 0.019792
0 0.557407 0.711979 0.029630 0.016667
0 0.502778 0.297396 0.025926 0.015625
0 0.716667 0.397396 0.020370 0.011458
0 0.466667 0.571354 0.024074 0.014583
0 0.654630 0.492708 0.024074 0.013542
0 0.553704 0.515104 0.024074 0.013542
0 0.630556 0.310937 0.022222 0.014583
0 0.538889 0.578646 0.025926 0.015625
0 0.621296 0.302604 0.025926 0.014583
0 0.577778 0.510417 0.025926 0.016667
0 0.993519 0.528125 0.009259 0.011458
0 0.599074 0.485417 0.024074 0.012500
0 0.538889 0.578646 0.025926 0.014583
0 0.579630 0.510938 0.027778 0.016667
0 0.587963 0.507292 0.016667 0.010417
0 0.611111 0.282292 0.024074 0.015625
0 0.596296 0.500000 0.024074 0.013542
0 0.576852 0.309896 0.025926 0.015625
0 0.996296 0.676042 0.007407 0.017708
0 0.637963 0.500000 0.024074 0.014583
0 0.597222 0.314583 0.022222 0.013542
0 0.627778 0.489063 0.022222 0.012500
0 0.597222 0.324479 0.022222 0.012500
0 0.662963 0.478125 0.024074 0.011458
0 0.996296 0.478646 0.003704 0.010417
0 0.996296 0.469271 0.007407 0.020833
0 0.996296 0.704688 0.005556 0.014583
0 0.994444 0.708854 0.009259 0.013542
0 0.999074 0.435937 0.000000 0.000000
0 0.991667 0.709375 0.012963 0.017708
