0 0.487037 0.540104 0.040741 0.021875
0 0.835185 0.532292 0.031481 0.017708
0 0.208333 0.361979 0.025926 0.012500
0 0.112037 0.646875 0.037037 0.017708
0 0.657407 0.694271 0.029630 0.014583
0 0.224074 0.640104 0.029630 0.016667
0 0.805556 0.561458 0.027778 0.017708
0 0.700000 0.628125 0.024074 0.014583
0 0.793519 0.551042 0.027778 0.015625
0 0.430556 0.210417 0.024074 0.013542
0 0.236111 0.363542 0.024074 0.009375
0 0.302778 0.540625 0.020370 0.012500
0 0.398148 0.443229 0.033333 0.018750
0 0.059259 0.268229 0.029630 0.012500
0 0.675926 0.282292 0.024074 0.015625
0 0.437037 0.626563 0.029630 0.017708
0 0.623148 0.521875 0.029630 0.017708
0 0.597222 0.544271 0.027778 0.016667
0 0.001852 0.448437 0.012963 0.013542
0 0.782407 0.345313 0.027778 0.013542
0 0.776852 0.528125 0.037037 0.019792
0 0.755556 0.511979 0.037037 0.020833
0 0.636111 0.566667 0.029630 0.014583
0 0.688889 0.276042 0.029630 0.017708
0 0.632407 0.543229 0.029630 0.016667
0 0.411111 0.763021 0.031481 0.016667
0 0.081481 0.678125 0.031481 0.016667
0 0.751852 0.424479 0.042593 0.023958
0 0.368519 0.656250 0.033333 0.017708
0 0.270370 0.659375 0.035185 0.014583
0 0.176852 0.676562 0.042593 0.025000
0 0.283333 0.514583 0.040741 0.022917
0 0.633333 0.266146 0.031481 0.019792
0 0.479630 0.568750 0.048148 0.027083
0 0.005556 0.638542 0.011111 0.017708
0 0.002778 0.360938 0.005556 0.015625
0 0.147222 0.688542 0.038889 0.019792
0 0.220370 0.773958 0.044444 0.025000
0 0.262963 0.351562 0.038889 0.022917
0 0.056481 0.673438 0.027778 0.015625
0 0.684259 0.480208 0.024074 0.011458
0 0.085185 0.286458 0.033333 0.016667
0 0.811111 0.332292 0.025926 0.014583
0 0.774074 0.569271 0.035185 0.019792
0 0.609259 0.256250 0.040741 0.027083
0 0.265741 0.648438 0.037037 0.019792
0 0.814815 0.566667 0.037037 0.019792
0 0.834259 0.503125 0.033333 0.019792
0 0.308333 0.708854 0.031481 0.018750
0 0.662037 0.680729 0.042593 0.023958
0 0.299074 0.375521 0.044444 0.020833
0 0.681481 0.494792 0.035185 0.020833
0 0.391667 0.659896 0.035185 0.020833
0 0.352778 0.766667 0.031481 0.017708
0 0.837037 0.553125 0.031481 0.018750
0 0.534259 0.714063 0.042593 0.019792
0 0.616667 0.243750 0.033333 0.018750
0 0.227778 0.428646 0.040741 0.020833
0 0.295370 0.681771 0.029630 0.016667
0 0.052778 0.256250 0.029630 0.014583
0 0.698148 0.268229 0.020370 0.015625
0 0.643519 0.512500 0.035185 0.017708
0 0.595370 0.276562 0.022222 0.013542
0 0.044444 0.474479 0.025926 0.014583
0 0.371296 0.251042 0.031481 0.019792
0 0.587963 0.713542 0.033333 0.019792
0 0.666667 0.534896 0.042593 0.023958
0 0.491667 0.210938 0.040741 0.023958
0 0.438889 0.755729 0.025926 0.015625
0 0.805556 0.376042 0.031481 0.019792
0 0.620370 0.709375 0.035185 0.021875
0 0.383333 0.729167 0.031481 0.016667
0 0.775000 0.370833 0.040741 0.022917
0 0.516667 0.477604 0.044444 0.023958
0 0.810185 0.520312 0.035185 0.018750
