0 0.708333 0.289062 0.024074 0.013542
0 0.798148 0.692187 0.029630 0.016667
0 0.709259 0.302604 0.031481 0.019792
0 0.670370 0.305729 0.031481 0.013542
0 0.665741 0.536979 0.025926 0.015625
0 0.431481 0.584896 0.018519 0.010417
0 0.567593 0.696875 0.022222 0.011458
0 0.831481 0.301563 0.024074 0.013542
0 0.813889 0.181250 0.009259 0.008333
0 0.642593 0.566146 0.018519 0.013542
0 0.652778 0.303125 0.033333 0.020833
0 0.996296 0.624479 0.024074 0.017708
0 0.433333 0.476042 0.033333 0.016667
0 0.853704 0.299479 0.025926 0.014583
0 0.436111 0.499479 0.031481 0.017708
0 0.994444 0.454167 0.014815 0.011458
0 0.358333 0.684375 0.027778 0.013542
0 0.675926 0.305208 0.035185 0.015625
0 0.253704 0.452604 0.046296 0.026042
0 0.997222 0.470313 0.003704 0.008333
0 0.993519 0.681771 0.011111 0.014583
0 0.995370 0.663542 0.007407 0.012500
0 0.993519 0.646875 0.007407 0.014583
0 0.997222 0.665104 0.003704 0.015625
0 0.996296 0.385937 0.005556 0.016667
0 0.987963 0.665625 0.022222 0.026042
0 0.878704 0.298958 0.024074 0.014583
0 0.951852 0.477604 0.029630 0.014583
0 0.830556 0.301563 0.024074 0.014583
0 0.826852 0.465104 0.020370 0.010417
0 0.735185 0.315625 0.022222 0.014583
0 0.791667 0.476042 0.022222 0.013542
0 0.739815 0.305729 0.020370 0.013542
0 0.803704 0.487500 0.024074 0.013542
0 0.996296 0.666146 0.007407 0.019792
0 0.724074 0.302083 0.020370 0.012500
0 0.765741 0.486979 0.020370 0.012500
0 0.774074 0.273958 0.024074 0.013542
0 0.760185 0.498437 0.027778 0.015625
0 0.719444 0.566146 0.024074 0.014583
0 0.770370 0.472917 0.020370 0.010417
0 0.761111 0.498958 0.025926 0.015625
0 0.765741 0.294271 0.027778 0.014583
0 0.719444 0.565104 0.024074 0.014583
0 0.770370 0.301042 0.025926 0.014583
0 0.727778 0.501563 0.029630 0.013542
0 0.818519 0.480208 0.024074 0.013542
0 0.643519 0.560937 0.016667 0.007292
0 0.893519 0.383854 0.016667 0.010417
0 0.283333 0.723437 0.035185 0.019792
0 0.275000 0.286458 0.031481 0.015625
0 0.651852 0.338542 0.025926 0.015625
0 0.261111 0.714583 0.027778 0.016667
0 0.308333 0.628646 0.031481 0.016667
0 0.291667 0.703646 0.035185 0.021875
0 0.225926 0.550521 0.029630 0.013542
0 0.269444 0.667708 0.033333 0.020833
0 0.019444 0.245833 0.029630 0.019792
0 0.268519 0.689063 0.031481 0.018750
0 0.214815 0.581250 0.014815 0.018750
0 0.214815 0.435417 0.046296 0.028125
0 0.191667 0.451042 0.050000 0.027083
0 0.124074 0.519792 0.025926 0.014583
0 0.155556 0.682292 0.035185 0.022917
0 0.176852 0.422917 0.048148 0.028125
0 0.111111 0.486458 0.033333 0.016667
0 0.101852 0.522396 0.024074 0.013542
0 0.146296 0.158333 0.022222 0.014583
0 0.145370 0.711458 0.035185 0.020833
0 0.123148 0.605208 0.029630 0.017708
0 0.484259 0.367188 0.027778 0.019792
0 0.129630 0.154688 0.025926 0.014583
0 0.107407 0.705208 0.031481 0.018750
0 0.078704 0.516146 0.016667 0.009375
0 0.099074 0.444271 0.029630 0.016667
0 0.281481 0.272917 0.027778 0.016667
0 0.287963 0.231771 0.031481 0.017708
0 0.107407 0.319792 0.024074 0.018750
0 0.134259 0.317708 0.031481 0.015625
0 0.126852 0.701042 0.027778 0.015625
0 0.058333 0.535417 0.033333 0.017708
0 0.074074 0.445833 0.037037 0.017708
0 0.068519 0.431771 0.037037 0.019792
0 0.137963 0.141667 0.024074 0.014583
0 0.051852 0.265104 0.031481 0.017708
0 0.825000 0.421354 0.024074 0.015625
0 0.047222 0.216667 0.038889 0.021875
0 0.775926 0.702604 0.027778 0.013542
0 0.024074 0.535417 0.037037 0.019792
0 0.023148 0.243229 0.018519 0.016667
0 0.308333 0.281771 0.033333 0.018750
0 0.375926 0.481250 0.020370 0.012500
