0 0.148148 0.688021 0.037037 0.019792
0 0.287037 0.515104 0.040741 0.021875
0 0.002778 0.363021 0.005556 0.014583
0 0.008333 0.637500 0.016667 0.017708
0 0.482407 0.569792 0.050000 0.027083
0 0.637963 0.267188 0.029630 0.019792
0 0.178704 0.677083 0.044444 0.025000
0 0.815741 0.521875 0.035185 0.018750
0 0.519444 0.479167 0.042593 0.026042
0 0.780556 0.372396 0.040741 0.022917
0 0.387037 0.729688 0.031481 0.016667
0 0.625000 0.711458 0.035185 0.020833
0 0.812037 0.377604 0.033333 0.020833
0 0.442593 0.756771 0.027778 0.016667
0 0.495370 0.212500 0.038889 0.023958
0 0.671296 0.536458 0.042593 0.023958
0 0.591667 0.715625 0.031481 0.020833
0 0.375000 0.252083 0.029630 0.019792
0 0.049074 0.474479 0.025926 0.013542
0 0.600926 0.277604 0.022222 0.013542
0 0.647222 0.513542 0.031481 0.017708
0 0.704630 0.269271 0.020370 0.015625
0 0.057407 0.256771 0.031481 0.014583
0 0.298148 0.682292 0.029630 0.016667
0 0.231481 0.429688 0.042593 0.021875
0 0.688889 0.481771 0.024074 0.011458
0 0.061111 0.673438 0.027778 0.015625
0 0.223148 0.774479 0.042593 0.027083
0 0.265741 0.352083 0.038889 0.021875
0 0.088889 0.286458 0.035185 0.016667
0 0.817593 0.333854 0.025926 0.015625
0 0.780556 0.571354 0.035185 0.018750
0 0.613889 0.257812 0.038889 0.025000
0 0.269444 0.648958 0.037037 0.019792
0 0.822222 0.568750 0.035185 0.018750
0 0.840741 0.505208 0.033333 0.018750
0 0.310185 0.708854 0.029630 0.018750
0 0.666667 0.683333 0.040741 0.023958
0 0.301852 0.376042 0.044444 0.020833
0 0.687037 0.496875 0.037037 0.021875
0 0.393519 0.660937 0.035185 0.020833
0 0.355556 0.767708 0.031481 0.017708
0 0.843519 0.555729 0.031481 0.018750
0 0.537963 0.716146 0.042593 0.019792
0 0.756481 0.426042 0.042593 0.023958
0 0.622222 0.244271 0.033333 0.017708
0 0.370370 0.657292 0.033333 0.018750
0 0.273148 0.659896 0.035185 0.014583
0 0.637963 0.545312 0.029630 0.017708
0 0.085185 0.677604 0.031481 0.016667
0 0.640741 0.568750 0.029630 0.015625
0 0.695370 0.277083 0.031481 0.017708
0 0.761111 0.514062 0.037037 0.020833
0 0.414815 0.764062 0.031481 0.016667
0 0.489815 0.541667 0.040741 0.022917
0 0.840741 0.534896 0.031481 0.018750
0 0.212037 0.362500 0.025926 0.012500
0 0.112963 0.646875 0.037037 0.017708
0 0.662963 0.696875 0.027778 0.014583
0 0.227778 0.640625 0.031481 0.017708
0 0.812963 0.564583 0.029630 0.017708
0 0.706481 0.629687 0.022222 0.013542
0 0.800000 0.553125 0.027778 0.015625
0 0.434259 0.210938 0.024074 0.012500
0 0.238889 0.364063 0.024074 0.009375
0 0.306481 0.541146 0.020370 0.012500
0 0.400926 0.444271 0.031481 0.018750
0 0.063889 0.268750 0.027778 0.013542
0 0.681481 0.282813 0.024074 0.014583
0 0.438889 0.627604 0.029630 0.017708
0 0.628704 0.523958 0.029630 0.017708
0 0.601852 0.545833 0.027778 0.016667
0 0.006481 0.448437 0.012963 0.013542
0 0.788889 0.346354 0.027778 0.013542
0 0.781481 0.530208 0.035185 0.019792
