0 0.994444 0.656771 0.029630 0.013542
0 0.004630 0.550521 0.009259 0.013542
0 0.846296 0.692187 0.029630 0.015625
0 0.011111 0.487500 0.022222 0.013542
0 0.026852 0.480208 0.025926 0.014583
0 0.058333 0.255208 0.025926 0.014583
0 0.058333 0.472396 0.025926 0.015625
0 0.081481 0.283854 0.025926 0.014583
0 0.994444 0.536458 0.007407 0.020833
0 0.671296 0.685937 0.020370 0.013542
0 0.994444 0.687500 0.037037 0.015625
0 0.955556 0.660937 0.022222 0.015625
0 0.528704 0.458854 0.027778 0.015625
0 0.990741 0.520833 0.018519 0.027083
0 0.986111 0.791146 0.027778 0.021875
0 0.738889 0.638021 0.035185 0.019792
0 0.096296 0.472917 0.025926 0.014583
0 0.103704 0.287500 0.024074 0.014583
0 0.108333 0.463542 0.024074 0.011458
0 0.115741 0.297917 0.024074 0.013542
0 0.833333 0.794792 0.038889 0.025000
0 0.129630 0.452604 0.025926 0.011458
0 0.141667 0.284896 0.027778 0.015625
0 0.614815 0.272917 0.027778 0.016667
0 0.159259 0.465104 0.031481 0.016667
0 0.176852 0.283854 0.024074 0.014583
0 0.369444 0.655208 0.025926 0.016667
0 0.187963 0.376042 0.031481 0.018750
0 0.238889 0.393750 0.018519 0.009375
0 0.184259 0.405729 0.020370 0.013542
0 0.624074 0.511979 0.022222 0.013542
0 0.200000 0.370833 0.022222 0.012500
0 0.412037 0.675521 0.035185 0.021875
0 0.887037 0.288021 0.025926 0.012500
0 0.402778 0.700521 0.031481 0.018750
0 0.991667 0.669792 0.012963 0.025000
0 0.642593 0.565625 0.024074 0.013542
0 0.466667 0.653125 0.022222 0.011458
0 0.463889 0.668229 0.033333 0.019792
0 1.007407 0.505208 0.031481 0.020833
0 0.985185 0.669271 0.027778 0.020833
0 0.438889 0.700000 0.027778 0.017708
0 0.462963 0.677083 0.024074 0.012500
0 0.966667 0.565104 0.018519 0.010417
0 1.013889 0.658854 0.044444 0.025000
0 0.710185 0.698958 0.025926 0.014583
0 0.531481 0.339583 0.029630 0.017708
0 0.591667 0.282292 0.024074 0.014583
0 0.834259 0.662500 0.046296 0.022917
0 0.532407 0.358854 0.025926 0.015625
0 0.994444 0.507292 0.020370 0.011458
0 0.866667 0.706771 0.038889 0.022917
0 0.552778 0.375521 0.027778 0.015625
0 0.560185 0.648958 0.027778 0.016667
0 0.994444 0.611979 0.009259 0.023958
0 0.985185 0.534375 0.029630 0.022917
0 0.902778 0.696354 0.050000 0.023958
0 0.992593 0.532292 0.011111 0.022917
0 0.988889 0.759896 0.020370 0.019792
0 0.994444 0.684896 0.009259 0.014583
0 0.987037 0.771354 0.014815 0.008333
0 0.994444 0.223958 0.009259 0.018750
0 0.995370 0.491667 0.007407 0.021875
0 0.991667 0.738542 0.016667 0.015625
0 0.912037 0.270833 0.027778 0.018750
0 0.555556 0.486979 0.024074 0.013542
0 0.998148 0.532813 0.024074 0.018750
0 0.865741 0.706771 0.042593 0.023958
0 0.964815 0.703646 0.031481 0.015625
0 0.962963 0.447396 0.038889 0.020833
0 0.623148 0.685937 0.025926 0.016667
0 0.811111 0.783333 0.029630 0.020833
0 0.994444 0.381250 0.009259 0.022917
0 0.995370 0.597917 0.009259 0.025000
0 0.994444 0.261979 0.009259 0.015625
0 0.987037 0.669271 0.033333 0.019792
0 1.011111 0.512500 0.096296 0.046875
0 0.957407 0.730729 0.037037 0.018750
0 0.992593 0.554167 0.012963 0.025000
0 0.993519 0.408854 0.012963 0.022917
0 0.996296 0.439063 0.003704 0.015625
0 0.995370 0.666146 0.009259 0.019792
0 0.992593 0.753125 0.012963 0.025000
0 0.992593 0.672396 0.012963 0.020833
0 0.978704 0.680208 0.033333 0.016667
0 1.012963 0.440625 0.051852 0.038542
0 0.653704 0.691667 0.029630 0.017708
0 1.012037 0.322396 0.048148 0.030208
0 0.994444 0.505729 0.011111 0.017708
0 0.996296 0.792188 0.031481 0.018750
