0 0.338889 0.350521 0.024074 0.016667
0 0.012037 0.720313 0.024074 0.022917
0 0.026852 0.644271 0.035185 0.018750
0 0.017593 0.730208 0.031481 0.018750
0 0.050000 0.293229 0.031481 0.016667
0 0.057407 0.738021 0.038889 0.020833
0 0.143519 0.601042 0.022222 0.010417
0 0.447222 0.315104 0.025926 0.017708
0 0.105556 0.701042 0.038889 0.020833
0 0.989815 0.464583 0.016667 0.012500
0 0.189815 0.511458 0.031481 0.017708
0 0.667593 0.311979 0.022222 0.014583
0 0.192593 0.487500 0.031481 0.017708
0 0.426852 0.318229 0.029630 0.018750
0 0.470370 0.313021 0.031481 0.019792
0 0.526852 0.713542 0.027778 0.016667
0 0.473148 0.298958 0.027778 0.014583
0 0.690741 0.398958 0.022222 0.012500
0 0.445370 0.572917 0.025926 0.012500
0 0.629630 0.494792 0.024074 0.013542
0 0.528704 0.516667 0.024074 0.013542
0 0.604630 0.313021 0.022222 0.014583
0 0.512963 0.580208 0.025926 0.014583
0 0.598148 0.304167 0.022222 0.013542
0 0.551852 0.512500 0.025926 0.016667
0 0.994444 0.530208 0.009259 0.011458
0 0.573148 0.486979 0.024074 0.011458
0 0.513889 0.580729 0.025926 0.014583
0 0.552778 0.513021 0.025926 0.016667
0 0.562037 0.509375 0.016667 0.011458
0 0.585185 0.284896 0.024074 0.015625
0 0.572222 0.501563 0.024074 0.014583
0 0.551852 0.311979 0.025926 0.014583
0 0.996296 0.680729 0.007407 0.017708
0 0.612963 0.501563 0.024074 0.014583
0 0.572222 0.316146 0.020370 0.013542
0 0.610185 0.490104 0.025926 0.012500
0 0.573148 0.327083 0.020370 0.013542
0 0.637963 0.479167 0.022222 0.011458
0 0.650000 0.313021 0.022222 0.015625
0 0.996296 0.268229 0.003704 0.016667
0 0.740741 0.493229 0.027778 0.014583
0 0.694444 0.311458 0.024074 0.014583
0 0.990741 0.680208 0.018519 0.021875
0 0.800926 0.403646 0.031481 0.018750
0 0.743519 0.430729 0.020370 0.011458
0 0.997222 0.504167 0.003704 0.017708
0 0.991667 0.686979 0.016667 0.017708
0 0.997222 0.706771 0.005556 0.017708
0 0.988889 0.667188 0.020370 0.011458
0 0.996296 0.739583 0.007407 0.016667
0 0.992593 0.693229 0.011111 0.018750
0 0.995370 0.353646 0.009259 0.014583
0 0.992593 0.339583 0.011111 0.013542
0 0.993519 0.661458 0.009259 0.013542
0 0.962963 0.386979 0.009259 0.013542
0 0.995370 0.398958 0.007407 0.013542
0 0.991667 0.680208 0.009259 0.016667
0 0.993519 0.594792 0.011111 0.028125
0 0.996296 0.475521 0.007407 0.020833
0 0.996296 0.712500 0.005556 0.014583
0 0.994444 0.713021 0.009259 0.013542
0 0.999074 0.435937 0.000000 0.000000
0 0.996296 0.480208 0.003704 0.011458
0 0.992593 0.713021 0.014815 0.017708
0 0.996296 0.651042 0.024074 0.017708
0 0.411111 0.313542 0.024074 0.018750
0 0.464815 0.581250 0.022222 0.014583
0 0.633333 0.191667 0.011111 0.007292
0 0.650000 0.313542 0.022222 0.014583
0 0.992593 0.323958 0.011111 0.010417
0 0.421296 0.356771 0.025926 0.014583
0 0.339815 0.715104 0.029630 0.016667
0 0.392593 0.555208 0.027778 0.017708
0 0.996296 0.560937 0.007407 0.012500
0 1.001852 0.672396 0.018519 0.016667
