0 1.007407 0.507812 0.100000 0.048958
0 0.993519 0.664583 0.011111 0.021875
0 0.994444 0.258333 0.009259 0.015625
0 0.994444 0.379167 0.009259 0.022917
0 0.825926 0.779687 0.031481 0.018750
0 0.635185 0.684375 0.025926 0.016667
0 0.976852 0.444271 0.038889 0.020833
0 0.981481 0.699479 0.029630 0.016667
0 0.992593 0.670833 0.012963 0.021875
0 0.989815 0.677083 0.020370 0.015625
0 1.012963 0.437500 0.053704 0.040625
0 0.665741 0.690625 0.029630 0.018750
0 1.011111 0.319792 0.051852 0.033333
0 0.997222 0.785937 0.031481 0.017708
0 0.995370 0.531250 0.009259 0.020833
0 0.997222 0.682813 0.035185 0.014583
0 0.975000 0.656250 0.022222 0.015625
0 0.994444 0.653125 0.031481 0.014583
0 0.533333 0.458333 0.027778 0.015625
0 0.990741 0.518229 0.016667 0.027083
0 0.886111 0.703125 0.038889 0.022917
0 0.998148 0.528646 0.024074 0.018750
0 0.560185 0.486458 0.024074 0.013542
0 0.915741 0.268750 0.035185 0.018750
0 0.991667 0.731771 0.014815 0.015625
0 0.995370 0.494271 0.007407 0.021875
0 0.994444 0.224479 0.009259 0.018750
0 0.990741 0.767188 0.016667 0.008333
0 0.994444 0.681771 0.009259 0.013542
0 0.992593 0.761979 0.018519 0.019792
0 0.993519 0.536458 0.011111 0.022917
0 0.922222 0.692708 0.048148 0.025000
0 0.991667 0.529687 0.016667 0.021875
0 0.994444 0.619792 0.009259 0.025000
0 0.570370 0.648438 0.031481 0.017708
0 0.560185 0.374479 0.027778 0.015625
0 0.886111 0.703646 0.040741 0.025000
0 0.538889 0.358854 0.027778 0.015625
0 0.992593 0.750521 0.012963 0.025000
0 0.993519 0.786458 0.012963 0.018750
0 0.995370 0.669271 0.009259 0.020833
0 0.996296 0.436979 0.005556 0.014583
0 0.992593 0.410417 0.011111 0.022917
0 0.993519 0.547917 0.012963 0.025000
0 0.975000 0.726042 0.033333 0.018750
0 0.235185 0.395833 0.020370 0.010417
0 0.647222 0.515104 0.020370 0.010417
0 0.045370 0.460417 0.022222 0.011458
0 0.001852 0.553125 0.003704 0.013542
0 0.858333 0.688542 0.033333 0.017708
0 0.010185 0.490625 0.020370 0.014583
0 0.025926 0.482812 0.025926 0.013542
0 0.054630 0.256771 0.027778 0.015625
0 0.056481 0.475521 0.025926 0.015625
0 0.074074 0.284896 0.025926 0.014583
0 0.751852 0.636458 0.038889 0.019792
0 0.096296 0.475521 0.025926 0.014583
0 0.098148 0.289062 0.022222 0.015625
0 0.107407 0.466146 0.024074 0.011458
0 0.108333 0.299479 0.022222 0.014583
0 0.849074 0.791146 0.040741 0.025000
0 0.133333 0.454688 0.025926 0.011458
0 0.138889 0.285938 0.031481 0.015625
0 0.618519 0.271875 0.025926 0.015625
0 0.161111 0.467187 0.035185 0.016667
0 0.175000 0.284896 0.025926 0.014583
0 0.381481 0.656250 0.025926 0.018750
0 0.193519 0.377083 0.031481 0.020833
0 0.183333 0.408333 0.022222 0.013542
0 0.627778 0.510938 0.024074 0.013542
0 0.202778 0.372396 0.020370 0.012500
0 0.427778 0.676042 0.037037 0.020833
0 0.884259 0.285417 0.024074 0.012500
0 0.415741 0.702083 0.029630 0.019792
0 0.992593 0.673438 0.014815 0.026042
0 0.651852 0.565104 0.025926 0.014583
0 0.482407 0.653646 0.020370 0.011458
0 0.480556 0.668750 0.035185 0.019792
0 1.008333 0.509896 0.031481 0.020833
0 0.995370 0.664062 0.014815 0.023958
0 0.452778 0.701042 0.029630 0.017708
0 0.477778 0.677604 0.022222 0.012500
0 0.982407 0.560937 0.016667 0.010417
0 1.016667 0.652604 0.051852 0.028125
0 0.721296 0.696875 0.027778 0.014583
0 0.538889 0.338542 0.031481 0.017708
0 0.596296 0.280729 0.025926 0.015625
0 0.852778 0.659375 0.046296 0.021875
