0 0.410185 0.309375 0.025926 0.014583
0 0.423148 0.317188 0.022222 0.012500
0 0.307407 0.581771 0.029630 0.013542
0 0.425926 0.197396 0.011111 0.006250
0 0.447222 0.317188 0.020370 0.014583
0 0.962963 0.320312 0.031481 0.016667
0 0.098148 0.360417 0.031481 0.016667
0 0.176852 0.714583 0.022222 0.012500
0 0.150000 0.557813 0.029630 0.017708
0 0.975000 0.543750 0.024074 0.012500
0 0.884259 0.701562 0.027778 0.016667
0 0.172222 0.327604 0.031481 0.017708
0 0.205556 0.322917 0.038889 0.020833
0 0.254630 0.713021 0.033333 0.016667
0 0.219444 0.308854 0.031481 0.015625
0 0.497222 0.400521 0.022222 0.012500
0 0.275926 0.575521 0.024074 0.012500
0 0.453704 0.494792 0.020370 0.011458
0 0.319444 0.518229 0.020370 0.013542
0 0.311111 0.573438 0.024074 0.010417
0 0.996296 0.411458 0.003704 0.014583
0 0.781481 0.678646 0.033333 0.021875
0 0.995370 0.681771 0.007407 0.022917
0 0.995370 0.565104 0.025926 0.011458
0 0.338889 0.515625 0.027778 0.016667
0 0.954630 0.533333 0.020370 0.012500
0 0.374074 0.489063 0.022222 0.011458
0 0.309259 0.582292 0.025926 0.014583
0 0.993519 0.679688 0.011111 0.015625
0 0.337037 0.516146 0.027778 0.017708
0 0.349074 0.510417 0.018519 0.013542
0 0.375000 0.290625 0.025926 0.015625
0 0.378704 0.502604 0.024074 0.014583
0 0.369444 0.316667 0.025926 0.015625
0 0.995370 0.681250 0.005556 0.017708
0 0.417593 0.502604 0.024074 0.013542
0 0.390741 0.320833 0.022222 0.013542
0 0.415741 0.491667 0.024074 0.011458
0 0.397222 0.330729 0.020370 0.014583
0 0.992593 0.766146 0.012963 0.032292
0 0.442593 0.479687 0.024074 0.011458
0 0.457407 0.315625 0.025926 0.014583
0 0.952778 0.291146 0.029630 0.015625
0 0.512037 0.493229 0.025926 0.015625
0 0.487963 0.314583 0.024074 0.014583
0 0.560185 0.396354 0.014815 0.008333
0 0.862963 0.701042 0.037037 0.019792
0 0.995370 0.326042 0.020370 0.010417
0 0.826852 0.726562 0.033333 0.018750
0 0.995370 0.561458 0.020370 0.011458
0 0.914815 0.692708 0.033333 0.018750
0 0.997222 0.744271 0.016667 0.027083
0 0.862037 0.725521 0.029630 0.018750
0 0.992593 0.723437 0.012963 0.018750
0 0.896296 0.359375 0.029630 0.017708
0 0.918519 0.301042 0.027778 0.014583
0 0.989815 0.696354 0.016667 0.023958
0 0.888889 0.378125 0.027778 0.014583
0 0.993519 0.725521 0.009259 0.020833
0 0.914815 0.394271 0.031481 0.014583
0 0.948148 0.670312 0.033333 0.017708
0 0.994444 0.571354 0.011111 0.026042
0 0.989815 0.776563 0.016667 0.029167
0 0.989815 0.772917 0.016667 0.017708
0 0.989815 0.248438 0.018519 0.011458
0 0.993519 0.274479 0.012963 0.017708
0 0.888889 0.506250 0.024074 0.013542
0 0.990741 0.733333 0.018519 0.023958
0 0.996296 0.706771 0.005556 0.014583
0 0.994444 0.534375 0.009259 0.022917
0 0.993519 0.704167 0.009259 0.015625
0 0.993519 0.776042 0.012963 0.016667
0 0.994444 0.622396 0.009259 0.017708
0 0.995370 0.702083 0.005556 0.012500
0 1.005556 0.446354 0.005556 0.003125
0 0.992593 0.626563 0.012963 0.023958
0 0.993519 0.784375 0.012963 0.019792
0 0.994444 0.629167 0.009259 0.020833
0 0.994444 0.640625 0.009259 0.015625
0 0.993519 0.703125 0.012963 0.017708
0 0.991667 0.566146 0.016667 0.032292
0 0.870370 0.478646 0.027778 0.016667
0 0.552778 0.404167 0.031481 0.017708
0 0.525000 0.420833 0.020370 0.011458
0 0.519444 0.435937 0.011111 0.006250
0 0.941667 0.530729 0.024074 0.013542
