0 0.613889 0.556250 0.022222 0.012500
0 0.792593 0.667708 0.037037 0.019792
0 0.066667 0.675000 0.037037 0.019792
0 0.638889 0.291146 0.024074 0.011458
0 0.077778 0.700000 0.035185 0.018750
0 0.732407 0.670833 0.031481 0.019792
0 0.354630 0.557813 0.025926 0.014583
0 0.123148 0.651563 0.025926 0.014583
0 0.119444 0.666667 0.038889 0.020833
0 1.006481 0.441667 0.029630 0.018750
0 0.704630 0.667708 0.031481 0.020833
0 0.423148 0.690625 0.029630 0.014583
0 0.116667 0.698958 0.031481 0.017708
0 0.138889 0.673438 0.031481 0.018750
0 1.001852 0.505208 0.050000 0.025000
0 0.622222 0.720313 0.033333 0.018750
0 0.992593 0.699479 0.014815 0.025000
0 0.705556 0.386458 0.042593 0.023958
0 0.996296 0.495833 0.007407 0.020833
0 0.733333 0.673438 0.040741 0.023958
0 0.657407 0.780208 0.031481 0.017708
0 0.993519 0.591667 0.012963 0.020833
0 0.894444 0.731250 0.046296 0.021875
0 0.995370 0.421875 0.005556 0.016667
0 1.003704 0.256771 0.027778 0.015625
0 0.703704 0.667188 0.031481 0.020833
0 0.613889 0.672396 0.035185 0.015625
0 0.947222 0.556250 0.025926 0.019792
0 0.353704 0.685417 0.029630 0.016667
0 0.964815 0.581250 0.025926 0.016667
0 0.990741 0.288021 0.024074 0.015625
0 0.993519 0.525000 0.011111 0.019792
0 0.712037 0.778646 0.025926 0.015625
0 0.874074 0.555729 0.042593 0.022917
0 0.371296 0.679688 0.020370 0.012500
0 0.976852 0.710938 0.025926 0.015625
0 0.263889 0.643750 0.031481 0.016667
0 0.990741 0.554688 0.016667 0.023958
0 0.247222 0.450521 0.025926 0.015625
0 0.930556 0.537500 0.022222 0.012500
0 0.800926 0.642188 0.033333 0.014583
0 0.984259 0.291667 0.022222 0.014583
0 0.267593 0.307292 0.018519 0.009375
0 0.609259 0.543750 0.027778 0.015625
0 0.991667 0.552604 0.033333 0.019792
0 1.000000 0.643229 0.027778 0.015625
0 0.990741 0.585417 0.016667 0.018750
0 0.579630 0.653125 0.025926 0.015625
0 0.995370 0.279167 0.031481 0.015625
0 0.627778 0.525521 0.042593 0.022917
0 0.528704 0.688021 0.040741 0.023958
0 0.992593 0.555208 0.011111 0.018750
0 0.926852 0.493750 0.046296 0.025000
0 0.987963 0.398438 0.020370 0.022917
0 0.693519 0.742188 0.031481 0.017708
0 0.969444 0.727604 0.035185 0.019792
0 0.999074 0.380729 0.031481 0.022917
0 0.739815 0.770833 0.025926 0.016667
0 0.878704 0.221875 0.042593 0.023958
0 0.995370 0.553125 0.007407 0.020833
0 0.937037 0.731250 0.033333 0.018750
0 0.632407 0.256771 0.031481 0.018750
0 0.285185 0.478646 0.025926 0.014583
0 0.947222 0.526042 0.033333 0.018750
0 0.398148 0.264583 0.031481 0.018750
0 0.499074 0.700000 0.038889 0.022917
0 0.619444 0.694271 0.031481 0.017708
0 0.588889 0.438542 0.037037 0.021875
0 0.325926 0.680208 0.024074 0.016667
0 0.515741 0.786979 0.040741 0.022917
0 0.677778 0.363021 0.042593 0.023958
0 0.420370 0.292187 0.025926 0.013542
0 0.984259 0.340104 0.029630 0.016667
0 0.995370 0.600521 0.007407 0.021875
0 0.987963 0.269271 0.022222 0.026042
0 0.617593 0.660937 0.035185 0.018750
0 0.987037 0.589063 0.025926 0.020833
0 0.221296 0.327604 0.035185 0.016667
0 0.298148 0.257292 0.018519 0.019792
0 0.463889 0.656250 0.040741 0.021875
0 -0.075926 0.337500 0.000000 0.000000
0 0.991667 0.592187 0.012963 0.019792
0 0.230556 0.348438 0.029630 0.015625
0 0.965741 0.492188 0.022222 0.012500
0 0.497222 0.700521 0.035185 0.020833
0 0.249074 0.364583 0.029630 0.015625
0 0.838889 0.583854 0.048148 0.026042
