0 0.080556 0.315104 0.025926 0.017708
0 0.257407 0.225521 0.029630 0.016667
0 0.251852 0.267708 0.027778 0.017708
0 0.069444 0.441667 0.033333 0.017708
0 0.056481 0.514583 0.016667 0.010417
0 0.750926 0.696354 0.029630 0.013542
0 0.009259 0.532813 0.018519 0.019792
0 0.099074 0.135937 0.025926 0.014583
0 0.037963 0.428646 0.037037 0.019792
0 0.044444 0.442708 0.038889 0.016667
0 0.035185 0.532813 0.033333 0.018750
0 0.104630 0.698438 0.027778 0.016667
0 0.104630 0.313542 0.031481 0.015625
0 0.087963 0.702083 0.031481 0.019792
0 0.089815 0.149479 0.025926 0.015625
0 0.021296 0.260937 0.031481 0.017708
0 0.804630 0.414062 0.024074 0.012500
0 0.015741 0.212500 0.031481 0.020833
0 0.737037 0.492188 0.027778 0.015625
0 0.453704 0.361979 0.031481 0.020833
0 0.100000 0.602604 0.031481 0.017708
0 0.124074 0.708854 0.035185 0.020833
0 0.107407 0.153125 0.022222 0.013542
0 0.082407 0.519792 0.024074 0.013542
0 0.087963 0.484375 0.035185 0.017708
0 0.144444 0.419271 0.048148 0.027083
0 0.134259 0.679688 0.037037 0.022917
0 0.103704 0.516667 0.024074 0.014583
0 0.160185 0.447396 0.050000 0.026042
0 0.182407 0.431771 0.046296 0.027083
0 0.192593 0.577604 0.014815 0.018750
0 0.244444 0.685417 0.031481 0.017708
0 0.223148 0.448958 0.046296 0.026042
0 0.245370 0.664583 0.033333 0.020833
0 0.200926 0.547396 0.029630 0.013542
0 0.269444 0.699479 0.035185 0.021875
0 0.283333 0.625000 0.033333 0.016667
0 0.242593 0.711458 0.027778 0.015625
0 0.615741 0.331771 0.025926 0.015625
0 0.245370 0.282292 0.031481 0.016667
0 0.267593 0.719271 0.035185 0.020833
0 0.404630 0.580729 0.018519 0.010417
0 0.645370 0.297917 0.037037 0.015625
0 0.335185 0.680729 0.027778 0.013542
0 0.984259 0.446875 0.014815 0.010417
0 0.410185 0.494792 0.029630 0.016667
0 0.828704 0.291667 0.025926 0.014583
0 0.407407 0.471875 0.031481 0.016667
0 0.996296 0.622396 0.024074 0.017708
0 0.618519 0.296354 0.031481 0.020833
0 0.624074 0.560937 0.022222 0.015625
0 0.786111 0.172917 0.011111 0.008333
0 0.805556 0.294271 0.024074 0.013542
0 0.540741 0.692187 0.022222 0.011458
0 0.638889 0.531250 0.025926 0.015625
0 0.638889 0.298438 0.035185 0.014583
0 0.679630 0.295833 0.031481 0.020833
0 0.775000 0.685417 0.029630 0.016667
0 0.678704 0.281771 0.024074 0.012500
0 0.866667 0.376563 0.016667 0.010417
0 0.620370 0.555729 0.016667 0.008333
0 0.796296 0.473958 0.024074 0.013542
0 0.706481 0.496354 0.029630 0.013542
0 0.747222 0.294271 0.024074 0.013542
0 0.699074 0.559896 0.024074 0.013542
0 0.745370 0.286979 0.022222 0.011458
0 0.738889 0.492708 0.027778 0.015625
0 0.747222 0.466667 0.020370 0.011458
0 0.697222 0.559375 0.025926 0.013542
0 0.749074 0.266146 0.024074 0.013542
0 0.743519 0.480729 0.020370 0.013542
0 0.697222 0.295312 0.022222 0.012500
0 0.996296 0.665104 0.007407 0.018750
0 0.782407 0.480729 0.024074 0.013542
0 0.715741 0.298958 0.020370 0.013542
0 0.770370 0.469792 0.024074 0.014583
0 0.713889 0.308854 0.022222 0.014583
0 0.804630 0.458854 0.018519 0.010417
0 0.806481 0.294271 0.022222 0.014583
0 0.928704 0.470313 0.029630 0.015625
0 0.853704 0.291146 0.024074 0.015625
0 0.988889 0.665104 0.020370 0.026042
0 0.988889 0.380729 0.022222 0.017708
0 0.997222 0.664583 0.003704 0.015625
0 0.995370 0.725000 0.005556 0.015625
0 0.993519 0.646354 0.007407 0.014583
0 0.995370 0.662500 0.007407 0.012500
0 0.992593 0.685937 0.011111 0.014583
0 0.997222 0.471875 0.003704 0.008333
