0 0.993519 0.785937 0.012963 0.019792
0 0.994444 0.649479 0.009259 0.019792
0 0.995370 0.650000 0.007407 0.013542
0 0.959259 0.710938 0.033333 0.017708
0 0.991667 0.536979 0.014815 0.030208
0 0.999074 0.677604 0.033333 0.014583
0 0.793519 0.476042 0.029630 0.016667
0 0.994444 0.353646 0.009259 0.022917
0 0.878704 0.288021 0.027778 0.015625
0 0.387963 0.309896 0.027778 0.013542
0 0.372222 0.473958 0.024074 0.012500
0 0.993519 0.778646 0.011111 0.027083
0 0.337963 0.325000 0.022222 0.013542
0 0.349074 0.485938 0.024074 0.012500
0 0.330556 0.315104 0.022222 0.013542
0 0.345370 0.496354 0.024074 0.013542
0 0.995370 0.665625 0.005556 0.017708
0 0.309259 0.310937 0.022222 0.014583
0 0.305556 0.495833 0.025926 0.015625
0 0.307407 0.284375 0.025926 0.015625
0 0.275926 0.504167 0.020370 0.014583
0 0.226852 0.575000 0.025926 0.014583
0 0.350926 0.303125 0.025926 0.014583
0 0.995370 0.668750 0.007407 0.021875
0 0.989815 0.537500 0.025926 0.011458
0 0.257407 0.508333 0.029630 0.016667
0 0.887963 0.531250 0.022222 0.010417
0 0.300000 0.482292 0.022222 0.010417
0 0.227778 0.575000 0.025926 0.014583
0 0.993519 0.685937 0.011111 0.015625
0 0.258333 0.509896 0.027778 0.017708
0 0.905556 0.541146 0.020370 0.012500
0 0.772222 0.697396 0.027778 0.017708
0 0.084259 0.319271 0.031481 0.018750
0 0.116667 0.314583 0.038889 0.020833
0 0.140741 0.705729 0.031481 0.017708
0 0.131481 0.300521 0.033333 0.017708
0 0.435185 0.394792 0.020370 0.013542
0 0.168519 0.563542 0.020370 0.011458
0 0.386111 0.490104 0.020370 0.012500
0 0.241667 0.511458 0.022222 0.014583
0 0.228704 0.566667 0.024074 0.010417
0 0.996296 0.393750 0.003704 0.014583
0 0.362037 0.311458 0.020370 0.013542
0 0.993519 0.629687 0.009259 0.018750
0 0.994444 0.707812 0.007407 0.015625
0 0.993519 0.429688 0.012963 0.023958
0 0.993519 0.622396 0.012963 0.022917
0 0.430556 0.487500 0.027778 0.015625
0 0.992593 0.786458 0.012963 0.017708
0 0.925926 0.704688 0.031481 0.017708
0 0.994444 0.519792 0.009259 0.023958
0 0.991667 0.706771 0.014815 0.020833
0 0.990741 0.725521 0.018519 0.023958
0 0.813889 0.503646 0.024074 0.013542
0 0.992593 0.272917 0.012963 0.017708
0 0.989815 0.234896 0.018519 0.010417
0 0.990741 0.764062 0.014815 0.008333
0 0.990741 0.764583 0.016667 0.018750
0 0.990741 0.752604 0.016667 0.027083
0 0.991667 0.553125 0.009259 0.017708
0 0.855556 0.667708 0.031481 0.016667
0 0.833333 0.390625 0.031481 0.014583
0 0.993519 0.721354 0.011111 0.020833
0 0.808333 0.375000 0.027778 0.014583
0 0.990741 0.690625 0.016667 0.022917
0 0.848148 0.298438 0.027778 0.015625
0 0.814815 0.355208 0.031481 0.016667
0 0.998148 0.717708 0.012963 0.018750
0 0.757407 0.721875 0.029630 0.018750
0 0.996296 0.728646 0.014815 0.025000
0 0.802778 0.689583 0.031481 0.017708
0 0.938889 0.580208 0.020370 0.011458
0 0.991667 0.690625 0.014815 0.029167
0 0.720370 0.722396 0.031481 0.018750
0 0.996296 0.322396 0.020370 0.010417
0 0.749074 0.696354 0.035185 0.020833
0 0.471296 0.390625 0.014815 0.009375
0 0.872222 0.527604 0.022222 0.012500
0 0.443519 0.430208 0.012963 0.007292
0 0.463889 0.416667 0.018519 0.009375
0 0.467593 0.398958 0.029630 0.018750
0 0.681481 0.674479 0.035185 0.018750
0 0.420370 0.308854 0.024074 0.014583
0 0.015741 0.351562 0.031481 0.016667
0 0.062037 0.706771 0.029630 0.013542
0 0.056481 0.550000 0.031481 0.017708
