0 0.993519 0.492708 0.009259 0.022917
0 0.873148 0.579167 0.020370 0.011458
0 0.731481 0.686979 0.031481 0.018750
0 0.997222 0.709896 0.016667 0.026042
0 0.688889 0.718750 0.027778 0.016667
0 0.944444 0.716667 0.031481 0.015625
0 0.763889 0.352604 0.031481 0.016667
0 0.803704 0.294792 0.027778 0.015625
0 0.991667 0.689063 0.016667 0.021875
0 0.994444 0.729167 0.011111 0.020833
0 0.782407 0.389062 0.029630 0.016667
0 0.792593 0.666146 0.031481 0.017708
0 0.994444 0.658854 0.009259 0.025000
0 0.993519 0.552083 0.011111 0.017708
0 0.990741 0.740104 0.014815 0.026042
0 0.989815 0.758333 0.018519 0.018750
0 0.990741 0.766667 0.014815 0.008333
0 0.989815 0.233854 0.020370 0.010417
0 0.992593 0.272917 0.012963 0.018750
0 0.764815 0.501042 0.025926 0.013542
0 0.990741 0.724479 0.016667 0.022917
0 0.991667 0.707292 0.014815 0.019792
0 0.860185 0.703646 0.029630 0.017708
0 0.992593 0.790104 0.014815 0.018750
0 0.994444 0.359375 0.009259 0.022917
0 0.994444 0.260937 0.009259 0.014583
0 0.993519 0.641667 0.009259 0.018750
0 0.994444 0.718229 0.009259 0.016667
0 0.993519 0.425521 0.012963 0.023958
0 0.995370 0.599479 0.009259 0.021875
0 0.992593 0.784896 0.011111 0.019792
0 0.994444 0.668750 0.009259 0.019792
0 0.995370 0.642708 0.007407 0.013542
0 0.895370 0.709896 0.033333 0.017708
0 0.991667 0.527604 0.014815 0.029167
0 0.998148 0.680208 0.033333 0.014583
0 0.742593 0.473438 0.027778 0.016667
0 0.758333 0.371875 0.027778 0.014583
0 0.322222 0.302083 0.020370 0.011458
0 0.177778 0.566146 0.029630 0.014583
0 0.310185 0.293750 0.024074 0.014583
0 0.995370 0.638021 0.007407 0.021875
0 0.990741 0.543750 0.024074 0.011458
0 0.064815 0.302604 0.037037 0.021875
0 0.206481 0.499479 0.029630 0.016667
0 0.838889 0.529167 0.018519 0.011458
0 0.251852 0.473958 0.020370 0.011458
0 0.178704 0.566146 0.029630 0.014583
0 0.993519 0.689583 0.011111 0.015625
0 0.208333 0.500521 0.031481 0.016667
0 0.290741 0.305729 0.022222 0.013542
0 0.228704 0.495833 0.020370 0.013542
0 0.264815 0.274479 0.024074 0.015625
0 0.259259 0.488021 0.025926 0.015625
0 0.269444 0.301563 0.024074 0.013542
0 0.984259 0.655729 0.029630 0.020833
0 0.298148 0.489063 0.025926 0.014583
0 0.314815 0.480729 0.025926 0.012500
0 0.298148 0.315625 0.022222 0.013542
0 0.994444 0.788542 0.011111 0.025000
0 0.326852 0.466667 0.025926 0.013542
0 0.345370 0.301042 0.027778 0.014583
0 0.833333 0.285417 0.027778 0.015625
0 0.378704 0.480729 0.025926 0.015625
0 0.378704 0.300521 0.024074 0.014583
0 0.616667 0.671354 0.033333 0.020833
0 0.418519 0.391146 0.029630 0.017708
0 0.423148 0.408854 0.020370 0.010417
0 0.393519 0.423438 0.014815 0.008333
0 0.823148 0.525521 0.022222 0.013542
0 0.421296 0.383333 0.016667 0.009375
0 0.677778 0.693750 0.037037 0.020833
0 0.995370 0.318750 0.020370 0.011458
0 0.991667 0.697917 0.014815 0.029167
0 0.652778 0.718750 0.031481 0.018750
0 0.008333 0.538542 0.016667 0.016667
0 0.855556 0.539062 0.018519 0.011458
0 0.701852 0.695833 0.025926 0.015625
0 0.032407 0.307292 0.033333 0.018750
0 0.073148 0.694792 0.031481 0.016667
0 0.082407 0.289062 0.035185 0.017708
0 0.391667 0.386979 0.022222 0.012500
0 0.115741 0.553646 0.020370 0.011458
0 0.341667 0.481771 0.020370 0.012500
0 0.191667 0.502604 0.022222 0.014583
0 0.175926 0.557813 0.022222 0.010417
0 0.986111 0.393750 0.024074 0.015625
