0 0.028704 0.488542 0.025926 0.014583
0 0.650000 0.518229 0.020370 0.011458
0 0.050000 0.466146 0.024074 0.011458
0 0.002778 0.560937 0.005556 0.014583
0 0.865741 0.691146 0.029630 0.015625
0 0.012963 0.496354 0.024074 0.014583
0 0.994444 0.381250 0.009259 0.022917
0 0.055556 0.261979 0.025926 0.014583
0 0.060185 0.480729 0.025926 0.014583
0 0.075926 0.290625 0.025926 0.014583
0 0.759259 0.639583 0.038889 0.019792
0 0.100000 0.480729 0.025926 0.013542
0 0.098148 0.294271 0.024074 0.014583
0 0.117593 0.472917 0.025926 0.012500
0 0.108333 0.305208 0.022222 0.014583
0 0.859259 0.794271 0.038889 0.025000
0 0.137037 0.459375 0.025926 0.010417
0 0.139815 0.291146 0.029630 0.015625
0 0.620370 0.275521 0.027778 0.015625
0 0.165741 0.471875 0.035185 0.015625
0 0.175926 0.289583 0.024074 0.014583
0 0.390741 0.660417 0.029630 0.017708
0 0.197222 0.381771 0.033333 0.019792
0 0.237037 0.400000 0.020370 0.010417
0 0.184259 0.413542 0.022222 0.012500
0 0.631481 0.514062 0.024074 0.013542
0 0.207407 0.377083 0.020370 0.012500
0 0.437037 0.680208 0.035185 0.020833
0 0.883333 0.288021 0.024074 0.012500
0 0.425000 0.706250 0.031481 0.018750
0 0.992593 0.685417 0.014815 0.027083
0 0.657407 0.568229 0.024074 0.014583
0 0.492593 0.657813 0.022222 0.011458
0 0.488889 0.672396 0.033333 0.018750
0 0.997222 0.662500 0.014815 0.023958
0 0.461111 0.705208 0.029630 0.017708
0 0.487037 0.681771 0.022222 0.012500
0 0.992593 0.563021 0.016667 0.010417
0 1.022222 0.647396 0.062963 0.035417
0 0.727778 0.699479 0.027778 0.014583
0 0.541667 0.341667 0.031481 0.016667
0 0.597222 0.284896 0.025926 0.015625
0 0.862963 0.662500 0.046296 0.022917
0 0.543519 0.361979 0.031481 0.015625
0 0.898148 0.706250 0.040741 0.025000
0 0.562963 0.378125 0.029630 0.015625
0 0.577778 0.652083 0.029630 0.017708
0 0.994444 0.619792 0.009259 0.025000
0 0.996296 0.531250 0.012963 0.021875
0 0.936111 0.694792 0.053704 0.025000
0 0.992593 0.535937 0.011111 0.022917
0 0.989815 0.756771 0.018519 0.019792
0 0.994444 0.680208 0.009259 0.013542
0 0.991667 0.768229 0.016667 0.008333
0 0.994444 0.225521 0.009259 0.018750
0 0.995370 0.494792 0.007407 0.021875
0 0.990741 0.734375 0.014815 0.014583
0 0.913889 0.271354 0.033333 0.019792
0 0.563889 0.489583 0.024074 0.013542
0 0.998148 0.527604 0.024074 0.017708
0 0.898148 0.705729 0.038889 0.022917
0 0.987963 0.701562 0.024074 0.016667
0 0.982407 0.446354 0.035185 0.020833
0 0.642593 0.688542 0.027778 0.016667
0 0.836111 0.782292 0.033333 0.018750
0 0.989815 0.521875 0.016667 0.027083
0 0.537963 0.461979 0.027778 0.015625
0 0.994444 0.654167 0.031481 0.014583
0 0.986111 0.658333 0.022222 0.015625
0 0.999074 0.684896 0.035185 0.014583
0 0.996296 0.530729 0.011111 0.021875
0 0.995370 0.787500 0.029630 0.017708
0 1.012963 0.321354 0.055556 0.033333
0 0.674074 0.693229 0.033333 0.017708
0 1.014815 0.439063 0.053704 0.040625
0 0.996296 0.679167 0.011111 0.019792
0 0.992593 0.673958 0.012963 0.021875
0 0.992593 0.750000 0.012963 0.023958
0 0.994444 0.785937 0.011111 0.016667
0 0.994444 0.667188 0.007407 0.019792
0 0.996296 0.435937 0.003704 0.015625
0 0.992593 0.413542 0.011111 0.022917
0 0.992593 0.548438 0.012963 0.023958
0 0.985185 0.728646 0.029630 0.018750
0 1.012037 0.509896 0.100000 0.048958
0 0.994444 0.662500 0.011111 0.020833
0 0.994444 0.259896 0.009259 0.015625
