0 0.083333 0.677083 0.029630 0.016667
0 0.659259 0.694792 0.029630 0.014583
0 0.114815 0.645833 0.037037 0.017708
0 0.211111 0.361979 0.025926 0.012500
0 0.836111 0.533333 0.031481 0.017708
0 0.489815 0.540625 0.040741 0.022917
0 0.412037 0.763021 0.029630 0.016667
0 0.757407 0.513021 0.037037 0.020833
0 0.690741 0.277083 0.031481 0.017708
0 0.637037 0.567708 0.029630 0.015625
0 0.634259 0.544271 0.031481 0.016667
0 0.400926 0.444271 0.031481 0.018750
0 0.227778 0.639583 0.031481 0.016667
0 0.807407 0.562500 0.027778 0.018750
0 0.702778 0.628646 0.024074 0.013542
0 0.796296 0.552083 0.027778 0.015625
0 0.062037 0.268229 0.027778 0.012500
0 0.676852 0.283854 0.024074 0.015625
0 0.437963 0.627083 0.027778 0.016667
0 0.624074 0.522917 0.029630 0.017708
0 0.598148 0.545312 0.027778 0.017708
0 0.005556 0.447396 0.009259 0.013542
0 0.785185 0.346354 0.027778 0.013542
0 0.777778 0.529167 0.035185 0.020833
0 0.237963 0.363542 0.024074 0.009375
0 0.303704 0.540625 0.018519 0.012500
0 0.433333 0.210938 0.024074 0.013542
0 0.589815 0.714063 0.033333 0.020833
0 0.668519 0.535417 0.044444 0.025000
0 0.493519 0.212500 0.037037 0.023958
0 0.439815 0.756250 0.027778 0.016667
0 0.807407 0.377083 0.029630 0.019792
0 0.622222 0.709896 0.035185 0.020833
0 0.384259 0.728646 0.029630 0.016667
0 0.777778 0.372396 0.044444 0.023958
0 0.518519 0.478125 0.042593 0.026042
0 0.812037 0.520833 0.035185 0.018750
0 0.179630 0.676042 0.042593 0.025000
0 0.285185 0.514062 0.040741 0.021875
0 0.634259 0.267188 0.029630 0.019792
0 0.481481 0.569271 0.048148 0.027083
0 0.007407 0.637500 0.014815 0.018750
0 0.003704 0.360417 0.007407 0.017708
0 0.149074 0.688021 0.037037 0.019792
0 0.298148 0.681771 0.029630 0.016667
0 0.309259 0.708333 0.031481 0.018750
0 0.664815 0.680729 0.042593 0.023958
0 0.301852 0.376042 0.044444 0.021875
0 0.684259 0.495833 0.037037 0.020833
0 0.394444 0.659896 0.033333 0.020833
0 0.815741 0.566667 0.038889 0.016667
0 0.354630 0.766667 0.031481 0.017708
0 0.837963 0.553646 0.031481 0.018750
0 0.536111 0.714583 0.040741 0.019792
0 0.753704 0.425521 0.042593 0.025000
0 0.618519 0.244271 0.033333 0.017708
0 0.268519 0.647917 0.038889 0.019792
0 0.612037 0.258333 0.040741 0.025000
0 0.775000 0.570312 0.033333 0.019792
0 0.811111 0.333333 0.025926 0.015625
0 0.087963 0.285938 0.031481 0.015625
0 0.266667 0.352604 0.038889 0.022917
0 0.222222 0.773438 0.044444 0.025000
0 0.058333 0.672396 0.027778 0.014583
0 0.686111 0.481250 0.022222 0.011458
0 0.231481 0.428646 0.040741 0.020833
0 0.055556 0.256250 0.027778 0.013542
0 0.700000 0.269271 0.020370 0.014583
0 0.645370 0.513021 0.035185 0.018750
0 0.598148 0.277604 0.020370 0.013542
0 0.046296 0.473958 0.025926 0.013542
0 0.373148 0.252083 0.029630 0.019792
0 0.836111 0.504167 0.035185 0.019792
0 0.370370 0.656250 0.033333 0.017708
0 0.271296 0.658854 0.033333 0.014583
