0 0.047222 0.546875 0.031481 0.017708
0 0.996296 0.653125 0.005556 0.017708
0 0.301852 0.309896 0.024074 0.014583
0 0.296296 0.494792 0.024074 0.014583
0 0.298148 0.283333 0.025926 0.016667
0 0.266667 0.503125 0.020370 0.013542
0 0.248148 0.507812 0.029630 0.017708
0 0.993519 0.692187 0.011111 0.015625
0 0.218519 0.572917 0.025926 0.014583
0 0.289815 0.480729 0.022222 0.011458
0 0.876852 0.533333 0.020370 0.010417
0 0.247222 0.506771 0.029630 0.016667
0 0.996296 0.539583 0.024074 0.012500
0 0.995370 0.664062 0.007407 0.021875
0 0.342593 0.302083 0.025926 0.014583
0 0.218519 0.572917 0.025926 0.014583
0 0.354630 0.310417 0.020370 0.013542
0 0.996296 0.391667 0.003704 0.014583
0 0.217593 0.564583 0.024074 0.010417
0 0.231481 0.509375 0.020370 0.013542
0 0.376852 0.488542 0.020370 0.012500
0 0.158333 0.561458 0.018519 0.011458
0 0.425926 0.393750 0.022222 0.012500
0 0.122222 0.298958 0.033333 0.017708
0 0.127778 0.702083 0.031481 0.016667
0 0.107407 0.312500 0.038889 0.019792
0 0.075926 0.317708 0.033333 0.018750
0 0.753704 0.700000 0.027778 0.017708
0 0.894444 0.543229 0.020370 0.011458
0 0.052778 0.702604 0.031481 0.013542
0 0.011111 0.349479 0.022222 0.016667
0 0.991667 0.536979 0.014815 0.029167
0 0.781481 0.477083 0.027778 0.016667
0 1.000000 0.683854 0.033333 0.014583
0 0.945370 0.714583 0.035185 0.018750
0 0.994444 0.656250 0.007407 0.013542
0 0.994444 0.654167 0.009259 0.019792
0 0.993519 0.783333 0.012963 0.019792
0 0.993519 0.620833 0.012963 0.021875
0 0.993519 0.433854 0.012963 0.023958
0 0.995370 0.711979 0.009259 0.015625
0 0.994444 0.635938 0.011111 0.018750
0 0.994444 0.357292 0.009259 0.022917
0 0.992593 0.786458 0.014815 0.017708
0 0.912037 0.708333 0.031481 0.017708
0 0.994444 0.513021 0.009259 0.022917
0 0.991667 0.709375 0.014815 0.020833
0 0.991667 0.727083 0.016667 0.023958
0 0.802778 0.505208 0.024074 0.013542
0 0.992593 0.272917 0.012963 0.017708
0 0.989815 0.234375 0.020370 0.010417
0 0.990741 0.765104 0.014815 0.008333
0 0.990741 0.766146 0.018519 0.017708
0 0.990741 0.747396 0.016667 0.027083
0 0.993519 0.552083 0.009259 0.017708
0 0.994444 0.659896 0.009259 0.025000
0 0.840741 0.670312 0.031481 0.017708
0 0.820370 0.391667 0.029630 0.014583
0 0.993519 0.727083 0.011111 0.021875
0 0.796296 0.376563 0.027778 0.016667
0 0.989815 0.695312 0.016667 0.021875
0 0.837037 0.298958 0.027778 0.015625
0 0.800926 0.356250 0.031481 0.017708
0 0.989815 0.721354 0.020370 0.016667
0 0.740741 0.723958 0.029630 0.018750
0 0.997222 0.721354 0.016667 0.026042
0 0.785185 0.691667 0.033333 0.017708
0 0.922222 0.582292 0.020370 0.011458
0 0.991667 0.692187 0.014815 0.029167
0 0.703704 0.724479 0.031481 0.018750
0 0.995370 0.321354 0.020370 0.010417
0 0.730556 0.698958 0.035185 0.021875
0 0.460185 0.390625 0.016667 0.009375
0 0.861111 0.529687 0.022222 0.013542
0 0.432407 0.429167 0.012963 0.007292
0 0.455556 0.415625 0.020370 0.011458
0 0.456481 0.397917 0.031481 0.018750
0 0.665741 0.676042 0.035185 0.019792
0 0.411111 0.307812 0.024074 0.014583
0 0.419444 0.486458 0.025926 0.015625
0 0.867593 0.289062 0.025926 0.016667
0 0.378704 0.308854 0.027778 0.013542
0 0.362963 0.473438 0.024074 0.012500
0 0.994444 0.783854 0.011111 0.026042
0 0.329630 0.323958 0.020370 0.012500
0 0.339815 0.484896 0.024074 0.012500
0 0.323148 0.314063 0.022222 0.013542
0 0.335185 0.495312 0.024074 0.013542
