0 0.002778 0.363021 0.007407 0.013542
0 0.011111 0.639062 0.022222 0.016667
0 0.486111 0.574479 0.048148 0.026042
0 0.650000 0.271354 0.031481 0.020833
0 0.292593 0.518229 0.040741 0.022917
0 0.181481 0.680208 0.042593 0.025000
0 0.823148 0.528646 0.035185 0.019792
0 0.090741 0.679688 0.029630 0.016667
0 0.644444 0.550521 0.029630 0.017708
0 0.275926 0.664062 0.033333 0.014583
0 0.373148 0.661458 0.033333 0.018750
0 0.632407 0.248958 0.037037 0.017708
0 0.764815 0.431771 0.042593 0.023958
0 0.539815 0.721875 0.042593 0.019792
0 0.850926 0.562500 0.031481 0.018750
0 0.718519 0.273438 0.022222 0.014583
0 0.611111 0.281771 0.020370 0.013542
0 0.060185 0.476042 0.025926 0.014583
0 0.389815 0.256250 0.031481 0.019792
0 0.594444 0.722396 0.033333 0.020833
0 0.677778 0.542188 0.046296 0.025000
0 0.507407 0.216667 0.038889 0.023958
0 0.444444 0.762500 0.025926 0.016667
0 0.822222 0.383854 0.031481 0.020833
0 0.627778 0.717708 0.037037 0.020833
0 0.388889 0.734375 0.031481 0.016667
0 0.788889 0.378125 0.042593 0.022917
0 0.525000 0.483333 0.044444 0.025000
0 0.225000 0.777604 0.044444 0.027083
0 0.065741 0.675000 0.025926 0.013542
0 0.697222 0.487500 0.024074 0.012500
0 0.238889 0.432812 0.038889 0.022917
0 0.300926 0.685937 0.029630 0.016667
0 0.147222 0.691146 0.029630 0.021875
0 0.074074 0.258854 0.025926 0.014583
0 0.654630 0.518750 0.027778 0.017708
0 0.788889 0.536458 0.037037 0.019792
0 0.800926 0.352083 0.027778 0.013542
0 0.013889 0.448958 0.025926 0.013542
0 0.608333 0.551042 0.027778 0.017708
0 0.636111 0.529687 0.031481 0.019792
0 0.442593 0.632292 0.031481 0.017708
0 0.695370 0.288021 0.024074 0.014583
0 0.080556 0.270833 0.027778 0.013542
0 0.410185 0.447917 0.033333 0.019792
0 0.313889 0.544271 0.020370 0.012500
0 0.250926 0.366667 0.024074 0.009375
0 0.449074 0.215625 0.024074 0.013542
0 0.808333 0.559896 0.027778 0.016667
0 0.712963 0.636458 0.022222 0.013542
0 0.820370 0.570312 0.027778 0.017708
0 0.231481 0.643750 0.031481 0.017708
0 0.668519 0.703646 0.031481 0.014583
0 0.116667 0.649479 0.037037 0.018750
0 0.224074 0.365625 0.025926 0.012500
0 0.850000 0.541667 0.029630 0.017708
0 0.494444 0.545833 0.040741 0.022917
0 0.416667 0.769792 0.027778 0.016667
0 0.768519 0.519792 0.038889 0.020833
0 0.708333 0.281250 0.029630 0.017708
0 0.648148 0.574479 0.025926 0.015625
0 0.356481 0.772917 0.029630 0.018750
0 0.394444 0.665104 0.037037 0.020833
0 0.693519 0.502083 0.037037 0.021875
0 0.310185 0.379167 0.040741 0.020833
0 0.671296 0.690104 0.042593 0.025000
0 0.312963 0.713021 0.029630 0.017708
0 0.848148 0.511979 0.033333 0.019792
0 0.829630 0.576042 0.037037 0.019792
0 0.271296 0.652604 0.037037 0.019792
0 0.625926 0.262500 0.042593 0.026042
0 0.787037 0.578125 0.035185 0.018750
0 0.830556 0.339583 0.025926 0.015625
0 0.106481 0.289583 0.031481 0.016667
0 0.274074 0.355729 0.038889 0.022917
