0 0.684259 0.272917 0.038889 0.026042
0 0.871296 0.393229 0.027778 0.017708
0 0.477778 0.765625 0.025926 0.015625
0 0.569444 0.226042 0.038889 0.022917
0 0.723148 0.549479 0.044444 0.025000
0 0.633333 0.727604 0.033333 0.018750
0 0.437963 0.260937 0.027778 0.018750
0 0.098148 0.476562 0.024074 0.014583
0 0.669444 0.291667 0.020370 0.013542
0 0.695370 0.526042 0.033333 0.019792
0 0.763889 0.284375 0.020370 0.014583
0 0.124074 0.261979 0.027778 0.014583
0 0.192593 0.691667 0.031481 0.019792
0 0.340741 0.688021 0.029630 0.016667
0 0.294444 0.435937 0.038889 0.019792
0 0.745370 0.495833 0.022222 0.011458
0 0.100000 0.675000 0.025926 0.014583
0 0.258333 0.779167 0.044444 0.025000
0 0.339815 0.362500 0.040741 0.022917
0 0.154630 0.292187 0.031481 0.016667
0 0.871296 0.348958 0.025926 0.014583
0 0.825000 0.585938 0.033333 0.018750
0 0.449074 0.771875 0.027778 0.016667
0 0.547222 0.552083 0.038889 0.022917
0 0.889815 0.550521 0.031481 0.017708
0 0.274074 0.368750 0.025926 0.012500
0 0.163889 0.648958 0.037037 0.018750
0 0.348148 0.676562 0.027778 0.013542
0 0.698148 0.708333 0.029630 0.015625
0 0.275000 0.645312 0.027778 0.016667
0 0.858333 0.580208 0.029630 0.017708
0 0.744444 0.643229 0.024074 0.013542
0 0.847222 0.568229 0.027778 0.015625
0 0.501852 0.221354 0.024074 0.012500
0 0.296296 0.369792 0.024074 0.009375
0 0.351852 0.546875 0.018519 0.011458
0 0.461111 0.453646 0.035185 0.020833
0 0.129630 0.273958 0.022222 0.011458
0 0.739815 0.297917 0.025926 0.015625
0 0.487963 0.636979 0.025926 0.015625
0 0.675926 0.535417 0.031481 0.017708
0 0.649074 0.557813 0.027778 0.017708
0 0.053704 0.448958 0.025926 0.014583
0 0.848148 0.362500 0.027778 0.013542
0 0.833333 0.545312 0.037037 0.019792
0 0.316667 0.654167 0.037037 0.019792
0 0.864815 0.582812 0.038889 0.017708
0 0.892593 0.521354 0.033333 0.019792
0 0.350926 0.715104 0.031481 0.018750
0 0.708333 0.695833 0.040741 0.022917
0 0.372222 0.385937 0.040741 0.021875
0 0.743519 0.510938 0.035185 0.020833
0 0.439815 0.669271 0.033333 0.019792
0 0.390741 0.775000 0.029630 0.017708
0 0.889815 0.570833 0.031481 0.018750
0 0.580556 0.726562 0.042593 0.019792
0 0.818519 0.442188 0.042593 0.025000
0 0.691667 0.258854 0.029630 0.016667
0 0.417593 0.664583 0.033333 0.017708
0 0.317593 0.665625 0.033333 0.015625
0 0.683333 0.557292 0.031481 0.017708
0 0.125000 0.679167 0.029630 0.016667
0 0.689815 0.581250 0.029630 0.015625
0 0.753704 0.292187 0.031481 0.017708
0 0.813889 0.529167 0.035185 0.020833
0 0.868519 0.584896 0.035185 0.018750
0 0.012037 0.327604 0.024074 0.017708
0 0.706481 0.503646 0.033333 0.016667
0 0.194444 0.690625 0.031481 0.022917
0 0.038889 0.364583 0.029630 0.015625
0 0.043519 0.638021 0.031481 0.017708
0 0.533333 0.579688 0.050000 0.026042
0 0.698148 0.281771 0.031481 0.019792
0 0.340741 0.521354 0.040741 0.021875
0 0.226852 0.680208 0.040741 0.023958
0 0.867593 0.538021 0.035185 0.018750
0 0.581481 0.490625 0.042593 0.025000
0 0.846296 0.389583 0.040741 0.021875
0 0.424074 0.737500 0.029630 0.017708
0 0.666667 0.723437 0.035185 0.019792
