0 0.364815 0.308333 0.022222 0.013542
0 0.473148 0.397396 0.031481 0.018750
0 0.691667 0.673438 0.035185 0.019792
0 0.423148 0.306250 0.024074 0.015625
0 0.437963 0.485938 0.027778 0.015625
0 0.881481 0.285938 0.027778 0.015625
0 0.389815 0.307812 0.027778 0.014583
0 0.377778 0.472917 0.024074 0.013542
0 0.993519 0.773438 0.012963 0.028125
0 0.339815 0.322396 0.020370 0.014583
0 0.353704 0.484375 0.024074 0.012500
0 0.332407 0.311979 0.022222 0.013542
0 0.350926 0.494792 0.024074 0.013542
0 0.996296 0.667708 0.005556 0.017708
0 0.311111 0.308333 0.022222 0.013542
0 0.311111 0.494792 0.025926 0.015625
0 0.309259 0.281250 0.025926 0.016667
0 0.281481 0.503125 0.020370 0.012500
0 0.264815 0.508333 0.027778 0.018750
0 0.993519 0.687500 0.011111 0.015625
0 0.236111 0.573958 0.027778 0.014583
0 0.304630 0.481250 0.022222 0.011458
0 0.892593 0.529687 0.024074 0.010417
0 0.263889 0.506771 0.029630 0.016667
0 0.994444 0.536979 0.025926 0.012500
0 0.995370 0.671354 0.007407 0.021875
0 0.351852 0.301042 0.027778 0.016667
0 0.235185 0.573438 0.025926 0.014583
0 0.996296 0.395833 0.003704 0.014583
0 0.237037 0.565625 0.024074 0.010417
0 0.248148 0.509896 0.020370 0.014583
0 0.390741 0.488021 0.020370 0.011458
0 0.175926 0.561979 0.020370 0.011458
0 0.439815 0.392708 0.020370 0.013542
0 0.137037 0.297917 0.035185 0.016667
0 0.153704 0.704688 0.029630 0.017708
0 0.121296 0.311979 0.040741 0.020833
0 0.087963 0.316667 0.033333 0.018750
0 0.783333 0.696875 0.027778 0.017708
0 0.910185 0.539583 0.020370 0.012500
0 0.065741 0.548438 0.031481 0.017708
0 0.073148 0.705208 0.025926 0.012500
0 0.017593 0.349479 0.033333 0.016667
0 0.890741 0.315104 0.027778 0.015625
0 0.992593 0.786979 0.011111 0.019792
0 0.798148 0.473958 0.027778 0.016667
0 1.000000 0.675000 0.033333 0.014583
0 0.992593 0.537500 0.014815 0.030208
0 0.968519 0.708854 0.033333 0.018750
0 0.995370 0.650000 0.007407 0.013542
0 0.995370 0.644792 0.009259 0.019792
0 0.993519 0.619792 0.012963 0.022917
0 0.992593 0.429167 0.012963 0.023958
0 0.994444 0.705208 0.007407 0.014583
0 0.994444 0.629167 0.009259 0.018750
0 0.994444 0.349479 0.009259 0.021875
0 0.992593 0.786979 0.012963 0.016667
0 0.935185 0.703646 0.031481 0.017708
0 0.994444 0.521875 0.009259 0.022917
0 0.991667 0.707812 0.014815 0.020833
0 0.990741 0.725521 0.016667 0.023958
0 0.819444 0.502083 0.024074 0.013542
0 0.992593 0.272917 0.011111 0.017708
0 0.989815 0.232813 0.018519 0.010417
0 0.990741 0.763021 0.014815 0.008333
0 0.990741 0.763542 0.018519 0.017708
0 0.990741 0.750521 0.016667 0.027083
0 0.993519 0.555208 0.009259 0.017708
0 0.862963 0.666667 0.031481 0.017708
0 0.837963 0.389583 0.031481 0.015625
0 0.993519 0.720313 0.011111 0.021875
0 0.812963 0.373437 0.027778 0.015625
0 0.990741 0.684375 0.018519 0.022917
0 0.850926 0.295833 0.027778 0.015625
0 0.818519 0.353646 0.031481 0.017708
0 0.992593 0.721875 0.012963 0.017708
0 0.767593 0.720833 0.029630 0.018750
0 0.997222 0.730208 0.014815 0.026042
0 0.813889 0.688542 0.033333 0.017708
0 0.948148 0.578125 0.022222 0.011458
0 0.992593 0.686979 0.016667 0.030208
0 0.731481 0.721354 0.031481 0.018750
0 0.996296 0.321354 0.020370 0.010417
0 0.761111 0.695312 0.037037 0.020833
0 0.482407 0.390625 0.016667 0.009375
0 0.875926 0.526563 0.022222 0.013542
0 0.450000 0.428646 0.012963 0.007292
0 0.467593 0.414062 0.018519 0.010417
