0 0.440741 0.316667 0.020370 0.013542
0 0.955556 0.320312 0.031481 0.016667
0 0.088889 0.359375 0.031481 0.016667
0 0.162037 0.713542 0.022222 0.013542
0 0.139815 0.556250 0.029630 0.016667
0 0.968519 0.543229 0.022222 0.011458
0 0.873148 0.701042 0.027778 0.016667
0 0.162037 0.326042 0.031481 0.017708
0 0.195370 0.321354 0.040741 0.020833
0 0.240741 0.712500 0.029630 0.017708
0 0.209259 0.307292 0.031481 0.015625
0 0.490741 0.400000 0.020370 0.012500
0 0.267593 0.575000 0.024074 0.013542
0 0.446296 0.494271 0.020370 0.012500
0 0.310185 0.517708 0.020370 0.013542
0 0.301852 0.572396 0.024074 0.010417
0 0.996296 0.410938 0.003704 0.014583
0 0.417593 0.316146 0.022222 0.013542
0 0.298148 0.581250 0.031481 0.015625
0 0.403704 0.308333 0.025926 0.015625
0 0.995370 0.680208 0.007407 0.022917
0 0.994444 0.560417 0.025926 0.012500
0 0.329630 0.515104 0.027778 0.017708
0 0.948148 0.532813 0.020370 0.012500
0 0.364815 0.488021 0.022222 0.012500
0 0.997222 0.744271 0.016667 0.026042
0 0.903704 0.692708 0.033333 0.018750
0 0.995370 0.564063 0.020370 0.011458
0 0.815741 0.726042 0.031481 0.018750
0 0.996296 0.325521 0.020370 0.010417
0 0.850926 0.700521 0.035185 0.019792
0 0.550000 0.395833 0.014815 0.008333
0 0.935185 0.530208 0.025926 0.013542
0 0.511111 0.435417 0.011111 0.006250
0 0.518519 0.419792 0.020370 0.010417
0 0.544444 0.403646 0.029630 0.017708
0 0.771296 0.678125 0.033333 0.019792
0 0.481481 0.314063 0.024074 0.015625
0 0.503704 0.492708 0.027778 0.015625
0 0.945370 0.291146 0.027778 0.016667
0 0.450000 0.314583 0.025926 0.013542
0 0.436111 0.479167 0.024074 0.012500
0 0.992593 0.765104 0.012963 0.032292
0 0.390741 0.329688 0.020370 0.014583
0 0.411111 0.491146 0.025926 0.011458
0 0.384259 0.320312 0.020370 0.013542
0 0.409259 0.501563 0.024074 0.013542
0 0.996296 0.678125 0.005556 0.017708
0 0.362963 0.316146 0.025926 0.015625
0 0.369444 0.502083 0.024074 0.015625
0 0.367593 0.290104 0.024074 0.016667
0 0.340741 0.509896 0.018519 0.013542
0 0.327778 0.515104 0.027778 0.017708
0 0.993519 0.679167 0.011111 0.015625
0 0.299074 0.581250 0.025926 0.014583
0 0.994444 0.629687 0.009259 0.020833
0 0.994444 0.639062 0.009259 0.015625
0 0.850926 0.725521 0.027778 0.017708
0 0.992593 0.561979 0.016667 0.032292
0 0.991667 0.722917 0.012963 0.018750
0 0.888889 0.358854 0.031481 0.016667
0 0.912963 0.300521 0.027778 0.013542
0 0.990741 0.696875 0.018519 0.023958
0 0.881481 0.378125 0.027778 0.014583
0 0.994444 0.719792 0.011111 0.020833
0 0.906481 0.394271 0.031481 0.015625
0 0.938889 0.670312 0.031481 0.017708
0 0.994444 0.566146 0.011111 0.025000
0 0.989815 0.774479 0.016667 0.028125
0 0.989815 0.769792 0.016667 0.017708
0 0.989815 0.247396 0.018519 0.010417
0 0.992593 0.274479 0.011111 0.016667
0 0.882407 0.506250 0.025926 0.014583
0 0.990741 0.736458 0.016667 0.023958
0 0.992593 0.702604 0.011111 0.016667
0 0.862037 0.478125 0.027778 0.016667
0 0.996296 0.703646 0.005556 0.014583
0 0.994444 0.538542 0.009259 0.023958
0 0.994444 0.708854 0.009259 0.014583
0 0.992593 0.776563 0.012963 0.016667
0 0.994444 0.621875 0.009259 0.017708
0 0.995370 0.702083 0.005556 0.012500
0 1.003704 0.450000 0.009259 0.006250
0 0.992593 0.629687 0.012963 0.023958
0 0.993519 0.783854 0.012963 0.020833
