0 0.124074 0.671354 0.035185 0.019792
0 0.666667 0.285417 0.022222 0.012500
0 0.014815 0.384375 0.016667 0.013542
0 0.950000 0.722917 0.044444 0.022917
0 0.996296 0.416146 0.005556 0.015625
0 1.003704 0.260937 0.027778 0.014583
0 0.756481 0.660417 0.035185 0.020833
0 0.669444 0.664583 0.035185 0.016667
0 1.002778 0.546875 0.025926 0.018750
0 0.993519 0.517708 0.011111 0.018750
0 0.762037 0.770833 0.024074 0.014583
0 0.930556 0.548438 0.040741 0.023958
0 0.418519 0.675000 0.020370 0.013542
0 1.001852 0.696875 0.027778 0.016667
0 0.637963 0.646875 0.024074 0.015625
0 0.990741 0.577604 0.016667 0.018750
0 0.992593 0.545312 0.033333 0.018750
0 0.660185 0.538021 0.027778 0.015625
0 0.312037 0.305729 0.018519 0.009375
0 1.003704 0.289583 0.022222 0.014583
0 0.856481 0.634375 0.033333 0.015625
0 0.287963 0.447917 0.027778 0.015625
0 0.990741 0.544792 0.016667 0.026042
0 0.400926 0.680208 0.029630 0.015625
0 1.006481 0.572396 0.027778 0.017708
0 0.988889 0.278646 0.024074 0.015625
0 0.986111 0.588542 0.025926 0.020833
0 1.001852 0.504167 0.053704 0.026042
0 0.673148 0.714063 0.031481 0.019792
0 0.992593 0.688542 0.011111 0.020833
0 0.765741 0.381250 0.044444 0.023958
0 0.996296 0.487500 0.007407 0.018750
0 0.787963 0.665104 0.038889 0.023958
0 0.709259 0.772917 0.031481 0.018750
0 0.993519 0.595313 0.012963 0.020833
0 0.981481 0.486979 0.037037 0.026042
0 0.992593 0.551562 0.011111 0.018750
0 0.587037 0.681771 0.040741 0.022917
0 0.680556 0.519271 0.042593 0.021875
0 0.986111 0.270833 0.031481 0.015625
0 0.892593 0.576042 0.048148 0.026042
0 0.311111 0.640104 0.029630 0.016667
0 0.291667 0.362500 0.029630 0.016667
0 0.557407 0.694792 0.035185 0.020833
0 0.987963 0.484896 0.020370 0.012500
0 0.275000 0.347396 0.035185 0.016667
0 0.991667 0.588542 0.014815 0.019792
0 0.000000 0.000000 0.000000 0.000000
0 0.521296 0.650521 0.040741 0.022917
0 0.362037 0.255729 0.018519 0.019792
0 0.265741 0.326562 0.035185 0.017708
0 0.467593 0.685937 0.025926 0.014583
0 0.850926 0.659375 0.037037 0.018750
0 0.657407 0.549479 0.022222 0.012500
0 0.189815 0.670312 0.031481 0.017708
0 0.169444 0.694792 0.029630 0.017708
0 0.759259 0.660417 0.031481 0.020833
0 0.987963 0.453125 0.027778 0.017708
0 0.176852 0.663021 0.038889 0.020833
0 0.177778 0.647396 0.024074 0.013542
0 0.397222 0.554167 0.024074 0.013542
0 0.788889 0.665625 0.040741 0.023958
0 0.131481 0.696354 0.033333 0.019792
0 0.744444 0.734896 0.031481 0.017708
0 0.674074 0.654167 0.037037 0.019792
0 0.992593 0.266667 0.012963 0.022917
0 0.995370 0.598437 0.007407 0.021875
0 0.986111 0.334896 0.029630 0.017708
0 0.470370 0.293229 0.025926 0.013542
0 0.737037 0.358333 0.042593 0.026042
0 0.567593 0.780729 0.037037 0.021875
0 0.373148 0.675521 0.025926 0.016667
0 0.642593 0.433854 0.038889 0.020833
0 0.671296 0.687500 0.029630 0.018750
0 0.557407 0.693750 0.037037 0.022917
0 0.459259 0.262500 0.031481 0.018750
0 0.991667 0.517708 0.024074 0.018750
0 0.324074 0.476042 0.025926 0.014583
0 0.666667 0.252604 0.031481 0.018750
0 0.986111 0.723437 0.025926 0.017708
0 0.995370 0.538021 0.007407 0.020833
0 0.929630 0.216146 0.040741 0.025000
0 0.790741 0.762500 0.027778 0.015625
0 1.000926 0.373958 0.033333 0.023958
0 0.992593 0.723437 0.011111 0.019792
0 0.987963 0.399479 0.020370 0.021875
