0 0.268519 0.652604 0.037037 0.018750
0 0.626852 0.263021 0.042593 0.027083
0 0.786111 0.579167 0.035185 0.019792
0 0.833333 0.340104 0.025926 0.014583
0 0.106481 0.288542 0.033333 0.016667
0 0.273148 0.355729 0.037037 0.022917
0 0.221296 0.778125 0.044444 0.026042
0 0.063889 0.675000 0.027778 0.013542
0 0.695370 0.488542 0.024074 0.011458
0 0.238889 0.432292 0.040741 0.021875
0 0.298148 0.686458 0.029630 0.016667
0 0.591667 0.723437 0.033333 0.020833
0 0.391667 0.256250 0.031481 0.019792
0 0.060185 0.475521 0.025926 0.014583
0 0.612037 0.282292 0.022222 0.013542
0 0.662963 0.520833 0.035185 0.016667
0 0.720370 0.275000 0.020370 0.014583
0 0.076852 0.258333 0.027778 0.015625
0 0.147222 0.691667 0.037037 0.021875
0 0.176852 0.679688 0.042593 0.025000
0 0.291667 0.518229 0.042593 0.022917
0 0.651852 0.271875 0.031481 0.019792
0 0.483333 0.575521 0.048148 0.027083
0 0.010185 0.638542 0.020370 0.017708
0 0.003704 0.362500 0.007407 0.014583
0 0.440741 0.763021 0.027778 0.016667
0 0.509259 0.216667 0.040741 0.025000
0 0.675926 0.543229 0.044444 0.025000
0 0.822222 0.384896 0.031481 0.020833
0 0.625000 0.718750 0.035185 0.020833
0 0.384259 0.734896 0.029630 0.016667
0 0.788889 0.379167 0.042593 0.021875
0 0.524074 0.484375 0.044444 0.025000
0 0.822222 0.530208 0.035185 0.019792
0 0.828704 0.577083 0.035185 0.018750
0 0.697222 0.288542 0.024074 0.015625
0 0.408333 0.447917 0.033333 0.019792
0 0.312963 0.544271 0.020370 0.012500
0 0.252778 0.366667 0.024074 0.009375
0 0.451852 0.215625 0.024074 0.013542
0 0.807407 0.561458 0.029630 0.016667
0 0.712037 0.636979 0.024074 0.014583
0 0.819444 0.572917 0.031481 0.016667
0 0.227778 0.643750 0.031481 0.016667
0 0.665741 0.704688 0.029630 0.013542
0 0.112037 0.648958 0.037037 0.017708
0 0.224074 0.365104 0.025926 0.012500
0 0.848148 0.542708 0.029630 0.017708
0 0.492593 0.546354 0.040741 0.022917
0 0.412037 0.770312 0.033333 0.017708
0 0.766667 0.521354 0.037037 0.020833
0 0.710185 0.282292 0.031481 0.017708
0 0.646296 0.575521 0.029630 0.015625
0 0.087963 0.679688 0.031481 0.016667
0 0.643519 0.551562 0.029630 0.017708
0 0.272222 0.664062 0.035185 0.014583
0 0.370370 0.661979 0.033333 0.018750
0 0.633333 0.248958 0.037037 0.017708
0 0.763889 0.432812 0.042593 0.023958
0 0.536111 0.723437 0.040741 0.020833
0 0.850000 0.564063 0.033333 0.018750
0 0.352778 0.772917 0.031481 0.017708
0 0.391667 0.666667 0.037037 0.021875
0 0.691667 0.503125 0.037037 0.021875
0 0.309259 0.379167 0.042593 0.020833
0 0.667593 0.691146 0.042593 0.023958
0 0.309259 0.713542 0.031481 0.017708
0 0.848148 0.513021 0.037037 0.020833
0 0.787963 0.538021 0.037037 0.019792
0 0.800926 0.353125 0.027778 0.013542
0 0.013889 0.448437 0.025926 0.013542
0 0.607407 0.552083 0.027778 0.017708
0 0.634259 0.530208 0.031481 0.018750
0 0.440741 0.632812 0.033333 0.017708
0 0.082407 0.269792 0.027778 0.013542
