0 0.993519 0.534896 0.011111 0.022917
0 0.065741 0.475521 0.022222 0.011458
0 0.012037 0.572396 0.022222 0.013542
0 0.897222 0.691146 0.024074 0.013542
0 0.030556 0.506771 0.024074 0.014583
0 0.046296 0.497917 0.024074 0.014583
0 0.064815 0.271354 0.027778 0.014583
0 0.077778 0.490625 0.025926 0.015625
0 0.081481 0.298958 0.025926 0.014583
0 0.790741 0.640625 0.037037 0.019792
0 0.116667 0.490625 0.025926 0.014583
0 0.103704 0.303125 0.024074 0.014583
0 0.129630 0.480208 0.025926 0.011458
0 0.113889 0.313542 0.022222 0.013542
0 0.901852 0.793750 0.042593 0.023958
0 0.147222 0.466667 0.025926 0.013542
0 0.560185 0.346354 0.029630 0.016667
0 0.760185 0.701042 0.029630 0.014583
0 1.037963 0.632812 0.103704 0.058333
0 0.525926 0.686458 0.022222 0.012500
0 0.499074 0.710938 0.029630 0.017708
0 0.998148 0.650521 0.014815 0.022917
0 0.528704 0.678125 0.035185 0.018750
0 0.530556 0.663542 0.020370 0.011458
0 0.684259 0.569792 0.027778 0.013542
0 0.992593 0.683333 0.014815 0.028125
0 0.462963 0.712500 0.031481 0.018750
0 0.893519 0.295312 0.024074 0.012500
0 0.476852 0.686458 0.035185 0.020833
0 0.151852 0.298958 0.027778 0.015625
0 0.225000 0.382812 0.018519 0.011458
0 0.649074 0.517188 0.020370 0.013542
0 0.201852 0.421875 0.020370 0.011458
0 0.248148 0.407292 0.022222 0.010417
0 0.215741 0.389583 0.035185 0.018750
0 0.426852 0.666667 0.031481 0.018750
0 0.608333 0.288542 0.025926 0.015625
0 0.186111 0.297396 0.025926 0.013542
0 0.186111 0.480208 0.033333 0.015625
0 0.633333 0.279687 0.027778 0.014583
0 0.993519 0.727083 0.011111 0.020833
0 0.993519 0.536979 0.012963 0.023958
0 0.904630 0.662500 0.048148 0.022917
0 0.559259 0.366146 0.025926 0.015625
0 0.994444 0.657813 0.011111 0.020833
0 0.994444 0.261979 0.009259 0.015625
0 0.994444 0.373437 0.009259 0.022917
0 0.875926 0.782813 0.033333 0.019792
0 0.675926 0.691146 0.027778 0.015625
0 0.995370 0.444792 0.009259 0.020833
0 0.992593 0.709375 0.012963 0.017708
0 0.939815 0.706250 0.042593 0.022917
0 0.997222 0.530208 0.022222 0.017708
0 0.583333 0.493750 0.024074 0.013542
0 0.922222 0.271875 0.033333 0.018750
0 0.991667 0.733333 0.014815 0.014583
0 0.995370 0.494792 0.007407 0.021875
0 0.933333 0.236458 0.018519 0.013542
0 0.990741 0.765625 0.014815 0.008333
0 0.994444 0.668229 0.007407 0.013542
0 0.990741 0.753125 0.018519 0.018750
0 0.975926 0.693750 0.046296 0.025000
0 0.993519 0.535937 0.011111 0.019792
0 0.994444 0.627604 0.009259 0.025000
0 0.940741 0.705729 0.040741 0.022917
0 0.608333 0.656250 0.027778 0.017708
0 0.581481 0.382292 0.029630 0.015625
0 0.003704 0.571354 0.007407 0.014583
0 0.118519 0.289583 0.022222 0.012500
0 0.870370 0.620313 0.033333 0.017708
0 0.833333 0.538021 0.024074 0.012500
0 0.014815 0.503125 0.029630 0.016667
0 0.666667 0.519271 0.020370 0.012500
0 0.993519 0.413542 0.012963 0.022917
0 0.994444 0.643229 0.007407 0.019792
0 0.993519 0.776042 0.011111 0.017708
0 0.992593 0.752083 0.012963 0.025000
0 0.991667 0.669792 0.014815 0.023958
0 0.995370 0.652604 0.005556 0.010417
0 0.708333 0.695312 0.033333 0.017708
0 0.997222 0.797396 0.029630 0.016667
0 0.993519 0.541146 0.012963 0.025000
0 1.000000 0.678125 0.035185 0.014583
0 1.000926 0.665104 0.022222 0.015625
0 0.995370 0.652083 0.031481 0.014583
0 0.557407 0.466146 0.029630 0.015625
