0 0.775926 0.528646 0.035185 0.019792
0 0.783333 0.345833 0.027778 0.013542
0 0.004630 0.447396 0.009259 0.013542
0 0.597222 0.544792 0.027778 0.017708
0 0.623148 0.522396 0.029630 0.017708
0 0.437963 0.626042 0.029630 0.016667
0 0.675926 0.282813 0.022222 0.014583
0 0.062037 0.268229 0.027778 0.012500
0 0.398148 0.443229 0.031481 0.018750
0 0.303704 0.540104 0.020370 0.011458
0 0.237037 0.363542 0.024074 0.009375
0 0.431481 0.210417 0.024074 0.012500
0 0.793519 0.551562 0.027778 0.015625
0 0.700926 0.628125 0.024074 0.013542
0 0.805556 0.561979 0.027778 0.017708
0 0.225000 0.639583 0.029630 0.016667
0 0.657407 0.694271 0.029630 0.014583
0 0.113889 0.645833 0.037037 0.017708
0 0.210185 0.361979 0.025926 0.012500
0 0.835185 0.532813 0.031481 0.017708
0 0.487963 0.540104 0.040741 0.021875
0 0.412037 0.762500 0.031481 0.016667
0 0.755556 0.512500 0.037037 0.019792
0 0.688889 0.276562 0.029630 0.017708
0 0.636111 0.567187 0.029630 0.015625
0 0.082407 0.677083 0.029630 0.016667
0 0.632407 0.543750 0.029630 0.016667
0 0.480556 0.568750 0.050000 0.027083
0 0.644444 0.512500 0.035185 0.017708
0 0.698148 0.269271 0.020370 0.015625
0 0.053704 0.255729 0.027778 0.013542
0 0.297222 0.681250 0.029630 0.016667
0 0.230556 0.428125 0.042593 0.020833
0 0.684259 0.480729 0.024074 0.011458
0 0.058333 0.672396 0.027778 0.014583
0 0.222222 0.773438 0.044444 0.025000
0 0.264815 0.352083 0.038889 0.021875
0 0.087037 0.285938 0.033333 0.016667
0 0.810185 0.333333 0.024074 0.015625
0 0.774074 0.569792 0.035185 0.019792
0 0.610185 0.257812 0.040741 0.027083
0 0.267593 0.647917 0.038889 0.019792
0 0.814815 0.566667 0.037037 0.018750
0 0.834259 0.503125 0.033333 0.019792
0 0.309259 0.707812 0.031481 0.017708
0 0.662963 0.680729 0.042593 0.023958
0 0.300926 0.375521 0.044444 0.020833
0 0.682407 0.495312 0.035185 0.020833
0 0.392593 0.659896 0.033333 0.019792
0 0.353704 0.766146 0.031481 0.017708
0 0.837037 0.553646 0.031481 0.018750
0 0.534259 0.714063 0.040741 0.019792
0 0.751852 0.425000 0.042593 0.025000
0 0.617593 0.244271 0.031481 0.017708
0 0.369444 0.656250 0.033333 0.017708
0 0.270370 0.658854 0.033333 0.014583
0 0.597222 0.277083 0.022222 0.013542
0 0.148148 0.688542 0.037037 0.019792
0 0.003704 0.360417 0.007407 0.016667
0 0.046296 0.473958 0.025926 0.013542
0 0.371296 0.251563 0.029630 0.019792
0 0.588889 0.713542 0.031481 0.019792
0 0.667593 0.534896 0.042593 0.023958
0 0.492593 0.211979 0.038889 0.022917
0 0.438889 0.755729 0.025926 0.016667
0 0.805556 0.376563 0.031481 0.019792
0 0.621296 0.709375 0.035185 0.020833
0 0.384259 0.728646 0.031481 0.016667
0 0.775000 0.371875 0.040741 0.022917
0 0.517593 0.478125 0.044444 0.026042
0 0.809259 0.520312 0.035185 0.018750
0 0.177778 0.676042 0.042593 0.025000
0 0.284259 0.514062 0.040741 0.021875
0 0.632407 0.266667 0.029630 0.019792
0 0.006481 0.638021 0.012963 0.017708
