0 0.273148 0.575000 0.033333 0.014583
0 0.425000 0.488542 0.020370 0.012500
0 0.287037 0.510938 0.020370 0.013542
0 0.275926 0.566146 0.024074 0.010417
0 0.996296 0.403646 0.005556 0.015625
0 0.399074 0.309375 0.022222 0.012500
0 0.420370 0.310417 0.020370 0.012500
0 0.935185 0.315104 0.031481 0.017708
0 0.062037 0.351562 0.033333 0.017708
0 0.125926 0.706250 0.024074 0.013542
0 0.110185 0.549479 0.029630 0.017708
0 0.945370 0.538542 0.020370 0.013542
0 0.837037 0.696354 0.025926 0.016667
0 0.135185 0.318229 0.031481 0.017708
0 0.167593 0.313542 0.038889 0.020833
0 0.206481 0.705208 0.031481 0.016667
0 0.181481 0.298958 0.033333 0.017708
0 0.473148 0.393229 0.024074 0.012500
0 0.216667 0.563021 0.020370 0.011458
0 0.994444 0.623437 0.009259 0.017708
0 0.995370 0.545833 0.025926 0.012500
0 0.304630 0.507812 0.029630 0.016667
0 0.927778 0.528646 0.022222 0.010417
0 0.341667 0.481250 0.022222 0.012500
0 0.273148 0.574479 0.031481 0.015625
0 0.993519 0.682813 0.011111 0.015625
0 0.303704 0.508854 0.027778 0.017708
0 0.316667 0.504167 0.020370 0.013542
0 0.347222 0.282813 0.024074 0.016667
0 0.348148 0.495833 0.024074 0.014583
0 0.345370 0.308854 0.024074 0.015625
0 0.996296 0.669792 0.005556 0.017708
0 0.387037 0.495833 0.024074 0.014583
0 0.365741 0.313021 0.022222 0.013542
0 0.388889 0.485417 0.025926 0.011458
0 0.373148 0.323437 0.022222 0.013542
0 0.993519 0.772396 0.012963 0.030208
0 0.413889 0.473438 0.024074 0.012500
0 0.428704 0.308333 0.025926 0.014583
0 0.923148 0.285938 0.025926 0.016667
0 0.477778 0.486979 0.025926 0.015625
0 0.461111 0.307292 0.024074 0.015625
0 0.739815 0.672917 0.033333 0.020833
0 0.518519 0.397917 0.029630 0.017708
0 0.500926 0.414062 0.020370 0.012500
0 0.486111 0.429688 0.011111 0.007292
0 0.912963 0.525521 0.024074 0.012500
0 0.525000 0.390625 0.014815 0.009375
0 0.815741 0.695312 0.033333 0.020833
0 0.995370 0.322917 0.020370 0.010417
0 0.782407 0.720313 0.029630 0.018750
0 0.991667 0.678125 0.016667 0.030208
0 0.995370 0.572396 0.022222 0.012500
0 0.386111 0.302083 0.024074 0.015625
0 0.868519 0.686979 0.033333 0.017708
0 0.997222 0.741667 0.016667 0.026042
0 0.818519 0.719792 0.029630 0.018750
0 0.992593 0.722396 0.012963 0.018750
0 0.862963 0.353646 0.029630 0.017708
0 0.890741 0.295833 0.027778 0.015625
0 0.990741 0.685937 0.018519 0.023958
0 0.857407 0.372917 0.027778 0.015625
0 0.994444 0.722396 0.011111 0.020833
0 0.882407 0.389583 0.031481 0.016667
0 0.909259 0.665625 0.033333 0.017708
0 0.994444 0.552604 0.011111 0.025000
0 0.990741 0.768750 0.016667 0.028125
0 0.990741 0.769271 0.016667 0.017708
0 0.991667 0.760417 0.014815 0.008333
0 0.991667 0.242708 0.018519 0.010417
0 0.995370 0.671875 0.007407 0.022917
0 0.992593 0.271875 0.011111 0.016667
0 0.859259 0.501042 0.025926 0.013542
0 0.990741 0.731250 0.018519 0.023958
0 0.992593 0.704688 0.016667 0.020833
0 0.994444 0.533333 0.009259 0.022917
0 0.981481 0.701562 0.029630 0.016667
0 0.993519 0.781250 0.012963 0.016667
0 0.994444 0.336458 0.009259 0.021875
0 0.995370 0.705729 0.007407 0.014583
0 1.000926 0.466146 0.020370 0.014583
0 0.992593 0.622396 0.012963 0.022917
0 0.993519 0.786979 0.012963 0.019792
0 0.994444 0.626563 0.009259 0.020833
0 0.994444 0.639062 0.007407 0.014583
0 1.000926 0.704167 0.011111 0.016667
0 0.991667 0.547396 0.016667 0.031250
0 0.838889 0.473438 0.027778 0.016667
