0 0.335185 0.138542 0.022222 0.014583
0 0.900000 0.486458 0.024074 0.013542
0 0.092593 0.409896 0.038889 0.021875
0 0.107407 0.536979 0.029630 0.014583
0 0.132407 0.532813 0.031481 0.016667
0 0.462037 0.506250 0.016667 0.011458
0 0.155556 0.529167 0.029630 0.017708
0 0.556481 0.468750 0.022222 0.014583
0 0.463889 0.267708 0.027778 0.018750
0 0.155556 0.235937 0.029630 0.018750
0 0.159259 0.233333 0.035185 0.018750
0 0.189815 0.528125 0.037037 0.019792
0 1.002778 0.692187 0.025926 0.012500
0 0.219444 0.200521 0.037037 0.021875
0 0.979630 0.416667 0.020370 0.014583
0 0.193519 0.252604 0.031481 0.018750
0 0.330556 0.119792 0.027778 0.014583
0 0.270370 0.420833 0.035185 0.020833
0 0.272222 0.435417 0.033333 0.017708
0 0.223148 0.528125 0.031481 0.017708
0 0.325000 0.694271 0.029630 0.017708
0 0.277778 0.306771 0.029630 0.016667
0 0.251852 0.308333 0.027778 0.018750
0 0.454630 0.214583 0.031481 0.017708
0 0.452778 0.257292 0.031481 0.017708
0 0.295370 0.433854 0.025926 0.017708
0 0.237963 0.505208 0.014815 0.008333
0 0.296296 0.699479 0.031481 0.018750
0 0.325000 0.133333 0.025926 0.015625
0 0.661111 0.351562 0.037037 0.021875
0 0.312963 0.597917 0.029630 0.018750
0 0.348148 0.705208 0.033333 0.020833
0 0.325000 0.132812 0.025926 0.015625
0 0.237037 0.516146 0.024074 0.012500
0 0.264815 0.478646 0.027778 0.017708
0 0.398148 0.409375 0.048148 0.029167
0 0.353704 0.676042 0.031481 0.020833
0 0.259259 0.513021 0.025926 0.014583
0 0.410185 0.438021 0.048148 0.027083
0 0.438889 0.421354 0.044444 0.028125
0 0.473148 0.439583 0.050000 0.027083
0 0.486111 0.659375 0.033333 0.020833
0 0.508333 0.695312 0.033333 0.021875
0 0.445370 0.708333 0.025926 0.015625
0 0.446296 0.270833 0.025926 0.013542
0 0.456481 0.716667 0.035185 0.019792
0 0.652778 0.573438 0.018519 0.010417
0 0.917593 0.282813 0.022222 0.014583
0 0.569444 0.676042 0.024074 0.011458
0 0.624074 0.486458 0.031481 0.017708
0 0.996296 0.282292 0.007407 0.016667
0 0.612037 0.463542 0.025926 0.016667
0 0.911111 0.278646 0.042593 0.027083
0 0.860185 0.560417 0.018519 0.012500
0 0.964815 0.160938 0.011111 0.007292
0 0.979630 0.283854 0.016667 0.015625
0 0.823148 0.688021 0.018519 0.009375
0 0.911111 0.283333 0.027778 0.011458
0 0.902778 0.282813 0.022222 0.012500
0 0.995370 0.691667 0.007407 0.015625
0 0.896296 0.267708 0.024074 0.013542
0 0.875926 0.580208 0.014815 0.006250
0 0.901852 0.492708 0.024074 0.014583
0 0.912037 0.283854 0.020370 0.011458
0 0.887963 0.553125 0.027778 0.014583
0 0.918519 0.280729 0.024074 0.014583
0 0.932407 0.483333 0.029630 0.016667
0 0.940741 0.457292 0.014815 0.008333
0 0.887963 0.553125 0.025926 0.014583
0 0.932407 0.483333 0.029630 0.016667
0 0.930556 0.255729 0.024074 0.013542
0 0.939815 0.475521 0.018519 0.011458
0 0.901852 0.283333 0.025926 0.012500
0 0.961111 0.472917 0.025926 0.014583
0 0.925926 0.290104 0.022222 0.012500
0 0.953704 0.460938 0.025926 0.014583
0 0.910185 0.297917 0.024074 0.014583
0 0.983333 0.448437 0.024074 0.015625
0 0.983333 0.282813 0.025926 0.014583
0 0.995370 0.437500 0.007407 0.014583
0 0.982407 0.282813 0.025926 0.014583
0 0.996296 0.397917 0.005556 0.016667
0 0.727778 0.688021 0.031481 0.016667
0 0.298148 0.321875 0.027778 0.015625
0 0.686111 0.650000 0.025926 0.014583
0 0.164815 0.231771 0.031481 0.018750
0 0.299074 0.544271 0.024074 0.014583
0 0.738889 0.322917 0.029630 0.017708
0 0.114815 0.443229 0.025926 0.011458
