0 0.352778 0.380208 0.040741 0.023958
0 0.426852 0.759896 0.031481 0.017708
0 0.678704 0.745833 0.035185 0.020833
0 0.878704 0.413021 0.027778 0.019792
0 0.479630 0.789062 0.029630 0.017708
0 0.575926 0.246875 0.037037 0.022917
0 0.732407 0.569792 0.042593 0.023958
0 0.646296 0.748958 0.033333 0.018750
0 0.429630 0.280729 0.029630 0.018750
0 0.086111 0.493750 0.025926 0.014583
0 0.676852 0.312500 0.022222 0.013542
0 0.697222 0.544271 0.033333 0.018750
0 0.755556 0.304688 0.020370 0.014583
0 0.115741 0.279687 0.027778 0.015625
0 0.195370 0.715104 0.035185 0.021875
0 0.344444 0.709896 0.029630 0.017708
0 0.300926 0.454167 0.038889 0.020833
0 0.754630 0.515104 0.020370 0.010417
0 0.090741 0.695312 0.027778 0.014583
0 0.255556 0.804167 0.042593 0.025000
0 0.850926 0.587500 0.027778 0.015625
0 0.492593 0.242188 0.024074 0.012500
0 0.293519 0.388021 0.022222 0.008333
0 0.374074 0.560417 0.027778 0.014583
0 0.464815 0.472396 0.035185 0.020833
0 0.138889 0.293229 0.022222 0.011458
0 0.729630 0.316667 0.024074 0.017708
0 0.500000 0.657813 0.029630 0.016667
0 0.675000 0.554688 0.029630 0.017708
0 0.650000 0.577083 0.027778 0.016667
0 0.042593 0.465625 0.027778 0.014583
0 0.849074 0.382292 0.025926 0.013542
0 0.843519 0.565104 0.037037 0.019792
0 0.169444 0.310417 0.029630 0.015625
0 0.871296 0.369792 0.025926 0.014583
0 0.829630 0.605729 0.035185 0.019792
0 0.691667 0.293229 0.042593 0.027083
0 0.322222 0.676042 0.037037 0.019792
0 0.872222 0.604167 0.035185 0.019792
0 0.900926 0.541146 0.033333 0.019792
0 0.352778 0.737500 0.033333 0.018750
0 0.719444 0.717708 0.042593 0.023958
0 0.384259 0.404167 0.040741 0.020833
0 0.755556 0.530208 0.038889 0.021875
0 0.447222 0.691146 0.033333 0.020833
0 0.392593 0.798958 0.031481 0.018750
0 0.894444 0.591146 0.033333 0.018750
0 0.592593 0.750000 0.042593 0.021875
0 0.830556 0.461458 0.042593 0.023958
0 0.697222 0.280729 0.031481 0.018750
0 0.425926 0.686458 0.035185 0.018750
0 0.323148 0.687500 0.033333 0.015625
0 0.683333 0.576042 0.031481 0.017708
0 0.116667 0.700521 0.031481 0.016667
0 0.698148 0.601042 0.029630 0.015625
0 0.746296 0.311979 0.029630 0.017708
0 0.823148 0.548438 0.037037 0.020833
0 0.450000 0.795833 0.027778 0.015625
0 0.558333 0.571875 0.040741 0.022917
0 0.893519 0.570312 0.029630 0.017708
0 0.270370 0.386458 0.027778 0.012500
0 0.166667 0.670833 0.035185 0.017708
0 0.350926 0.698438 0.024074 0.011458
0 0.699074 0.729688 0.029630 0.017708
0 0.280556 0.667708 0.027778 0.016667
0 0.860185 0.599479 0.029630 0.017708
0 0.750926 0.663542 0.025926 0.014583
0 0.012963 0.365104 0.025926 0.013542
0 0.873148 0.604167 0.031481 0.018750
0 0.008333 0.344271 0.016667 0.016667
0 0.714815 0.523438 0.031481 0.018750
0 0.200926 0.713542 0.035185 0.025000
0 0.028704 0.380729 0.031481 0.015625
0 0.032407 0.657813 0.033333 0.018750
0 0.542593 0.600000 0.048148 0.027083
0 0.696296 0.302083 0.031481 0.015625
0 0.346296 0.540625 0.040741 0.021875
0 0.231481 0.703125 0.042593 0.026042
0 0.875926 0.557292 0.035185 0.018750
0 0.595370 0.510417 0.040741 0.025000
0 0.860185 0.410417 0.046296 0.023958
