0 0.288889 0.291667 0.027778 0.014583
0 0.774074 0.277083 0.029630 0.014583
0 0.008333 0.292187 0.016667 0.021875
0 0.123148 0.557813 0.029630 0.014583
0 0.204630 0.479687 0.025926 0.015625
0 0.213889 0.290104 0.024074 0.015625
0 0.922222 0.645833 0.038889 0.019792
0 0.244444 0.480208 0.025926 0.014583
0 0.236111 0.294792 0.022222 0.013542
0 0.260185 0.471875 0.025926 0.012500
0 0.243519 0.305208 0.022222 0.013542
0 0.994444 0.792188 0.011111 0.022917
0 0.273148 0.457813 0.025926 0.014583
0 0.253704 0.282813 0.024074 0.013542
0 0.011111 0.686979 0.022222 0.017708
0 0.017593 0.278646 0.035185 0.018750
0 0.337037 0.377604 0.020370 0.012500
0 0.057407 0.545833 0.022222 0.011458
0 0.291667 0.473958 0.022222 0.012500
0 0.134259 0.493750 0.020370 0.013542
0 0.120370 0.549479 0.024074 0.010417
0 0.927778 0.385417 0.031481 0.015625
0 0.268519 0.292708 0.020370 0.012500
0 0.996296 0.310937 0.022222 0.011458
0 0.587963 0.709375 0.031481 0.018750
0 0.991667 0.690104 0.014815 0.028125
0 0.811111 0.571354 0.024074 0.013542
0 0.664815 0.662500 0.018519 0.010417
0 0.661111 0.677604 0.033333 0.018750
0 0.996296 0.688542 0.014815 0.025000
0 0.624074 0.708854 0.029630 0.017708
0 0.995370 0.626563 0.007407 0.020833
0 0.970370 0.540625 0.024074 0.011458
0 0.151852 0.491146 0.031481 0.016667
0 0.786111 0.519792 0.020370 0.011458
0 0.197222 0.464583 0.022222 0.011458
0 0.132407 0.557813 0.022222 0.012500
0 0.993519 0.698958 0.011111 0.015625
0 0.160185 0.494271 0.022222 0.012500
0 0.175000 0.486979 0.022222 0.014583
0 0.206481 0.263542 0.027778 0.015625
0 0.319444 0.472396 0.025926 0.015625
0 0.321296 0.290625 0.024074 0.014583
0 0.553704 0.662500 0.033333 0.019792
0 0.354630 0.383333 0.031481 0.017708
0 0.371296 0.400000 0.020370 0.010417
0 0.334259 0.415104 0.014815 0.009375
0 0.769444 0.517188 0.022222 0.012500
0 0.361111 0.376563 0.016667 0.010417
0 0.609259 0.684375 0.037037 0.019792
0 0.991667 0.733333 0.014815 0.025000
0 0.993519 0.549479 0.011111 0.018750
0 0.994444 0.653125 0.009259 0.025000
0 0.731481 0.656250 0.029630 0.016667
0 0.720370 0.380729 0.029630 0.015625
0 0.993519 0.720313 0.009259 0.019792
0 0.696296 0.364063 0.027778 0.015625
0 0.991667 0.669271 0.014815 0.019792
0 0.743519 0.286458 0.027778 0.015625
0 0.701852 0.344271 0.031481 0.016667
0 0.882407 0.705729 0.031481 0.014583
0 0.657407 0.684896 0.020370 0.011458
0 0.685185 0.464583 0.027778 0.016667
0 0.995370 0.638542 0.031481 0.014583
0 1.000000 0.672396 0.033333 0.014583
0 0.992593 0.523438 0.014815 0.028125
0 0.831481 0.698958 0.033333 0.017708
0 0.995370 0.642708 0.005556 0.011458
0 0.994444 0.667188 0.009259 0.019792
0 0.992593 0.758854 0.012963 0.026042
0 0.992593 0.778125 0.011111 0.018750
0 0.995370 0.614062 0.009259 0.020833
0 0.993519 0.420312 0.012963 0.023958
0 0.994444 0.716667 0.009259 0.017708
0 0.994444 0.651042 0.011111 0.018750
0 0.994444 0.256250 0.007407 0.014583
0 0.994444 0.375521 0.009259 0.022917
0 0.993519 0.793229 0.012963 0.016667
0 0.799074 0.693750 0.029630 0.019792
0 0.994444 0.470313 0.009259 0.022917
0 0.992593 0.710938 0.014815 0.019792
0 0.989815 0.723958 0.016667 0.022917
0 0.707407 0.492188 0.024074 0.013542
0 0.992593 0.263542 0.012963 0.018750
0 0.989815 0.232292 0.020370 0.011458
0 0.994444 0.765625 0.014815 0.008333
0 0.990741 0.755729 0.018519 0.018750
