0 0.978704 0.402083 0.031481 0.016667
0 0.995370 0.330208 0.018519 0.010417
0 0.887037 0.732292 0.031481 0.018750
0 0.996296 0.552083 0.020370 0.011458
0 0.982407 0.700000 0.033333 0.017708
0 0.997222 0.764062 0.016667 0.027083
0 0.923148 0.731771 0.031481 0.017708
0 0.992593 0.710417 0.014815 0.019792
0 0.962037 0.366667 0.031481 0.017708
0 0.975926 0.308333 0.027778 0.014583
0 0.989815 0.701042 0.018519 0.023958
0 0.952778 0.385937 0.029630 0.015625
0 0.993519 0.732812 0.009259 0.020833
0 0.993519 0.675521 0.011111 0.016667
0 0.994444 0.585417 0.011111 0.026042
0 0.989815 0.794792 0.018519 0.030208
0 0.989815 0.251563 0.018519 0.010417
0 0.993519 0.278125 0.012963 0.016667
0 0.943519 0.513021 0.025926 0.013542
0 0.990741 0.746354 0.016667 0.022917
0 0.996296 0.714063 0.007407 0.015625
0 0.994444 0.549479 0.009259 0.021875
0 0.994444 0.714063 0.009259 0.014583
0 0.993519 0.778125 0.012963 0.016667
0 0.994444 0.612500 0.009259 0.016667
0 0.995370 0.705729 0.005556 0.011458
0 0.999074 0.436979 0.000000 0.000000
0 0.992593 0.614583 0.014815 0.026042
0 0.993519 0.786979 0.012963 0.019792
0 0.994444 0.611458 0.009259 0.020833
0 0.993519 0.645312 0.011111 0.018750
0 0.992593 0.711979 0.012963 0.018750
0 0.991667 0.600521 0.016667 0.033333
0 0.926852 0.485417 0.027778 0.015625
0 0.997222 0.297396 0.005556 0.016667
0 0.996296 0.548438 0.005556 0.011458
0 0.950000 0.707812 0.027778 0.017708
0 0.243519 0.328646 0.031481 0.017708
0 0.276852 0.323958 0.040741 0.019792
0 0.317593 0.712500 0.029630 0.016667
0 0.289815 0.310417 0.031481 0.016667
0 0.551852 0.403646 0.022222 0.012500
0 0.322222 0.576042 0.024074 0.012500
0 0.504630 0.497396 0.018519 0.011458
0 0.375000 0.518750 0.018519 0.012500
0 0.362963 0.574479 0.024074 0.011458
0 0.997222 0.419792 0.005556 0.014583
0 0.474074 0.319271 0.022222 0.012500
0 0.361111 0.582812 0.029630 0.014583
0 0.464815 0.311458 0.024074 0.014583
0 0.995370 0.692708 0.007407 0.022917
0 0.994444 0.588021 0.025926 0.012500
0 0.393519 0.516146 0.029630 0.016667
0 0.992593 0.539062 0.012963 0.012500
0 0.425926 0.490104 0.020370 0.012500
0 0.362037 0.582812 0.025926 0.014583
0 0.993519 0.689583 0.011111 0.015625
0 0.394444 0.516667 0.027778 0.016667
0 0.406481 0.511979 0.020370 0.013542
0 0.433333 0.292708 0.024074 0.014583
0 0.430556 0.504167 0.024074 0.014583
0 0.422222 0.318229 0.024074 0.015625
0 0.995370 0.690625 0.005556 0.017708
0 0.469444 0.504687 0.024074 0.014583
0 0.441667 0.323437 0.020370 0.014583
0 0.468519 0.493750 0.024074 0.010417
0 0.447222 0.333333 0.020370 0.013542
0 0.991667 0.762500 0.014815 0.035417
0 0.495370 0.482292 0.024074 0.011458
0 0.514815 0.318229 0.024074 0.013542
0 0.570370 0.496354 0.025926 0.015625
0 0.545370 0.317188 0.024074 0.014583
0 0.841667 0.683854 0.033333 0.020833
0 0.616667 0.408333 0.029630 0.018750
0 0.576852 0.423958 0.020370 0.011458
0 0.578704 0.439583 0.009259 0.005208
0 0.989815 0.536979 0.020370 0.012500
0 0.926852 0.706771 0.037037 0.021875
0 0.343519 0.583333 0.018519 0.011458
0 0.021296 0.478646 0.025926 0.011458
0 0.879630 0.652604 0.025926 0.015625
0 0.228704 0.323437 0.018519 0.013542
0 0.483333 0.200521 0.011111 0.006250
0 0.502778 0.319792 0.020370 0.013542
0 0.989815 0.324479 0.018519 0.017708
0 0.166667 0.359896 0.027778 0.016667
0 0.247222 0.713542 0.024074 0.013542
0 0.210185 0.556771 0.029630 0.016667
