0 0.110185 0.701042 0.024074 0.013542
0 0.331481 0.701562 0.022222 0.011458
0 0.673148 0.728125 0.029630 0.016667
0 0.262037 0.671354 0.027778 0.016667
0 0.831481 0.598958 0.025926 0.016667
0 0.729630 0.662500 0.024074 0.014583
0 0.823148 0.586458 0.029630 0.016667
0 0.462963 0.240104 0.024074 0.013542
0 0.800000 0.547917 0.037037 0.020833
0 0.428704 0.797917 0.027778 0.016667
0 0.542593 0.572396 0.040741 0.022917
0 0.716667 0.312500 0.029630 0.017708
0 0.863889 0.568229 0.027778 0.016667
0 0.246296 0.385937 0.027778 0.013542
0 0.677778 0.600521 0.029630 0.015625
0 0.088889 0.705729 0.031481 0.016667
0 0.659259 0.576042 0.029630 0.017708
0 0.304630 0.691146 0.033333 0.014583
0 0.409259 0.688021 0.037037 0.018750
0 0.677778 0.281250 0.031481 0.017708
0 0.811111 0.461979 0.042593 0.023958
0 0.575926 0.750000 0.044444 0.020833
0 0.864815 0.589583 0.033333 0.018750
0 0.373148 0.802083 0.031481 0.018750
0 0.428704 0.692708 0.035185 0.020833
0 0.295370 0.386979 0.022222 0.008333
0 0.352778 0.561979 0.027778 0.015625
0 0.448148 0.472917 0.037037 0.021875
0 0.137963 0.298438 0.022222 0.011458
0 0.699074 0.316146 0.024074 0.017708
0 0.483333 0.659375 0.027778 0.015625
0 0.650000 0.554167 0.029630 0.016667
0 0.625926 0.576562 0.027778 0.016667
0 0.009259 0.466667 0.018519 0.014583
0 0.821296 0.383333 0.027778 0.013542
0 0.819444 0.564583 0.035185 0.019792
0 0.525926 0.601042 0.046296 0.027083
0 0.735185 0.530208 0.035185 0.020833
0 0.368519 0.404167 0.042593 0.021875
0 0.698148 0.716146 0.040741 0.023958
0 0.332407 0.740625 0.033333 0.019792
0 0.875000 0.540625 0.033333 0.019792
0 0.845370 0.602604 0.033333 0.018750
0 0.305556 0.679167 0.038889 0.019792
0 0.672222 0.293750 0.040741 0.026042
0 0.801852 0.604688 0.033333 0.019792
0 0.830556 0.371354 0.029630 0.016667
0 0.170370 0.306771 0.029630 0.015625
0 0.337037 0.380208 0.040741 0.023958
0 0.234259 0.809375 0.042593 0.023958
0 0.060185 0.702083 0.029630 0.013542
0 0.734259 0.515104 0.020370 0.010417
0 0.281481 0.454688 0.037037 0.020833
0 0.324074 0.713021 0.029630 0.018750
0 0.176852 0.720833 0.033333 0.022917
0 0.082407 0.274479 0.027778 0.016667
0 0.725000 0.304688 0.020370 0.014583
0 0.671296 0.544271 0.033333 0.018750
0 0.658333 0.312500 0.020370 0.013542
0 0.051852 0.494271 0.025926 0.014583
0 0.400000 0.278646 0.029630 0.018750
0 0.625926 0.748958 0.033333 0.018750
0 0.712963 0.569271 0.044444 0.025000
0 0.558333 0.246354 0.038889 0.023958
0 0.459259 0.790625 0.029630 0.016667
0 0.866667 0.415625 0.027778 0.019792
0 0.659259 0.745313 0.035185 0.020833
0 0.406481 0.762500 0.031481 0.017708
0 0.837963 0.410417 0.040741 0.022917
0 0.581481 0.510938 0.042593 0.025000
0 0.850000 0.556771 0.033333 0.018750
0 0.213889 0.708333 0.040741 0.025000
0 0.326852 0.542188 0.042593 0.022917
0 0.676852 0.303125 0.031481 0.015625
0 0.008333 0.663021 0.016667 0.019792
0 0.005556 0.379167 0.011111 0.014583
0 0.185185 0.718229 0.038889 0.027083
0 0.695370 0.523958 0.031481 0.018750
0 0.011111 0.338021 0.018519 0.018750
0 0.845370 0.602604 0.031481 0.017708
0 -0.064815 0.342708 0.005556 0.002083
0 0.145370 0.676042 0.037037 0.019792
0 0.008333 0.288021 0.016667 0.017708
