0 0.215741 0.304167 0.018519 0.009375
0 0.915741 0.287500 0.022222 0.015625
0 0.731481 0.639062 0.035185 0.016667
0 0.864815 0.533854 0.024074 0.013542
0 0.200926 0.445833 0.027778 0.016667
0 0.987037 0.542708 0.024074 0.026042
0 0.557407 0.691667 0.029630 0.017708
0 0.522222 0.435417 0.037037 0.019792
0 0.995370 0.493750 0.022222 0.011458
0 0.275000 0.677083 0.025926 0.016667
0 0.461111 0.784375 0.042593 0.021875
0 0.600926 0.359896 0.042593 0.025000
0 0.360185 0.282292 0.025926 0.014583
0 0.985185 0.334896 0.029630 0.017708
0 0.995370 0.588021 0.007407 0.020833
0 0.925926 0.265104 0.037037 0.025000
0 0.550926 0.658333 0.037037 0.020833
0 0.987963 0.588542 0.024074 0.018750
0 0.995370 0.508854 0.005556 0.018750
0 0.562037 0.718229 0.033333 0.018750
0 0.941667 0.696875 0.042593 0.023958
0 0.629630 0.383333 0.044444 0.022917
0 0.987963 0.508854 0.024074 0.021875
0 0.669444 0.671354 0.040741 0.019792
0 0.600000 0.778125 0.029630 0.018750
0 0.992593 0.583854 0.011111 0.020833
0 0.825000 0.729688 0.044444 0.020833
0 0.996296 0.430729 0.007407 0.017708
0 0.933333 0.252604 0.027778 0.015625
0 0.641667 0.664583 0.033333 0.019792
0 0.547222 0.669271 0.035185 0.015625
0 0.878704 0.554167 0.022222 0.017708
0 0.302778 0.681771 0.029630 0.016667
0 0.900926 0.578125 0.025926 0.015625
0 0.924074 0.284375 0.025926 0.015625
0 0.992593 0.522396 0.011111 0.020833
0 0.652778 0.775521 0.025926 0.014583
0 0.802778 0.552604 0.040741 0.021875
0 0.320370 0.676562 0.022222 0.013542
0 0.909259 0.708333 0.024074 0.014583
0 0.510185 0.651563 0.027778 0.016667
0 0.990741 0.580729 0.016667 0.019792
0 0.979630 0.643750 0.025926 0.014583
0 0.992593 0.553125 0.035185 0.019792
0 0.547222 0.540104 0.027778 0.015625
0 0.772222 0.580729 0.048148 0.026042
0 0.929630 0.275000 0.031481 0.015625
0 0.562963 0.521875 0.038889 0.021875
0 0.463889 0.685417 0.042593 0.023958
0 0.992593 0.537500 0.014815 0.022917
0 0.850926 0.491146 0.044444 0.026042
0 0.988889 0.378125 0.020370 0.021875
0 0.635185 0.739583 0.031481 0.017708
0 0.903704 0.725000 0.035185 0.019792
0 1.000000 0.380208 0.031481 0.021875
0 0.683333 0.768229 0.025926 0.017708
0 0.810185 0.218229 0.040741 0.025000
0 0.964815 0.548438 0.048148 0.025000
0 0.871296 0.728646 0.037037 0.018750
0 0.587963 0.252604 0.029630 0.018750
0 0.241667 0.475000 0.025926 0.014583
0 0.889815 0.522396 0.033333 0.018750
0 0.940741 0.279167 0.018519 0.014583
0 0.429630 0.697917 0.035185 0.021875
0 0.321296 0.261458 0.029630 0.017708
0 0.012037 0.670833 0.024074 0.020833
0 0.598148 0.285938 0.024074 0.012500
0 0.021296 0.696354 0.035185 0.019792
0 0.662963 0.668229 0.031481 0.018750
0 0.305556 0.554688 0.022222 0.014583
0 0.062963 0.647917 0.025926 0.014583
0 0.058333 0.662500 0.038889 0.020833
0 0.942593 0.438021 0.031481 0.019792
0 0.642593 0.664583 0.033333 0.020833
0 0.061111 0.694792 0.031481 0.017708
0 0.083333 0.670312 0.031481 0.017708
0 0.571296 0.554688 0.024074 0.012500
0 0.725000 0.665104 0.033333 0.018750
0 0.374074 0.687500 0.027778 0.015625
0 0.170370 0.324479 0.033333 0.017708
0 0.220370 0.254688 0.018519 0.019792
0 0.395370 0.653646 0.037037 0.019792
0 -0.075926 0.337500 0.000000 0.000000
0 0.991667 0.585938 0.012963 0.019792
0 0.181481 0.344792 0.029630 0.014583
0 0.911111 0.488542 0.022222 0.012500
0 0.428704 0.698958 0.037037 0.022917
0 0.199074 0.361458 0.029630 0.015625
0 0.213889 0.639583 0.031481 0.017708
