0 0.145370 0.689063 0.038889 0.019792
0 0.784259 0.345313 0.027778 0.013542
0 0.777778 0.528646 0.035185 0.019792
0 0.000000 0.447917 0.012963 0.013542
0 0.436111 0.626563 0.029630 0.017708
0 0.624074 0.522396 0.029630 0.017708
0 0.598148 0.544792 0.027778 0.017708
0 0.269444 0.659896 0.035185 0.014583
0 0.352778 0.767188 0.031481 0.017708
0 0.838889 0.553646 0.031481 0.018750
0 0.535185 0.714583 0.042593 0.019792
0 0.752778 0.424479 0.042593 0.025000
0 0.617593 0.243229 0.033333 0.018750
0 0.368519 0.656771 0.033333 0.018750
0 0.633333 0.543750 0.029630 0.016667
0 0.080556 0.678125 0.031481 0.015625
0 0.635185 0.567187 0.027778 0.014583
0 0.690741 0.276042 0.029630 0.018750
0 0.757407 0.512500 0.037037 0.020833
0 0.411111 0.763542 0.031481 0.016667
0 0.487037 0.540104 0.038889 0.021875
0 0.836111 0.532813 0.031481 0.017708
0 0.207407 0.361979 0.025926 0.012500
0 0.110185 0.646875 0.037037 0.017708
0 0.660185 0.694792 0.029630 0.014583
0 0.223148 0.640625 0.027778 0.016667
0 0.807407 0.562500 0.027778 0.016667
0 0.701852 0.628125 0.022222 0.013542
0 0.795370 0.551562 0.027778 0.015625
0 0.430556 0.209896 0.024074 0.013542
0 0.235185 0.363542 0.024074 0.009375
0 0.301852 0.541146 0.020370 0.012500
0 0.398148 0.443229 0.031481 0.018750
0 0.057407 0.268229 0.027778 0.013542
0 0.677778 0.282292 0.025926 0.015625
0 0.262037 0.352083 0.038889 0.023958
0 0.220370 0.774479 0.044444 0.026042
0 0.055556 0.673958 0.027778 0.013542
0 0.685185 0.480729 0.022222 0.011458
0 0.227778 0.429167 0.040741 0.021875
0 0.295370 0.682292 0.029630 0.017708
0 0.050926 0.256250 0.029630 0.014583
0 0.699074 0.268229 0.020370 0.015625
0 0.644444 0.512500 0.033333 0.018750
0 0.596296 0.276562 0.020370 0.013542
0 0.042593 0.475000 0.025926 0.014583
0 0.370370 0.251042 0.029630 0.019792
0 0.588889 0.714063 0.033333 0.019792
0 0.667593 0.534896 0.042593 0.023958
0 0.491667 0.210938 0.038889 0.023958
0 0.437963 0.756250 0.027778 0.016667
0 0.808333 0.376042 0.031481 0.019792
0 0.621296 0.709375 0.035185 0.020833
0 0.383333 0.729167 0.031481 0.015625
0 0.776852 0.370833 0.042593 0.021875
0 0.516667 0.478125 0.042593 0.025000
0 0.812037 0.520312 0.035185 0.019792
0 0.175926 0.677083 0.044444 0.025000
0 0.282407 0.514583 0.040741 0.022917
0 0.633333 0.265625 0.029630 0.019792
0 0.479630 0.569271 0.050000 0.027083
0 0.005556 0.639062 0.011111 0.017708
0 0.002778 0.360417 0.005556 0.015625
0 0.265741 0.648958 0.037037 0.019792
0 0.818519 0.567187 0.033333 0.017708
0 0.610185 0.256250 0.040741 0.026042
0 0.775926 0.569792 0.035185 0.019792
0 0.812963 0.332292 0.025926 0.014583
0 0.083333 0.286458 0.031481 0.016667
0 0.836111 0.503646 0.035185 0.019792
0 0.307407 0.708854 0.031481 0.018750
0 0.662963 0.681250 0.040741 0.023958
0 0.298148 0.375521 0.042593 0.021875
0 0.683333 0.495312 0.037037 0.020833
0 0.390741 0.660417 0.037037 0.019792
