0 0.917593 0.437500 0.031481 0.019792
0 0.037037 0.665625 0.038889 0.019792
0 0.042593 0.650521 0.027778 0.014583
0 0.287963 0.555729 0.024074 0.014583
0 0.640741 0.667708 0.033333 0.019792
0 0.009259 0.698438 0.018519 0.020833
0 0.064815 0.673438 0.031481 0.016667
0 0.553704 0.555729 0.024074 0.012500
0 0.707407 0.665104 0.031481 0.018750
0 0.358333 0.688542 0.027778 0.014583
0 0.577778 0.286458 0.024074 0.012500
0 0.041667 0.697917 0.031481 0.018750
0 0.621296 0.665104 0.035185 0.020833
0 0.409259 0.699479 0.035185 0.022917
0 0.148148 0.325521 0.033333 0.017708
0 0.190741 0.255208 0.018519 0.019792
0 0.373148 0.654687 0.037037 0.019792
0 -0.075926 0.337500 0.000000 0.000000
0 0.991667 0.580729 0.012963 0.019792
0 0.160185 0.346354 0.029630 0.014583
0 0.890741 0.488021 0.024074 0.013542
0 0.407407 0.700000 0.037037 0.022917
0 0.177778 0.362500 0.029630 0.015625
0 0.196296 0.641667 0.031481 0.017708
0 0.748148 0.580729 0.050000 0.026042
0 0.900926 0.274479 0.031481 0.015625
0 0.540741 0.522396 0.038889 0.021875
0 0.442593 0.686458 0.040741 0.025000
0 0.991667 0.539583 0.014815 0.022917
0 0.825000 0.490104 0.046296 0.025000
0 0.988889 0.375521 0.020370 0.022917
0 0.615741 0.739583 0.031481 0.017708
0 0.882407 0.723958 0.035185 0.020833
0 1.000000 0.388542 0.029630 0.021875
0 0.664815 0.768229 0.025926 0.016667
0 0.782407 0.218229 0.040741 0.023958
0 0.940741 0.547917 0.048148 0.025000
0 0.850000 0.728125 0.033333 0.019792
0 0.565741 0.253125 0.029630 0.018750
0 0.224074 0.476042 0.025926 0.013542
0 0.869444 0.521354 0.035185 0.018750
0 0.917593 0.275000 0.018519 0.014583
0 0.293519 0.262500 0.029630 0.017708
0 0.537037 0.691667 0.031481 0.017708
0 0.498148 0.435417 0.037037 0.020833
0 0.969444 0.492708 0.022222 0.011458
0 0.258333 0.678646 0.027778 0.015625
0 0.443519 0.785417 0.044444 0.022917
0 0.574074 0.360417 0.040741 0.023958
0 0.337963 0.283333 0.027778 0.014583
0 0.987037 0.337500 0.029630 0.017708
0 0.996296 0.581250 0.007407 0.020833
0 0.898148 0.265104 0.038889 0.026042
0 0.528704 0.658333 0.037037 0.019792
0 0.986111 0.583333 0.024074 0.018750
0 0.996296 0.508854 0.007407 0.018750
0 0.543519 0.718750 0.033333 0.018750
0 0.919444 0.695833 0.044444 0.025000
0 0.603704 0.383854 0.044444 0.022917
0 0.971296 0.507812 0.038889 0.020833
0 0.651852 0.673438 0.033333 0.018750
0 0.581481 0.778125 0.029630 0.018750
0 0.993519 0.575521 0.011111 0.019792
0 0.804630 0.728646 0.044444 0.021875
0 0.996296 0.430729 0.007407 0.017708
0 0.905556 0.252083 0.027778 0.015625
0 0.622222 0.664583 0.035185 0.019792
0 0.525926 0.670312 0.033333 0.015625
0 0.986111 0.539062 0.024074 0.026042
0 1.002778 0.379688 0.029630 0.014583
0 0.181481 0.447396 0.025926 0.016667
0 0.846296 0.553646 0.025926 0.016667
0 0.844444 0.532813 0.027778 0.015625
0 0.710185 0.639062 0.037037 0.016667
0 0.888889 0.286979 0.024074 0.015625
0 0.194444 0.305208 0.020370 0.009375
0 0.658333 0.452083 0.038889 0.022917
0 0.525926 0.540625 0.029630 0.015625
0 0.981481 0.552083 0.035185 0.019792
0 0.956481 0.642708 0.024074 0.014583
0 0.989815 0.576042 0.018519 0.020833
0 0.488889 0.651563 0.027778 0.016667
0 0.887963 0.706771 0.024074 0.014583
0 0.302778 0.677604 0.022222 0.012500
0 0.777778 0.552604 0.040741 0.022917
0 0.636111 0.775521 0.024074 0.014583
0 0.992593 0.524479 0.011111 0.020833
0 0.900926 0.283333 0.027778 0.017708
0 0.877778 0.577083 0.024074 0.014583
0 0.284259 0.683854 0.029630 0.016667
0 0.856481 0.553646 0.024074 0.019792
