0 0.269444 0.167708 0.022222 0.013542
0 0.826852 0.514583 0.027778 0.014583
0 0.017593 0.423958 0.035185 0.019792
0 0.030556 0.548958 0.029630 0.014583
0 0.051852 0.544792 0.035185 0.017708
0 0.406481 0.522917 0.020370 0.012500
0 0.088889 0.542188 0.027778 0.016667
0 0.475000 0.490104 0.020370 0.013542
0 0.410185 0.293229 0.031481 0.020833
0 0.125926 0.252604 0.020370 0.018750
0 0.121296 0.255729 0.031481 0.021875
0 0.119444 0.541667 0.037037 0.019792
0 0.893519 0.718750 0.027778 0.013542
0 0.162037 0.225000 0.035185 0.020833
0 0.913889 0.433854 0.022222 0.013542
0 0.151852 0.273958 0.031481 0.018750
0 0.263889 0.150521 0.024074 0.013542
0 0.181481 0.438021 0.035185 0.020833
0 0.184259 0.452604 0.035185 0.018750
0 0.153704 0.542188 0.033333 0.018750
0 0.224074 0.708333 0.027778 0.016667
0 0.229630 0.326562 0.029630 0.015625
0 0.204630 0.328125 0.027778 0.017708
0 0.396296 0.241146 0.031481 0.016667
0 0.387037 0.282292 0.029630 0.017708
0 0.208333 0.451562 0.027778 0.016667
0 0.995370 0.663542 0.005556 0.010417
0 0.995370 0.402604 0.005556 0.017708
0 0.394444 0.713542 0.035185 0.021875
0 0.323148 0.558333 0.029630 0.013542
0 0.373148 0.677083 0.033333 0.020833
0 0.370370 0.459375 0.044444 0.025000
0 0.372222 0.698438 0.031481 0.018750
0 0.308333 0.589583 0.014815 0.018750
0 0.333333 0.441667 0.044444 0.027083
0 0.307407 0.457292 0.046296 0.026042
0 0.207407 0.527604 0.024074 0.014583
0 0.253704 0.690104 0.033333 0.020833
0 0.295370 0.429688 0.048148 0.028125
0 0.204630 0.493750 0.029630 0.016667
0 0.186111 0.529687 0.024074 0.014583
0 0.257407 0.163021 0.024074 0.013542
0 0.243519 0.719792 0.035185 0.020833
0 0.222222 0.612500 0.031481 0.016667
0 0.579630 0.374479 0.031481 0.016667
0 0.255556 0.163021 0.024074 0.014583
0 0.170370 0.520833 0.016667 0.009375
0 0.200000 0.713021 0.027778 0.018750
0 0.459259 0.694792 0.025926 0.012500
0 0.988889 0.659375 0.024074 0.028125
0 0.977778 0.312500 0.025926 0.014583
0 0.993519 0.480729 0.005556 0.013542
0 0.928704 0.315104 0.024074 0.014583
0 0.919444 0.479687 0.018519 0.011458
0 0.827778 0.328646 0.024074 0.014583
0 0.886111 0.489063 0.024074 0.013542
0 0.830556 0.318750 0.024074 0.015625
0 0.896296 0.501042 0.024074 0.014583
0 0.996296 0.660937 0.007407 0.019792
0 0.827778 0.311458 0.022222 0.012500
0 0.861111 0.500521 0.018519 0.012500
0 0.875000 0.286979 0.024074 0.014583
0 0.857407 0.511458 0.027778 0.015625
0 0.812037 0.579167 0.024074 0.013542
0 0.865741 0.485938 0.016667 0.009375
0 0.858333 0.511979 0.027778 0.016667
0 0.858333 0.307292 0.025926 0.013542
0 0.812037 0.579688 0.025926 0.013542
0 0.864815 0.315104 0.024074 0.013542
0 0.813889 0.516146 0.025926 0.013542
0 0.742593 0.573438 0.014815 0.007292
0 0.999074 0.396354 0.014815 0.009375
0 0.817593 0.298958 0.024074 0.012500
0 0.908333 0.708333 0.029630 0.015625
0 0.817593 0.312500 0.031481 0.016667
0 0.788889 0.315104 0.029630 0.012500
0 0.684259 0.710417 0.020370 0.010417
0 0.928704 0.314063 0.024074 0.013542
0 0.914815 0.194792 0.012963 0.008333
0 0.740741 0.578646 0.020370 0.013542
0 0.781481 0.311979 0.037037 0.023958
0 0.529630 0.485938 0.024074 0.016667
0 0.953704 0.313021 0.025926 0.015625
0 0.536111 0.508854 0.029630 0.016667
0 0.794444 0.314063 0.022222 0.014583
0 0.540741 0.594792 0.018519 0.010417
0 0.369444 0.734375 0.035185 0.019792
0 0.380556 0.295833 0.031481 0.015625
0 0.783333 0.346354 0.025926 0.015625
0 0.351852 0.725000 0.029630 0.015625
0 0.411111 0.638021 0.029630 0.015625
