0 0.057407 0.269792 0.027778 0.014583
0 0.068519 0.488542 0.025926 0.014583
0 0.075000 0.297917 0.025926 0.014583
0 0.778704 0.642708 0.035185 0.019792
0 0.108333 0.489063 0.025926 0.014583
0 0.097222 0.301563 0.024074 0.013542
0 0.120370 0.479167 0.025926 0.011458
0 0.107407 0.311979 0.022222 0.013542
0 0.887963 0.796354 0.040741 0.025000
0 0.148148 0.467187 0.024074 0.010417
0 0.144444 0.297917 0.027778 0.015625
0 0.111111 0.289062 0.022222 0.012500
0 0.856481 0.622396 0.033333 0.017708
0 0.824074 0.540104 0.024074 0.012500
0 0.659259 0.520312 0.020370 0.012500
0 0.057407 0.474479 0.024074 0.011458
0 0.006481 0.570833 0.012963 0.014583
0 0.886111 0.693750 0.025926 0.013542
0 0.021296 0.504687 0.024074 0.014583
0 0.036111 0.496354 0.025926 0.014583
0 0.009259 0.501563 0.018519 0.015625
0 0.990741 0.523958 0.018519 0.027083
0 0.548148 0.466146 0.027778 0.015625
0 0.749074 0.703125 0.031481 0.014583
0 0.550926 0.346875 0.031481 0.017708
0 0.601852 0.289583 0.025926 0.015625
0 0.889815 0.665625 0.046296 0.021875
0 0.994444 0.262500 0.009259 0.015625
0 0.625926 0.280729 0.025926 0.014583
0 0.994444 0.378646 0.009259 0.022917
0 0.862037 0.785937 0.031481 0.020833
0 0.663889 0.692187 0.027778 0.016667
0 0.991667 0.447396 0.016667 0.020833
0 0.992593 0.706771 0.012963 0.017708
0 0.925000 0.708854 0.042593 0.022917
0 0.997222 0.528646 0.024074 0.017708
0 0.574074 0.494271 0.024074 0.013542
0 0.916667 0.274479 0.035185 0.017708
0 0.990741 0.737500 0.014815 0.014583
0 0.995370 0.496354 0.007407 0.021875
0 0.994444 0.229167 0.009259 0.018750
0 0.997222 0.768229 0.014815 0.008333
0 0.994444 0.673958 0.007407 0.013542
0 0.990741 0.754167 0.018519 0.018750
0 0.993519 0.530729 0.011111 0.022917
0 0.965741 0.696354 0.059259 0.025000
0 0.993519 0.532813 0.011111 0.019792
0 0.994444 0.626563 0.009259 0.025000
0 0.596296 0.656771 0.029630 0.017708
0 0.572222 0.382812 0.029630 0.015625
0 0.925926 0.708854 0.042593 0.021875
0 0.550000 0.367188 0.025926 0.016667
0 0.176852 0.479167 0.033333 0.015625
0 0.178704 0.296875 0.025926 0.014583
0 0.412963 0.666667 0.031481 0.017708
0 0.205556 0.389062 0.033333 0.019792
0 0.240741 0.406771 0.022222 0.010417
0 0.192593 0.420833 0.020370 0.012500
0 0.641667 0.518229 0.024074 0.013542
0 0.215741 0.382292 0.018519 0.011458
0 0.462037 0.686458 0.037037 0.020833
0 0.886111 0.293750 0.024074 0.012500
0 0.449074 0.712500 0.031481 0.018750
0 0.992593 0.686979 0.014815 0.028125
0 0.673148 0.571354 0.025926 0.014583
0 0.515741 0.663542 0.020370 0.011458
0 0.514815 0.678646 0.033333 0.018750
0 0.997222 0.659896 0.014815 0.023958
0 0.485185 0.711458 0.029630 0.016667
0 0.512037 0.686979 0.022222 0.012500
0 0.996296 0.653646 0.031481 0.014583
0 1.000926 0.665625 0.022222 0.014583
0 0.999074 0.677083 0.033333 0.014583
0 0.993519 0.539583 0.012963 0.025000
0 0.996296 0.789583 0.029630 0.016667
0 0.694444 0.696875 0.031481 0.017708
0 0.995370 0.654167 0.005556 0.010417
0 0.992593 0.676562 0.014815 0.023958
0 0.992593 0.750000 0.012963 0.025000
0 0.993519 0.774479 0.009259 0.016667
0 0.994444 0.653125 0.007407 0.019792
0 0.993519 0.415625 0.012963 0.022917
0 0.993519 0.542708 0.012963 0.023958
0 0.997222 0.728646 0.011111 0.020833
0 0.993519 0.665104 0.011111 0.020833
0 1.029630 0.640104 0.092593 0.052083
