0 0.791667 0.658333 0.035185 0.020833
0 0.706481 0.663542 0.033333 0.015625
0 1.005556 0.539062 0.027778 0.020833
0 0.431481 0.679688 0.027778 0.015625
0 1.007407 0.569271 0.029630 0.018750
0 1.000000 0.278646 0.025926 0.016667
0 1.002778 0.267708 0.027778 0.016667
0 0.993519 0.526563 0.011111 0.019792
0 0.795370 0.768750 0.024074 0.014583
0 0.967593 0.545833 0.042593 0.022917
0 0.450926 0.674479 0.022222 0.013542
0 0.993519 0.689063 0.035185 0.020833
0 0.675926 0.644792 0.024074 0.015625
0 0.991667 0.573958 0.016667 0.018750
0 0.992593 0.538021 0.031481 0.018750
0 0.694444 0.536979 0.027778 0.015625
0 1.003704 0.292187 0.024074 0.015625
0 0.893519 0.631250 0.033333 0.015625
0 0.313889 0.448958 0.027778 0.015625
0 0.990741 0.539583 0.016667 0.026042
0 0.318519 0.364583 0.027778 0.015625
0 0.927778 0.574479 0.050000 0.027083
0 0.987963 0.272396 0.031481 0.015625
0 0.714815 0.518750 0.040741 0.022917
0 0.626852 0.679688 0.040741 0.022917
0 0.992593 0.541667 0.011111 0.018750
0 0.992593 0.489583 0.011111 0.021875
0 0.987963 0.387500 0.020370 0.022917
0 0.776852 0.732292 0.031481 0.016667
0 0.993519 0.704167 0.011111 0.018750
0 1.000000 0.368750 0.033333 0.023958
0 0.823148 0.760417 0.027778 0.015625
0 0.959259 0.218229 0.042593 0.023958
0 0.996296 0.532292 0.007407 0.020833
0 0.990741 0.726562 0.016667 0.016667
0 0.685185 0.255208 0.029630 0.018750
0 0.348148 0.476562 0.024074 0.013542
0 0.999074 0.515625 0.024074 0.018750
0 0.499074 0.265104 0.031481 0.018750
0 0.596296 0.692187 0.037037 0.023958
0 0.706481 0.685937 0.031481 0.017708
0 0.677778 0.433854 0.037037 0.021875
0 0.403704 0.675000 0.027778 0.016667
0 0.603704 0.779167 0.035185 0.022917
0 0.775000 0.358854 0.042593 0.025000
0 0.986111 0.335417 0.029630 0.016667
0 0.995370 0.590625 0.007407 0.022917
0 0.939815 0.258333 0.033333 0.017708
0 0.712037 0.652604 0.037037 0.019792
0 0.986111 0.589583 0.025926 0.020833
0 1.005556 0.498958 0.061111 0.030208
0 0.707407 0.712500 0.031481 0.019792
0 0.994444 0.676042 0.011111 0.020833
0 0.801852 0.380729 0.042593 0.022917
0 0.996296 0.478646 0.005556 0.018750
0 0.825000 0.663021 0.037037 0.025000
0 0.742593 0.770833 0.031481 0.017708
0 0.992593 0.594271 0.011111 0.020833
0 0.981481 0.719271 0.037037 0.020833
0 0.996296 0.411979 0.005556 0.015625
0 0.429630 0.501042 0.020370 0.012500
0 0.036111 0.385417 0.016667 0.012500
0 0.161111 0.671354 0.037037 0.020833
0 0.683333 0.286458 0.020370 0.014583
0 0.165741 0.695833 0.033333 0.019792
0 0.825000 0.663021 0.038889 0.023958
0 0.425000 0.554167 0.022222 0.013542
0 0.214815 0.647917 0.025926 0.013542
0 0.213889 0.663021 0.037037 0.020833
0 1.006481 0.450521 0.025926 0.017708
0 0.793519 0.658333 0.031481 0.020833
0 0.204630 0.694792 0.031481 0.017708
0 0.223148 0.671354 0.027778 0.014583
0 0.685185 0.548958 0.020370 0.012500
0 0.862037 0.659896 0.027778 0.014583
0 0.496296 0.684896 0.027778 0.014583
0 0.292593 0.327604 0.031481 0.016667
0 0.372222 0.267188 0.027778 0.014583
0 0.561111 0.648958 0.042593 0.025000
0 0.000000 0.000000 0.000000 0.000000
0 0.992593 0.590104 0.014815 0.019792
0 0.299074 0.348958 0.033333 0.016667
0 0.989815 0.481250 0.022222 0.012500
0 0.595370 0.692187 0.037037 0.022917
0 0.340741 0.639583 0.029630 0.016667
