0 0.003704 0.363021 0.007407 0.014583
0 0.011111 0.639062 0.022222 0.017708
0 0.485185 0.575000 0.048148 0.026042
0 0.650000 0.271875 0.031481 0.020833
0 0.292593 0.518229 0.040741 0.022917
0 0.179630 0.680208 0.042593 0.025000
0 0.824074 0.529167 0.037037 0.018750
0 0.525000 0.483854 0.044444 0.025000
0 0.788889 0.378646 0.042593 0.021875
0 0.387963 0.734896 0.031481 0.016667
0 0.626852 0.718750 0.035185 0.021875
0 0.822222 0.384375 0.031481 0.020833
0 0.443519 0.763021 0.027778 0.017708
0 0.508333 0.216667 0.038889 0.025000
0 0.494444 0.545833 0.040741 0.021875
0 0.850000 0.542188 0.031481 0.017708
0 0.225000 0.365104 0.025926 0.011458
0 0.116667 0.648958 0.037037 0.017708
0 0.666667 0.703646 0.029630 0.013542
0 0.230556 0.644271 0.031481 0.017708
0 0.820370 0.571354 0.029630 0.017708
0 0.712963 0.636979 0.022222 0.013542
0 0.808333 0.560417 0.029630 0.016667
0 0.450000 0.215625 0.024074 0.012500
0 0.251852 0.366667 0.024074 0.009375
0 0.313889 0.544271 0.020370 0.012500
0 0.409259 0.447917 0.031481 0.019792
0 0.081481 0.270833 0.027778 0.013542
0 0.695370 0.288542 0.025926 0.015625
0 0.441667 0.632292 0.031481 0.017708
0 0.635185 0.529687 0.031481 0.018750
0 0.609259 0.551562 0.027778 0.017708
0 0.013889 0.448958 0.025926 0.013542
0 0.800926 0.352604 0.027778 0.013542
0 0.787963 0.536979 0.037037 0.019792
0 0.593519 0.722396 0.033333 0.020833
0 0.677778 0.542708 0.046296 0.025000
0 0.390741 0.256250 0.031481 0.019792
0 0.061111 0.476042 0.025926 0.014583
0 0.612037 0.282292 0.022222 0.013542
0 0.654630 0.518750 0.029630 0.017708
0 0.718519 0.273958 0.022222 0.014583
0 0.075926 0.259375 0.025926 0.015625
0 0.149074 0.692187 0.035185 0.020833
0 0.300000 0.686458 0.029630 0.016667
0 0.238889 0.432812 0.038889 0.021875
0 0.697222 0.488021 0.024074 0.012500
0 0.065741 0.675521 0.027778 0.014583
0 0.224074 0.778125 0.044444 0.026042
0 0.274074 0.355729 0.038889 0.022917
0 0.106481 0.289062 0.031481 0.016667
0 0.831481 0.339583 0.027778 0.014583
0 0.787037 0.578125 0.035185 0.018750
0 0.626852 0.262500 0.042593 0.026042
0 0.271296 0.652604 0.037037 0.019792
0 0.828704 0.576562 0.035185 0.019792
0 0.848148 0.511979 0.035185 0.019792
0 0.312037 0.713542 0.031481 0.018750
0 0.670370 0.690625 0.042593 0.025000
0 0.310185 0.379167 0.040741 0.020833
0 0.692593 0.502604 0.037037 0.021875
0 0.394444 0.665625 0.037037 0.020833
0 0.355556 0.772917 0.033333 0.017708
0 0.850926 0.563021 0.031481 0.018750
0 0.538889 0.722396 0.042593 0.019792
0 0.764815 0.432292 0.042593 0.023958
0 0.633333 0.248958 0.037037 0.016667
0 0.373148 0.661979 0.035185 0.018750
0 0.275000 0.664062 0.035185 0.014583
0 0.644444 0.551042 0.029630 0.017708
0 0.089815 0.679688 0.031481 0.015625
0 0.648148 0.575000 0.027778 0.015625
0 0.709259 0.282292 0.029630 0.017708
0 0.767593 0.520312 0.037037 0.020833
0 0.414815 0.769792 0.029630 0.016667
