0 0.145370 0.689063 0.038889 0.019792
0 0.265741 0.648958 0.037037 0.019792
0 0.002778 0.360938 0.005556 0.015625
0 0.005556 0.638542 0.011111 0.017708
0 0.479630 0.569271 0.050000 0.027083
0 0.634259 0.265625 0.029630 0.019792
0 0.283333 0.514583 0.042593 0.022917
0 0.175926 0.677083 0.044444 0.025000
0 0.812963 0.520833 0.035185 0.018750
0 0.517593 0.478646 0.044444 0.026042
0 0.777778 0.371354 0.042593 0.022917
0 0.384259 0.729688 0.031481 0.016667
0 0.622222 0.709896 0.035185 0.020833
0 0.808333 0.376563 0.031481 0.019792
0 0.439815 0.756250 0.027778 0.016667
0 0.491667 0.210938 0.038889 0.025000
0 0.668519 0.535417 0.044444 0.025000
0 0.589815 0.714583 0.033333 0.019792
0 0.371296 0.251042 0.031481 0.018750
0 0.042593 0.474479 0.025926 0.013542
0 0.597222 0.276562 0.022222 0.013542
0 0.645370 0.513021 0.033333 0.018750
0 0.700926 0.268229 0.020370 0.014583
0 0.050926 0.256250 0.029630 0.014583
0 0.295370 0.682292 0.029630 0.017708
0 0.227778 0.429167 0.040741 0.021875
0 0.686111 0.481250 0.024074 0.011458
0 0.055556 0.673438 0.027778 0.014583
0 0.220370 0.774479 0.044444 0.026042
0 0.262037 0.352083 0.038889 0.023958
0 0.083333 0.285938 0.031481 0.016667
0 0.814815 0.332292 0.027778 0.014583
0 0.777778 0.570312 0.035185 0.018750
0 0.611111 0.256250 0.040741 0.026042
0 0.819444 0.567708 0.033333 0.017708
0 0.837963 0.504167 0.035185 0.018750
0 0.307407 0.708854 0.031481 0.018750
0 0.664815 0.682292 0.042593 0.025000
0 0.298148 0.375521 0.042593 0.021875
0 0.684259 0.495833 0.037037 0.021875
0 0.390741 0.660417 0.035185 0.019792
0 0.352778 0.767188 0.031481 0.017708
0 0.840741 0.554167 0.033333 0.018750
0 0.535185 0.715104 0.042593 0.020833
0 0.754630 0.425000 0.042593 0.023958
0 0.618519 0.243229 0.035185 0.018750
0 0.368519 0.656771 0.033333 0.018750
0 0.269444 0.659896 0.035185 0.014583
0 0.634259 0.544271 0.029630 0.016667
0 0.081481 0.678125 0.031481 0.016667
0 0.637963 0.568229 0.029630 0.015625
0 0.691667 0.276042 0.031481 0.017708
0 0.758333 0.513021 0.037037 0.020833
0 0.412037 0.763542 0.031481 0.016667
0 0.487963 0.540625 0.040741 0.021875
0 0.838889 0.533333 0.031481 0.017708
0 0.207407 0.361979 0.025926 0.012500
0 0.110185 0.646875 0.037037 0.017708
0 0.659259 0.695312 0.029630 0.014583
0 0.223148 0.640625 0.027778 0.016667
0 0.809259 0.563542 0.029630 0.016667
0 0.702778 0.628646 0.024074 0.013542
0 0.797222 0.552083 0.027778 0.015625
0 0.430556 0.209896 0.024074 0.013542
0 0.234259 0.363542 0.024074 0.009375
0 0.301852 0.541146 0.020370 0.012500
0 0.397222 0.443750 0.031481 0.018750
0 0.057407 0.268229 0.027778 0.013542
0 0.678704 0.282813 0.027778 0.015625
0 0.437037 0.626563 0.029630 0.017708
0 0.625926 0.522917 0.029630 0.017708
0 0.598148 0.545312 0.027778 0.017708
0 0.000000 0.447917 0.012963 0.014583
0 0.785185 0.345313 0.027778 0.013542
0 0.778704 0.529167 0.035185 0.019792
