0 0.480556 0.371354 0.027778 0.015625
0 0.763889 0.699479 0.037037 0.021875
0 0.988889 0.496354 0.020370 0.011458
0 0.462037 0.355208 0.029630 0.015625
0 0.991667 0.608333 0.014815 0.020833
0 0.731481 0.655729 0.042593 0.022917
0 0.526852 0.279687 0.027778 0.015625
0 0.461111 0.335417 0.031481 0.016667
0 0.629630 0.691146 0.025926 0.014583
0 1.007407 0.670312 0.027778 0.014583
0 0.862037 0.560417 0.018519 0.010417
0 0.377778 0.669792 0.024074 0.013542
0 0.356481 0.692708 0.027778 0.017708
0 0.958333 0.670833 0.035185 0.020833
0 1.007407 0.492188 0.029630 0.019792
0 0.377778 0.660937 0.037037 0.018750
0 0.379630 0.646354 0.022222 0.012500
0 0.566667 0.559896 0.022222 0.014583
0 0.987037 0.675521 0.025926 0.020833
0 0.320370 0.693229 0.031481 0.017708
0 0.842593 0.305208 0.022222 0.012500
0 0.326852 0.668229 0.037037 0.020833
0 0.138889 0.363542 0.024074 0.012500
0 0.559259 0.506771 0.024074 0.012500
0 0.125926 0.399479 0.025926 0.015625
0 0.180556 0.386458 0.020370 0.009375
0 0.117593 0.368750 0.033333 0.018750
0 0.290741 0.647917 0.027778 0.016667
0 0.116667 0.276562 0.025926 0.015625
0 0.090741 0.457292 0.029630 0.015625
0 0.546296 0.270313 0.027778 0.015625
0 0.080556 0.277083 0.027778 0.015625
0 0.065741 0.443229 0.027778 0.013542
0 0.737037 0.784896 0.035185 0.023958
0 0.059259 0.290104 0.024074 0.014583
0 0.043519 0.456250 0.025926 0.013542
0 0.047222 0.279687 0.025926 0.014583
0 0.031481 0.464583 0.025926 0.014583
0 0.992593 0.519271 0.011111 0.022917
0 0.987963 0.438021 0.022222 0.025000
0 0.653704 0.631771 0.029630 0.018750
0 0.025000 0.276042 0.025926 0.014583
0 0.003704 0.465104 0.007407 0.016667
0 0.005556 0.247396 0.011111 0.014583
0 0.993519 0.542708 0.011111 0.017708
0 0.798148 0.688021 0.048148 0.023958
0 0.890741 0.530729 0.038889 0.021875
0 0.994444 0.604167 0.009259 0.023958
0 0.482407 0.641667 0.029630 0.017708
0 0.993519 0.603125 0.012963 0.022917
0 0.993519 0.743750 0.012963 0.023958
0 0.939815 0.781250 0.020370 0.011458
0 0.996296 0.395313 0.005556 0.013542
0 0.960185 0.670833 0.035185 0.020833
0 0.995370 0.547396 0.009259 0.021875
0 0.874074 0.673438 0.033333 0.016667
0 1.010185 0.482292 0.042593 0.031250
0 0.571296 0.683854 0.029630 0.015625
0 1.007407 0.311458 0.037037 0.023958
0 0.994444 0.505729 0.011111 0.017708
0 0.996296 0.440625 0.005556 0.015625
0 0.993519 0.675000 0.033333 0.019792
0 0.926852 0.745313 0.031481 0.016667
0 0.993519 0.704167 0.009259 0.014583
0 0.966667 0.774479 0.024074 0.015625
0 0.994444 0.225000 0.009259 0.019792
0 0.995370 0.500000 0.007407 0.021875
0 0.991667 0.725000 0.016667 0.015625
0 0.870370 0.269271 0.029630 0.019792
0 0.487037 0.481771 0.024074 0.013542
0 0.997222 0.543229 0.024074 0.018750
0 0.762037 0.698958 0.038889 0.022917
0 0.863889 0.695833 0.029630 0.016667
0 0.863889 0.445833 0.038889 0.019792
0 0.543519 0.678646 0.027778 0.015625
0 0.719444 0.773438 0.029630 0.019792
0 0.982407 0.373958 0.035185 0.022917
0 0.995370 0.608333 0.009259 0.023958
0 0.993519 0.257812 0.011111 0.017708
0 0.883333 0.663021 0.037037 0.019792
0 0.985185 0.625521 0.027778 0.021875
0 1.008333 0.506250 0.087037 0.042708
0 0.860185 0.722917 0.033333 0.018750
0 0.992593 0.620833 0.012963 0.025000
0 0.992593 0.396354 0.014815 0.020833
0 0.889815 0.782292 0.031481 0.018750
0 0.990741 0.539583 0.016667 0.026042
0 0.460185 0.453125 0.027778 0.017708
0 0.992593 0.647396 0.031481 0.014583
0 0.991667 0.539062 0.029630 0.017708
0 0.991667 0.576042 0.012963 0.015625
0 0.849074 0.654167 0.024074 0.015625
0 0.992593 0.679688 0.037037 0.015625
0 0.589815 0.678125 0.022222 0.012500
