0 0.312037 0.503125 0.020370 0.013542
0 0.409259 0.471875 0.024074 0.012500
0 0.992593 0.772396 0.012963 0.030208
0 0.369444 0.321875 0.022222 0.013542
0 0.386111 0.482812 0.027778 0.012500
0 0.362037 0.311458 0.022222 0.013542
0 0.382407 0.494271 0.024074 0.013542
0 0.996296 0.664583 0.005556 0.017708
0 0.340741 0.307292 0.022222 0.015625
0 0.342593 0.494271 0.025926 0.015625
0 0.341667 0.281250 0.024074 0.016667
0 0.299074 0.507292 0.027778 0.017708
0 0.993519 0.680729 0.011111 0.015625
0 0.267593 0.573438 0.031481 0.015625
0 0.337037 0.479687 0.022222 0.012500
0 0.925926 0.527083 0.022222 0.010417
0 0.299074 0.506250 0.029630 0.016667
0 0.994444 0.543229 0.025926 0.011458
0 0.995370 0.667708 0.007407 0.022917
0 0.382407 0.300000 0.025926 0.015625
0 0.267593 0.573438 0.029630 0.014583
0 0.395370 0.307812 0.022222 0.013542
0 0.996296 0.403125 0.003704 0.014583
0 0.270370 0.564583 0.024074 0.010417
0 0.282407 0.509375 0.022222 0.013542
0 0.421296 0.486979 0.020370 0.011458
0 0.212037 0.561458 0.020370 0.011458
0 0.467593 0.391667 0.022222 0.012500
0 0.175000 0.297396 0.035185 0.017708
0 0.197222 0.703125 0.029630 0.016667
0 0.161111 0.311979 0.040741 0.019792
0 0.127778 0.317188 0.035185 0.018750
0 0.831481 0.694792 0.027778 0.016667
0 0.942593 0.536979 0.020370 0.012500
0 0.104630 0.547917 0.031481 0.017708
0 0.117593 0.704688 0.022222 0.012500
0 0.056481 0.350000 0.033333 0.016667
0 0.930556 0.311979 0.031481 0.016667
0 0.415741 0.308854 0.020370 0.013542
0 0.812037 0.718750 0.029630 0.017708
0 0.425000 0.306250 0.025926 0.013542
0 0.919444 0.283333 0.025926 0.016667
0 0.473148 0.485417 0.027778 0.015625
0 0.456481 0.305208 0.024074 0.015625
0 0.734259 0.670833 0.035185 0.019792
0 0.512963 0.396354 0.029630 0.017708
0 0.496296 0.413021 0.020370 0.012500
0 0.480556 0.428125 0.012963 0.007292
0 0.910185 0.524479 0.025926 0.013542
0 0.519444 0.388542 0.016667 0.009375
0 0.809259 0.693750 0.035185 0.020833
0 0.996296 0.321354 0.020370 0.010417
0 0.775000 0.719271 0.031481 0.018750
0 0.991667 0.677604 0.016667 0.030208
0 0.989815 0.571354 0.022222 0.011458
0 0.862037 0.685417 0.033333 0.018750
0 0.997222 0.739062 0.016667 0.026042
0 0.852778 0.371354 0.029630 0.014583
0 0.994444 0.723437 0.011111 0.020833
0 0.877778 0.387500 0.031481 0.015625
0 0.903704 0.664062 0.031481 0.017708
0 0.994444 0.550521 0.009259 0.025000
0 0.990741 0.769271 0.016667 0.028125
0 0.990741 0.769271 0.018519 0.017708
0 0.990741 0.761458 0.014815 0.008333
0 0.989815 0.239583 0.020370 0.010417
0 0.993519 0.272917 0.012963 0.016667
0 0.854630 0.500000 0.024074 0.014583
0 0.990741 0.729688 0.018519 0.023958
0 0.989815 0.705208 0.014815 0.020833
0 0.994444 0.530208 0.009259 0.022917
0 0.976852 0.700521 0.033333 0.017708
0 0.993519 0.783333 0.012963 0.016667
0 0.994444 0.337500 0.009259 0.021875
0 0.994444 0.623958 0.009259 0.017708
0 0.993519 0.706771 0.007407 0.013542
0 0.998148 0.464583 0.020370 0.014583
0 0.992593 0.622396 0.012963 0.023958
0 0.993519 0.786979 0.012963 0.019792
0 0.994444 0.629167 0.009259 0.020833
0 0.994444 0.640104 0.007407 0.014583
0 0.999074 0.705729 0.012963 0.018750
0 0.991667 0.543750 0.014815 0.031250
0 0.835185 0.471875 0.027778 0.016667
0 0.993519 0.721875 0.014815 0.018750
0 0.858333 0.351562 0.029630 0.017708
0 0.887037 0.293229 0.027778 0.014583
0 0.990741 0.685417 0.018519 0.023958
