0 0.790741 0.699479 0.029630 0.014583
0 0.178704 0.297917 0.025926 0.015625
0 0.662963 0.276562 0.029630 0.014583
0 0.219444 0.479687 0.027778 0.016667
0 0.213889 0.296354 0.025926 0.015625
0 0.460185 0.665625 0.031481 0.017708
0 0.248148 0.389062 0.031481 0.018750
0 0.274074 0.405729 0.020370 0.010417
0 0.231481 0.420833 0.018519 0.010417
0 0.676852 0.515104 0.020370 0.013542
0 0.253704 0.381771 0.018519 0.010417
0 0.512037 0.685417 0.035185 0.020833
0 0.932407 0.292708 0.024074 0.012500
0 0.497222 0.711458 0.031481 0.018750
0 0.992593 0.688542 0.014815 0.027083
0 0.714815 0.568229 0.027778 0.013542
0 0.565741 0.662500 0.018519 0.010417
0 0.563889 0.677083 0.033333 0.017708
0 0.997222 0.661458 0.014815 0.023958
0 0.532407 0.709896 0.027778 0.017708
0 0.561111 0.685417 0.022222 0.012500
0 1.049074 0.616667 0.148148 0.083333
0 0.175926 0.466146 0.025926 0.012500
0 0.590741 0.344271 0.029630 0.016667
0 0.635185 0.286458 0.025926 0.015625
0 0.943519 0.661979 0.046296 0.021875
0 0.588889 0.364063 0.027778 0.014583
0 0.979630 0.704167 0.038889 0.022917
0 0.611111 0.380208 0.027778 0.015625
0 0.640741 0.654687 0.029630 0.017708
0 0.994444 0.636458 0.009259 0.025000
0 0.993519 0.550000 0.011111 0.018750
0 0.998148 0.691146 0.014815 0.022917
0 0.992593 0.538021 0.011111 0.021875
0 0.990741 0.756771 0.018519 0.017708
0 0.994444 0.664583 0.007407 0.012500
0 0.991667 0.765625 0.014815 0.008333
0 0.962037 0.231771 0.018519 0.012500
0 0.991667 0.737500 0.014815 0.014583
0 0.951852 0.268750 0.033333 0.018750
0 0.159259 0.479687 0.027778 0.012500
0 0.129630 0.301563 0.024074 0.014583
0 0.147222 0.489583 0.025926 0.014583
0 0.824074 0.639062 0.037037 0.019792
0 0.106481 0.297917 0.025926 0.014583
0 0.107407 0.489583 0.025926 0.015625
0 0.092593 0.269792 0.027778 0.014583
0 0.075926 0.496875 0.024074 0.014583
0 0.061111 0.505729 0.025926 0.014583
0 0.929630 0.689583 0.022222 0.013542
0 0.040741 0.570833 0.022222 0.013542
0 0.096296 0.474479 0.022222 0.011458
0 0.695370 0.518229 0.022222 0.011458
0 0.047222 0.502083 0.031481 0.016667
0 0.862037 0.535417 0.024074 0.012500
0 0.906481 0.619271 0.029630 0.017708
0 0.146296 0.288542 0.024074 0.012500
0 0.024074 0.570312 0.027778 0.015625
0 0.162963 0.298438 0.020370 0.012500
0 0.816667 0.382292 0.029630 0.016667
0 0.024074 0.561979 0.024074 0.010417
0 0.031481 0.505208 0.022222 0.012500
0 0.198148 0.481250 0.022222 0.013542
0 0.937037 0.792708 0.044444 0.027083
0 0.139815 0.311979 0.024074 0.013542
0 0.979630 0.704688 0.044444 0.022917
0 0.612037 0.492188 0.024074 0.013542
0 0.998148 0.524479 0.024074 0.017708
0 0.991667 0.714063 0.012963 0.017708
0 0.994444 0.445833 0.009259 0.021875
0 0.708333 0.689583 0.027778 0.015625
0 0.911111 0.781250 0.033333 0.019792
0 0.994444 0.372917 0.009259 0.023958
0 0.994444 0.261458 0.009259 0.014583
0 0.988889 0.654687 0.011111 0.019792
0 0.994444 0.721875 0.009259 0.018750
0 0.993519 0.413542 0.012963 0.022917
0 0.994444 0.633333 0.007407 0.019792
0 0.993519 0.772396 0.011111 0.018750
0 0.992593 0.752604 0.012963 0.026042
0 0.991667 0.660937 0.016667 0.025000
0 0.996296 0.653125 0.005556 0.010417
0 0.740741 0.693750 0.033333 0.017708
0 0.997222 0.811458 0.027778 0.016667
0 0.993519 0.550521 0.012963 0.025000
0 1.000000 0.677604 0.035185 0.015625
0 1.000926 0.665104 0.024074 0.014583
0 0.996296 0.649479 0.031481 0.014583
0 0.586111 0.464583 0.027778 0.015625
