0 0.811111 0.381250 0.035185 0.019792
0 0.650926 0.702604 0.031481 0.015625
0 0.286111 0.670312 0.029630 0.015625
0 0.092593 0.643229 0.038889 0.018750
0 0.214815 0.359896 0.025926 0.012500
0 0.835185 0.540625 0.033333 0.018750
0 0.475000 0.542708 0.040741 0.022917
0 0.394444 0.766667 0.029630 0.016667
0 0.750926 0.518750 0.037037 0.020833
0 0.703704 0.278646 0.033333 0.017708
0 0.633333 0.572917 0.025926 0.016667
0 0.073148 0.673958 0.029630 0.016667
0 0.630556 0.549479 0.029630 0.018750
0 0.251852 0.658854 0.035185 0.014583
0 0.350926 0.658333 0.035185 0.018750
0 0.622222 0.244271 0.035185 0.019792
0 0.747222 0.429688 0.044444 0.023958
0 0.515741 0.719792 0.042593 0.020833
0 0.836111 0.561458 0.031481 0.018750
0 0.334259 0.769271 0.031481 0.018750
0 0.374074 0.662500 0.037037 0.020833
0 0.675000 0.500521 0.035185 0.021875
0 0.290741 0.373437 0.042593 0.021875
0 0.649074 0.689063 0.042593 0.025000
0 0.291667 0.709375 0.031481 0.018750
0 0.831481 0.510938 0.033333 0.019792
0 0.813889 0.575521 0.035185 0.018750
0 0.248148 0.647917 0.037037 0.018750
0 0.613889 0.258333 0.040741 0.026042
0 0.771296 0.577083 0.035185 0.018750
0 0.825926 0.337500 0.025926 0.014583
0 0.099074 0.282292 0.031481 0.017708
0 0.253704 0.349479 0.038889 0.022917
0 0.203704 0.773958 0.042593 0.025000
0 0.048148 0.669271 0.025926 0.014583
0 0.683333 0.484896 0.025926 0.014583
0 0.222222 0.426563 0.040741 0.021875
0 0.279630 0.681771 0.029630 0.016667
0 0.127778 0.686458 0.038889 0.018750
0 0.068519 0.251563 0.025926 0.015625
0 0.713889 0.271354 0.024074 0.014583
0 0.645370 0.518229 0.035185 0.017708
0 0.598148 0.277604 0.022222 0.013542
0 0.051852 0.469792 0.025926 0.014583
0 0.387037 0.250000 0.031481 0.019792
0 0.571296 0.720313 0.033333 0.019792
0 0.659259 0.540104 0.044444 0.023958
0 0.495370 0.210417 0.038889 0.023958
0 0.424074 0.759375 0.027778 0.016667
0 0.605556 0.717187 0.035185 0.021875
0 0.366667 0.731771 0.031481 0.017708
0 0.772222 0.376563 0.042593 0.023958
0 0.504630 0.480729 0.044444 0.026042
0 0.807407 0.527604 0.035185 0.019792
0 0.156481 0.674479 0.046296 0.025000
0 0.274074 0.513542 0.040741 0.022917
0 0.642593 0.267188 0.033333 0.019792
0 0.466667 0.571354 0.048148 0.027083
0 0.003704 0.632292 0.007407 0.016667
0 0.691667 0.285417 0.024074 0.015625
0 0.075000 0.263021 0.027778 0.014583
0 0.395370 0.443750 0.031481 0.019792
0 0.305556 0.540104 0.020370 0.012500
0 0.243519 0.360938 0.025926 0.010417
0 0.448148 0.209375 0.024074 0.013542
0 0.792593 0.559375 0.029630 0.016667
0 0.699074 0.635417 0.022222 0.014583
0 0.622222 0.527604 0.031481 0.019792
0 0.595370 0.548438 0.027778 0.016667
0 0.009259 0.442188 0.018519 0.013542
0 0.792593 0.348438 0.024074 0.014583
0 0.772222 0.535937 0.037037 0.020833
0 0.804630 0.570833 0.029630 0.018750
0 0.207407 0.638021 0.031481 0.018750
0 0.419444 0.628646 0.033333 0.016667
