0 0.992593 0.783854 0.012963 0.016667
0 0.950926 0.699479 0.031481 0.017708
0 0.994444 0.522396 0.009259 0.022917
0 0.991667 0.708854 0.016667 0.020833
0 0.990741 0.729688 0.018519 0.023958
0 0.833333 0.498958 0.024074 0.013542
0 0.992593 0.272917 0.011111 0.017708
0 0.988889 0.233854 0.018519 0.010417
0 0.991667 0.763021 0.014815 0.008333
0 0.990741 0.764583 0.016667 0.017708
0 0.990741 0.761458 0.016667 0.027083
0 0.812963 0.470833 0.027778 0.016667
0 1.000926 0.670833 0.033333 0.014583
0 0.992593 0.537500 0.014815 0.031250
0 0.984259 0.705729 0.029630 0.018750
0 0.995370 0.635938 0.009259 0.019792
0 0.994444 0.641146 0.007407 0.014583
0 0.993519 0.786979 0.012963 0.019792
0 0.992593 0.618229 0.012963 0.022917
0 0.992593 0.435417 0.012963 0.023958
0 0.994444 0.708333 0.007407 0.014583
0 0.993519 0.626042 0.009259 0.018750
0 0.994444 0.344792 0.009259 0.021875
0 0.996296 0.401562 0.003704 0.014583
0 0.488889 0.395313 0.027778 0.018750
0 0.708333 0.670312 0.033333 0.021875
0 0.436111 0.304167 0.024074 0.015625
0 0.450926 0.483854 0.025926 0.015625
0 0.896296 0.281771 0.025926 0.016667
0 0.402778 0.305208 0.027778 0.014583
0 0.389815 0.470833 0.024074 0.013542
0 0.992593 0.773438 0.011111 0.029167
0 0.350926 0.320833 0.022222 0.013542
0 0.366667 0.482812 0.025926 0.011458
0 0.344444 0.310417 0.022222 0.012500
0 0.362963 0.493750 0.024074 0.014583
0 0.996296 0.666146 0.005556 0.017708
0 0.323148 0.306771 0.024074 0.014583
0 0.323148 0.492708 0.024074 0.015625
0 0.321296 0.279687 0.025926 0.017708
0 0.295370 0.501563 0.018519 0.012500
0 0.278704 0.506771 0.029630 0.018750
0 0.993519 0.684375 0.011111 0.015625
0 0.248148 0.572396 0.027778 0.014583
0 0.318519 0.479167 0.022222 0.013542
0 0.905556 0.526563 0.022222 0.011458
0 0.277778 0.505208 0.029630 0.016667
0 0.995370 0.536979 0.025926 0.012500
0 0.995370 0.667708 0.007407 0.021875
0 0.362963 0.298438 0.025926 0.014583
0 0.247222 0.571875 0.029630 0.014583
0 0.375926 0.306250 0.022222 0.012500
0 0.478704 0.411979 0.020370 0.010417
0 0.249074 0.564063 0.024074 0.010417
0 0.262037 0.508333 0.022222 0.013542
0 0.402778 0.485938 0.020370 0.011458
0 0.189815 0.560417 0.020370 0.011458
0 0.449074 0.390625 0.022222 0.012500
0 0.151852 0.296354 0.033333 0.018750
0 0.171296 0.702604 0.031481 0.017708
0 0.135185 0.310937 0.038889 0.019792
0 0.102778 0.315625 0.033333 0.018750
0 0.800926 0.693750 0.027778 0.017708
0 0.925926 0.535937 0.020370 0.013542
0 0.081481 0.546875 0.031481 0.016667
0 0.088889 0.703646 0.022222 0.012500
0 0.032407 0.348438 0.033333 0.016667
0 0.907407 0.310417 0.027778 0.015625
0 0.396296 0.306771 0.020370 0.012500
0 0.994444 0.557813 0.011111 0.016667
0 0.880556 0.663021 0.031481 0.017708
0 0.854630 0.385937 0.031481 0.015625
0 0.993519 0.722396 0.011111 0.020833
0 0.827778 0.369792 0.027778 0.015625
0 0.990741 0.679688 0.018519 0.022917
0 0.865741 0.291667 0.027778 0.016667
0 0.834259 0.350000 0.031481 0.017708
0 0.992593 0.723958 0.014815 0.019792
0 0.785185 0.717187 0.029630 0.018750
0 0.997222 0.733333 0.016667 0.026042
0 0.833333 0.684896 0.035185 0.017708
0 0.965741 0.573958 0.020370 0.011458
0 0.991667 0.682292 0.016667 0.030208
0 0.749074 0.718229 0.033333 0.018750
0 0.996296 0.318750 0.020370 0.010417
0 0.779630 0.692187 0.037037 0.021875
0 0.496296 0.388542 0.014815 0.009375
0 0.890741 0.522917 0.024074 0.012500
0 0.458333 0.427604 0.011111 0.007292
