0 -0.075926 0.337500 0.000000 0.000000
0 0.071296 0.647917 0.025926 0.014583
0 0.066667 0.663021 0.038889 0.020833
0 0.954630 0.438542 0.029630 0.019792
0 0.651852 0.665104 0.035185 0.020833
0 0.068519 0.694792 0.033333 0.017708
0 0.090741 0.670312 0.031481 0.018750
0 0.576852 0.555208 0.024074 0.012500
0 0.732407 0.665625 0.033333 0.017708
0 0.381481 0.687500 0.027778 0.015625
0 0.179630 0.324479 0.033333 0.017708
0 0.233333 0.254167 0.018519 0.019792
0 0.404630 0.653646 0.038889 0.019792
0 0.991667 0.589583 0.012963 0.019792
0 0.189815 0.345313 0.027778 0.015625
0 0.921296 0.489063 0.022222 0.012500
0 0.438889 0.699479 0.038889 0.023958
0 0.207407 0.360938 0.027778 0.015625
0 0.221296 0.640104 0.031481 0.017708
0 0.782407 0.581771 0.048148 0.026042
0 0.943519 0.275000 0.031481 0.015625
0 0.574074 0.522917 0.038889 0.021875
0 0.473148 0.685417 0.040741 0.025000
0 0.991667 0.541667 0.014815 0.020833
0 0.863889 0.491667 0.046296 0.025000
0 0.988889 0.377083 0.020370 0.021875
0 0.642593 0.740104 0.031481 0.017708
0 0.912963 0.726042 0.037037 0.019792
0 1.000000 0.377604 0.031481 0.021875
0 0.690741 0.768229 0.025926 0.016667
0 0.824074 0.218229 0.044444 0.025000
0 0.975000 0.549479 0.048148 0.025000
0 0.880556 0.729688 0.035185 0.018750
0 0.598148 0.252604 0.029630 0.018750
0 0.249074 0.475000 0.025926 0.014583
0 0.900926 0.523438 0.035185 0.017708
0 0.952778 0.279687 0.018519 0.014583
0 0.334259 0.261458 0.029630 0.017708
0 0.438889 0.697917 0.035185 0.021875
0 0.564815 0.691667 0.029630 0.017708
0 0.533333 0.435417 0.038889 0.020833
0 1.007407 0.494792 0.022222 0.011458
0 0.282407 0.677083 0.027778 0.015625
0 0.469444 0.784896 0.040741 0.022917
0 0.613889 0.360417 0.040741 0.025000
0 0.371296 0.282292 0.025926 0.014583
0 0.985185 0.335938 0.029630 0.017708
0 0.995370 0.591667 0.007407 0.020833
0 0.939815 0.265625 0.037037 0.025000
0 0.559259 0.658333 0.037037 0.019792
0 0.986111 0.588542 0.024074 0.019792
0 0.995370 0.506250 0.005556 0.018750
0 0.570370 0.718229 0.033333 0.017708
0 0.993519 0.523958 0.012963 0.019792
0 0.937037 0.283854 0.024074 0.015625
0 0.911111 0.579167 0.025926 0.015625
0 0.309259 0.681771 0.029630 0.016667
0 0.887037 0.554688 0.024074 0.018750
0 0.555556 0.669792 0.033333 0.014583
0 0.651852 0.665104 0.035185 0.020833
0 0.948148 0.253125 0.027778 0.015625
0 0.995370 0.432812 0.005556 0.017708
0 0.835185 0.730208 0.044444 0.021875
0 0.993519 0.583854 0.012963 0.020833
0 0.607407 0.778125 0.029630 0.018750
0 0.677778 0.671354 0.040741 0.022917
0 0.993519 0.509896 0.011111 0.020833
0 0.643519 0.383333 0.042593 0.022917
0 0.950000 0.697396 0.042593 0.025000
0 0.660185 0.775000 0.025926 0.015625
0 0.987963 0.542708 0.024074 0.025000
0 0.209259 0.446875 0.025926 0.015625
0 0.875000 0.534896 0.024074 0.013542
0 0.740741 0.640104 0.035185 0.016667
0 0.929630 0.287500 0.022222 0.014583
0 0.225926 0.303646 0.020370 0.009375
0 0.556481 0.540625 0.027778 0.015625
0 0.991667 0.555208 0.035185 0.019792
0 0.989815 0.644792 0.025926 0.014583
0 0.991667 0.579167 0.016667 0.018750
0 0.519444 0.651563 0.027778 0.016667
0 0.919444 0.708854 0.025926 0.014583
0 0.326852 0.676562 0.020370 0.013542
0 0.813889 0.553646 0.042593 0.023958
0 0.312963 0.554688 0.024074 0.015625
0 0.015741 0.671354 0.031481 0.021875
0 0.607407 0.286458 0.024074 0.012500
0 0.028704 0.696354 0.035185 0.019792
0 0.673148 0.669271 0.031481 0.019792
