0 0.997222 0.573958 0.025926 0.016667
0 0.990741 0.547917 0.016667 0.026042
0 0.274074 0.447396 0.025926 0.015625
0 0.837963 0.635417 0.035185 0.014583
0 1.003704 0.286979 0.022222 0.014583
0 0.296296 0.305208 0.018519 0.009375
0 0.641667 0.538542 0.027778 0.016667
0 0.993519 0.547396 0.033333 0.018750
0 0.991667 0.580208 0.016667 0.018750
0 0.616667 0.646875 0.024074 0.015625
0 1.012037 0.702604 0.027778 0.015625
0 0.401852 0.675000 0.020370 0.013542
0 0.910185 0.548958 0.042593 0.022917
0 0.744444 0.771354 0.025926 0.014583
0 0.993519 0.516667 0.011111 0.018750
0 0.994444 0.281250 0.025926 0.015625
0 0.384259 0.680208 0.031481 0.016667
0 0.982407 0.548438 0.025926 0.019792
0 0.649074 0.665104 0.035185 0.015625
0 0.738889 0.660417 0.033333 0.020833
0 1.003704 0.258333 0.025926 0.015625
0 0.995370 0.414062 0.005556 0.016667
0 0.929630 0.723958 0.042593 0.021875
0 0.993519 0.593229 0.012963 0.020833
0 0.690741 0.773958 0.031481 0.017708
0 0.769444 0.666667 0.040741 0.023958
0 0.995370 0.492708 0.005556 0.019792
0 0.743519 0.381250 0.044444 0.023958
0 0.993519 0.688542 0.011111 0.020833
0 0.655556 0.714583 0.031481 0.018750
0 1.002778 0.502083 0.051852 0.026042
0 0.986111 0.591667 0.025926 0.020833
0 0.653704 0.654687 0.037037 0.019792
0 0.993519 0.268229 0.012963 0.021875
0 0.995370 0.600521 0.007407 0.021875
0 0.984259 0.335417 0.029630 0.017708
0 0.450926 0.291667 0.025926 0.013542
0 0.715741 0.358333 0.040741 0.025000
0 0.549074 0.781250 0.038889 0.021875
0 0.357407 0.675521 0.025926 0.016667
0 0.623148 0.434375 0.037037 0.021875
0 0.651852 0.688021 0.029630 0.018750
0 0.172222 0.670833 0.029630 0.015625
0 0.639815 0.549479 0.022222 0.012500
0 0.829630 0.660417 0.035185 0.018750
0 0.159259 0.647396 0.024074 0.013542
0 0.382407 0.554167 0.024074 0.014583
0 0.725926 0.735417 0.031481 0.017708
0 0.987963 0.401562 0.020370 0.022917
0 0.964815 0.487500 0.046296 0.025000
0 0.992593 0.552083 0.011111 0.017708
0 0.566667 0.682292 0.038889 0.023958
0 0.662037 0.519792 0.040741 0.021875
0 0.991667 0.270833 0.031481 0.015625
0 0.874074 0.577083 0.050000 0.027083
0 0.294444 0.639583 0.031481 0.016667
0 0.276852 0.361979 0.029630 0.015625
0 0.535185 0.695312 0.035185 0.020833
0 0.451852 0.685937 0.025926 0.014583
0 0.536111 0.694271 0.038889 0.021875
0 0.437963 0.261979 0.031481 0.018750
0 0.310185 0.475521 0.024074 0.014583
0 0.977778 0.519271 0.031481 0.017708
0 0.653704 0.252604 0.029630 0.018750
0 0.971296 0.723437 0.031481 0.017708
0 0.995370 0.543750 0.007407 0.020833
0 0.911111 0.216146 0.042593 0.025000
0 0.773148 0.763542 0.027778 0.016667
0 1.000000 0.377604 0.033333 0.022917
0 0.992593 0.719792 0.012963 0.020833
0 0.991667 0.484896 0.022222 0.012500
0 0.261111 0.346875 0.031481 0.016667
0 0.991667 0.588542 0.012963 0.019792
0 0.000000 0.000000 0.000000 0.000000
0 0.500926 0.651042 0.040741 0.022917
0 0.338889 0.254688 0.018519 0.020833
0 0.250926 0.326042 0.035185 0.017708
0 0.156481 0.662500 0.037037 0.020833
0 0.992593 0.447917 0.027778 0.018750
0 0.737963 0.660937 0.033333 0.020833
0 0.150926 0.694271 0.031481 0.017708
0 0.006481 0.382812 0.012963 0.011458
0 0.103704 0.670833 0.035185 0.019792
0 0.657407 0.285417 0.025926 0.013542
0 0.112963 0.695312 0.033333 0.019792
0 0.769444 0.666667 0.040741 0.025000
