0 0.353704 0.646354 0.022222 0.012500
0 0.968519 0.671875 0.040741 0.019792
0 0.296296 0.693750 0.029630 0.018750
0 0.808333 0.304167 0.022222 0.013542
0 0.301852 0.668229 0.035185 0.019792
0 0.113889 0.365104 0.024074 0.012500
0 0.536111 0.506771 0.024074 0.012500
0 0.102778 0.400521 0.024074 0.014583
0 0.156481 0.386979 0.018519 0.009375
0 0.090741 0.370312 0.033333 0.018750
0 0.268519 0.648958 0.029630 0.015625
0 0.088889 0.277083 0.025926 0.014583
0 0.064815 0.458854 0.029630 0.015625
0 0.517593 0.270833 0.027778 0.014583
0 0.054630 0.278646 0.027778 0.015625
0 0.040741 0.444792 0.025926 0.013542
0 0.712963 0.782813 0.033333 0.021875
0 0.032407 0.291667 0.024074 0.013542
0 0.023148 0.457813 0.024074 0.011458
0 0.020370 0.281771 0.024074 0.014583
0 0.010185 0.466667 0.020370 0.014583
0 0.629630 0.630208 0.029630 0.017708
0 0.542593 0.559375 0.024074 0.013542
0 1.003704 0.304688 0.024074 0.016667
0 0.978704 0.647917 0.031481 0.014583
0 0.435185 0.453646 0.027778 0.016667
0 0.990741 0.538542 0.016667 0.026042
0 0.860185 0.528646 0.040741 0.020833
0 0.993519 0.598437 0.009259 0.023958
0 0.458333 0.641146 0.029630 0.017708
0 0.453704 0.371354 0.029630 0.015625
0 0.735185 0.697396 0.037037 0.021875
0 0.989815 0.492708 0.020370 0.011458
0 0.435185 0.355208 0.027778 0.015625
0 0.991667 0.608333 0.014815 0.020833
0 0.704630 0.654167 0.042593 0.021875
0 0.500926 0.279167 0.024074 0.014583
0 0.433333 0.336458 0.031481 0.018750
0 0.607407 0.690104 0.024074 0.013542
0 0.993519 0.671354 0.025926 0.014583
0 0.831481 0.558854 0.018519 0.011458
0 0.353704 0.669792 0.025926 0.013542
0 0.333333 0.692708 0.029630 0.017708
0 0.929630 0.668229 0.035185 0.020833
0 1.007407 0.484896 0.029630 0.019792
0 0.351852 0.661458 0.035185 0.018750
0 0.820370 0.652083 0.024074 0.015625
0 0.965741 0.677604 0.037037 0.015625
0 0.566667 0.677083 0.022222 0.012500
0 0.994444 0.542188 0.009259 0.021875
0 0.914815 0.778125 0.020370 0.011458
0 0.993519 0.510417 0.009259 0.017708
0 1.007407 0.307812 0.035185 0.022917
0 0.548148 0.683333 0.029630 0.016667
0 1.008333 0.492708 0.038889 0.029167
0 0.845370 0.671354 0.031481 0.016667
0 0.931481 0.668229 0.035185 0.020833
0 0.996296 0.396875 0.005556 0.013542
0 0.993519 0.743229 0.012963 0.023958
0 0.992593 0.605729 0.012963 0.021875
0 0.863889 0.779167 0.031481 0.017708
0 0.967593 0.672917 0.040741 0.021875
0 0.996296 0.444271 0.005556 0.015625
0 0.975000 0.395313 0.046296 0.022917
0 0.993519 0.628125 0.012963 0.025000
0 1.003704 0.504167 0.081481 0.040625
0 0.833333 0.720313 0.031481 0.018750
0 0.991667 0.578125 0.012963 0.016667
0 0.853704 0.660937 0.035185 0.019792
0 0.993519 0.260417 0.011111 0.018750
0 0.994444 0.608854 0.007407 0.023958
0 0.950000 0.372917 0.042593 0.023958
0 0.697222 0.771875 0.029630 0.019792
0 0.519444 0.677604 0.025926 0.015625
0 0.831481 0.444792 0.037037 0.019792
0 0.837037 0.693750 0.029630 0.016667
0 0.734259 0.696875 0.037037 0.021875
0 0.997222 0.537500 0.024074 0.018750
0 0.463889 0.481771 0.024074 0.013542
0 0.836111 0.269271 0.029630 0.019792
0 0.990741 0.721875 0.014815 0.015625
0 0.995370 0.508854 0.007407 0.021875
0 0.994444 0.225000 0.009259 0.019792
0 0.940741 0.771354 0.027778 0.015625
0 0.994444 0.706771 0.011111 0.015625
0 0.900926 0.742188 0.031481 0.016667
0 0.987037 0.433854 0.020370 0.025000
0 0.993519 0.516146 0.012963 0.022917
0 0.993519 0.539062 0.011111 0.016667
0 0.770370 0.685937 0.050000 0.023958
0 0.991667 0.538021 0.031481 0.017708
0 0.986111 0.619271 0.027778 0.021875
