0 0.156481 0.467187 0.025926 0.012500
0 0.008333 0.571354 0.016667 0.014583
0 0.126852 0.289583 0.024074 0.012500
0 0.885185 0.619792 0.033333 0.017708
0 0.842593 0.536458 0.024074 0.012500
0 0.024074 0.503125 0.029630 0.016667
0 0.677778 0.518750 0.022222 0.012500
0 0.076852 0.475521 0.022222 0.011458
0 0.021296 0.571875 0.024074 0.014583
0 0.909259 0.690104 0.024074 0.014583
0 0.040741 0.506250 0.025926 0.013542
0 0.056481 0.497917 0.024074 0.014583
0 0.073148 0.270833 0.027778 0.014583
0 0.087963 0.490625 0.027778 0.015625
0 0.088889 0.298438 0.025926 0.016667
0 0.802778 0.640104 0.037037 0.020833
0 0.126852 0.490104 0.025926 0.014583
0 0.111111 0.303125 0.022222 0.014583
0 0.138889 0.480208 0.025926 0.011458
0 0.121296 0.313021 0.024074 0.013542
0 0.915741 0.792708 0.044444 0.025000
0 0.159259 0.298438 0.025926 0.015625
0 0.641667 0.277604 0.029630 0.014583
0 0.199074 0.480208 0.031481 0.015625
0 0.194444 0.296875 0.025926 0.014583
0 0.439815 0.666146 0.033333 0.017708
0 0.226852 0.389062 0.031481 0.018750
0 0.255556 0.406771 0.020370 0.010417
0 0.212037 0.421875 0.018519 0.011458
0 0.659259 0.516146 0.022222 0.013542
0 0.234259 0.382292 0.018519 0.011458
0 0.490741 0.685937 0.035185 0.020833
0 0.907407 0.293750 0.024074 0.012500
0 0.475926 0.711979 0.031481 0.018750
0 0.992593 0.686458 0.014815 0.028125
0 0.990741 0.754687 0.018519 0.018750
0 0.694444 0.568750 0.025926 0.013542
0 0.544444 0.662500 0.020370 0.010417
0 0.542593 0.678125 0.035185 0.018750
0 0.996296 0.658854 0.014815 0.022917
0 0.512037 0.710417 0.029630 0.018750
0 0.539815 0.685937 0.022222 0.011458
0 1.036111 0.627083 0.111111 0.062500
0 0.771296 0.700000 0.029630 0.015625
0 0.569444 0.345313 0.029630 0.017708
0 0.617593 0.287500 0.027778 0.015625
0 0.919444 0.661979 0.046296 0.022917
0 0.568519 0.365104 0.025926 0.015625
0 0.956481 0.705208 0.042593 0.023958
0 0.591667 0.381250 0.027778 0.016667
0 0.621296 0.655208 0.029630 0.017708
0 0.994444 0.630208 0.009259 0.025000
0 0.992593 0.545833 0.011111 0.019792
0 0.983333 0.693229 0.031481 0.022917
0 0.993519 0.534375 0.011111 0.021875
0 0.994444 0.664583 0.007407 0.013542
0 0.991667 0.766146 0.014815 0.008333
0 0.940741 0.234375 0.018519 0.012500
0 0.991667 0.733854 0.014815 0.014583
0 0.931481 0.270313 0.033333 0.017708
0 0.594444 0.493229 0.024074 0.013542
0 0.997222 0.529167 0.022222 0.017708
0 0.955556 0.704688 0.044444 0.022917
0 0.992593 0.711458 0.012963 0.017708
0 0.995370 0.442188 0.009259 0.020833
0 0.687963 0.690625 0.027778 0.015625
0 0.888889 0.781771 0.031481 0.019792
0 0.994444 0.372396 0.009259 0.022917
0 0.994444 0.261979 0.009259 0.014583
0 0.987037 0.656771 0.011111 0.019792
0 0.993519 0.723958 0.009259 0.018750
0 0.993519 0.532813 0.012963 0.023958
0 0.992593 0.414583 0.011111 0.022917
0 0.995370 0.636458 0.009259 0.019792
0 0.993519 0.775521 0.011111 0.017708
0 0.992593 0.750521 0.012963 0.026042
0 0.991667 0.669271 0.014815 0.023958
0 0.995370 0.654167 0.005556 0.010417
0 0.720370 0.694792 0.035185 0.017708
0 0.997222 0.806250 0.027778 0.016667
0 0.993519 0.546875 0.012963 0.025000
0 0.999074 0.678125 0.033333 0.014583
0 1.000926 0.667708 0.022222 0.015625
0 0.994444 0.651042 0.031481 0.014583
0 0.566667 0.465104 0.025926 0.015625
