0 0.991667 0.460417 0.016667 0.011458
0 0.051852 0.453646 0.050000 0.026042
0 0.068519 0.674479 0.035185 0.020833
0 0.055556 0.552083 0.027778 0.012500
0 0.092593 0.710938 0.035185 0.021875
0 0.114815 0.634375 0.035185 0.017708
0 0.091667 0.721354 0.029630 0.015625
0 0.437037 0.340625 0.024074 0.015625
0 0.126852 0.284375 0.033333 0.017708
0 0.133333 0.729167 0.035185 0.020833
0 0.233333 0.591146 0.018519 0.010417
0 0.527778 0.305729 0.024074 0.018750
0 0.180556 0.691667 0.035185 0.017708
0 0.269444 0.502604 0.031481 0.016667
0 0.742593 0.302604 0.024074 0.015625
0 0.273148 0.479167 0.027778 0.016667
0 0.997222 0.644271 0.024074 0.017708
0 0.490741 0.303646 0.027778 0.017708
0 0.528704 0.573438 0.024074 0.013542
0 0.707407 0.180729 0.011111 0.007292
0 0.723148 0.303646 0.024074 0.015625
0 0.993519 0.317188 0.011111 0.010417
0 0.531481 0.346354 0.029630 0.015625
0 0.412037 0.706771 0.029630 0.016667
0 0.477778 0.545312 0.027778 0.017708
0 0.996296 0.565104 0.007407 0.013542
0 1.000926 0.660417 0.018519 0.015625
0 0.508333 0.308333 0.031481 0.018750
0 0.551852 0.303646 0.031481 0.019792
0 0.616667 0.705729 0.027778 0.017708
0 0.553704 0.289062 0.024074 0.015625
0 0.762037 0.390104 0.018519 0.011458
0 0.509259 0.566667 0.024074 0.013542
0 0.700926 0.486979 0.024074 0.014583
0 0.599074 0.507812 0.027778 0.015625
0 0.673148 0.304167 0.024074 0.014583
0 0.585185 0.573438 0.024074 0.014583
0 0.665741 0.295833 0.027778 0.015625
0 0.626852 0.505208 0.027778 0.016667
0 0.994444 0.525521 0.009259 0.011458
0 0.645370 0.479167 0.022222 0.012500
0 0.587037 0.573438 0.025926 0.014583
0 0.626852 0.505208 0.027778 0.015625
0 0.636111 0.501563 0.014815 0.010417
0 0.659259 0.275521 0.025926 0.015625
0 0.642593 0.493750 0.024074 0.013542
0 0.619444 0.303125 0.022222 0.016667
0 0.996296 0.679688 0.007407 0.017708
0 0.684259 0.493750 0.024074 0.014583
0 0.639815 0.307812 0.020370 0.014583
0 0.674074 0.482812 0.022222 0.012500
0 0.639815 0.318229 0.022222 0.013542
0 0.709259 0.471875 0.022222 0.011458
0 0.723148 0.303646 0.024074 0.015625
0 0.997222 0.267708 0.005556 0.015625
0 0.819444 0.485938 0.027778 0.015625
0 0.768519 0.301563 0.025926 0.015625
0 0.990741 0.678646 0.018519 0.021875
0 0.885185 0.394792 0.033333 0.018750
0 0.825926 0.422396 0.020370 0.010417
0 0.997222 0.504167 0.003704 0.017708
0 0.991667 0.673438 0.014815 0.016667
0 0.997222 0.695833 0.003704 0.016667
0 0.988889 0.667188 0.018519 0.011458
0 0.996296 0.736458 0.007407 0.016667
0 0.993519 0.676562 0.011111 0.018750
0 0.995370 0.348438 0.009259 0.014583
0 0.993519 0.345833 0.012963 0.013542
0 0.994444 0.660937 0.009259 0.012500
0 1.002778 0.383854 0.009259 0.013542
0 0.995370 0.389062 0.005556 0.012500
0 0.993519 0.678646 0.009259 0.016667
0 0.996296 0.462500 0.007407 0.020833
0 0.996296 0.695833 0.005556 0.013542
0 0.994444 0.702083 0.007407 0.013542
0 0.992593 0.703125 0.012963 0.016667
0 0.996296 0.483333 0.003704 0.010417
0 0.064815 0.695833 0.031481 0.017708
0 0.052778 0.581250 0.014815 0.017708
0 0.006481 0.452604 0.012963 0.022917
0 0.015741 0.435417 0.031481 0.028125
