0 0.993519 0.703646 0.011111 0.017708
0 0.864815 0.478125 0.029630 0.016667
0 0.991667 0.563542 0.016667 0.032292
0 0.994444 0.639583 0.009259 0.015625
0 0.994444 0.629167 0.009259 0.020833
0 0.993519 0.784896 0.012963 0.019792
0 0.992593 0.628646 0.012963 0.023958
0 1.007407 0.450000 0.005556 0.004167
0 0.995370 0.702604 0.007407 0.012500
0 0.994444 0.621875 0.009259 0.017708
0 0.993519 0.775521 0.012963 0.016667
0 0.993519 0.709896 0.009259 0.015625
0 0.994444 0.539062 0.011111 0.023958
0 0.996296 0.704688 0.005556 0.014583
0 0.989815 0.736458 0.016667 0.023958
0 0.884259 0.506250 0.025926 0.013542
0 0.992593 0.275000 0.011111 0.016667
0 0.989815 0.247917 0.018519 0.011458
0 0.990741 0.770833 0.016667 0.017708
0 0.990741 0.776042 0.018519 0.029167
0 0.994444 0.568750 0.011111 0.026042
0 0.940741 0.670312 0.031481 0.017708
0 0.909259 0.394271 0.029630 0.015625
0 0.993519 0.721875 0.011111 0.020833
0 0.884259 0.378646 0.027778 0.015625
0 0.989815 0.698438 0.018519 0.023958
0 0.913889 0.301563 0.027778 0.014583
0 0.890741 0.359375 0.029630 0.017708
0 0.992593 0.722917 0.012963 0.018750
0 0.854630 0.725521 0.029630 0.018750
0 0.997222 0.743750 0.016667 0.026042
0 0.907407 0.692708 0.033333 0.017708
0 0.995370 0.680729 0.007407 0.022917
0 0.406481 0.307812 0.025926 0.014583
0 0.300926 0.580729 0.029630 0.014583
0 0.420370 0.316146 0.024074 0.013542
0 0.996296 0.411458 0.003704 0.014583
0 0.304630 0.572396 0.024074 0.010417
0 0.313889 0.517188 0.020370 0.013542
0 0.449074 0.494271 0.020370 0.011458
0 0.271296 0.575000 0.024074 0.013542
0 0.493519 0.399479 0.022222 0.012500
0 0.212963 0.307812 0.031481 0.016667
0 0.245370 0.712500 0.029630 0.017708
0 0.200000 0.321354 0.040741 0.020833
0 0.166667 0.326042 0.031481 0.017708
0 0.876852 0.701042 0.027778 0.016667
0 0.970370 0.543750 0.024074 0.012500
0 0.144444 0.556771 0.029630 0.017708
0 0.167593 0.713542 0.022222 0.013542
0 0.092593 0.359375 0.031481 0.017708
0 0.958333 0.320312 0.033333 0.016667
0 0.443519 0.316667 0.020370 0.013542
0 0.451852 0.315104 0.027778 0.014583
0 0.995370 0.563542 0.020370 0.011458
0 0.819444 0.726042 0.033333 0.019792
0 0.995370 0.326042 0.020370 0.010417
0 0.854630 0.701042 0.035185 0.020833
0 0.553704 0.396354 0.014815 0.008333
0 0.937037 0.530729 0.024074 0.013542
0 0.514815 0.435417 0.011111 0.006250
0 0.521296 0.420312 0.020370 0.010417
0 0.547222 0.404167 0.029630 0.018750
0 0.775000 0.678125 0.033333 0.020833
0 0.484259 0.314063 0.024074 0.014583
0 0.507407 0.492708 0.027778 0.015625
0 0.947222 0.291667 0.027778 0.016667
0 0.438889 0.479167 0.024074 0.012500
0 0.992593 0.766146 0.012963 0.032292
0 0.393519 0.329688 0.020370 0.012500
0 0.412963 0.491146 0.024074 0.011458
0 0.387037 0.320312 0.020370 0.014583
0 0.412963 0.502083 0.024074 0.013542
0 0.996296 0.679167 0.005556 0.017708
0 0.365741 0.316146 0.024074 0.015625
0 0.373148 0.502083 0.025926 0.015625
0 0.371296 0.289583 0.025926 0.015625
0 0.344444 0.509375 0.020370 0.012500
0 0.331481 0.515104 0.029630 0.017708
0 0.333333 0.515104 0.027778 0.017708
0 0.950000 0.533333 0.022222 0.012500
0 0.367593 0.488021 0.022222 0.012500
0 0.302778 0.581250 0.025926 0.014583
0 0.992593 0.679167 0.011111 0.015625
0 0.995370 0.561979 0.025926 0.011458
