0 0.247222 0.294792 0.024074 0.014583
0 0.828704 0.535937 0.020370 0.010417
0 0.669444 0.691667 0.025926 0.015625
0 0.011111 0.299479 0.022222 0.018750
0 0.038889 0.295312 0.037037 0.019792
0 0.041667 0.689063 0.031481 0.017708
0 0.056481 0.281771 0.035185 0.018750
0 0.368519 0.381771 0.022222 0.012500
0 0.087963 0.547396 0.022222 0.012500
0 0.317593 0.477083 0.020370 0.012500
0 0.165741 0.497396 0.022222 0.013542
0 0.150926 0.552083 0.024074 0.010417
0 0.959259 0.392188 0.029630 0.015625
0 0.300926 0.295833 0.020370 0.012500
0 0.152778 0.560417 0.029630 0.014583
0 0.287037 0.286979 0.025926 0.013542
0 0.995370 0.631250 0.007407 0.022917
0 0.998148 0.544271 0.024074 0.011458
0 0.181481 0.493229 0.029630 0.016667
0 0.812963 0.526042 0.020370 0.011458
0 0.227778 0.468229 0.022222 0.011458
0 0.151852 0.559896 0.029630 0.014583
0 0.993519 0.696354 0.011111 0.014583
0 0.182407 0.494792 0.031481 0.016667
0 0.204630 0.489583 0.022222 0.014583
0 0.241667 0.267708 0.025926 0.015625
0 0.234259 0.482292 0.024074 0.015625
0 0.953704 0.652083 0.040741 0.019792
0 0.273148 0.483333 0.024074 0.013542
0 0.268519 0.299479 0.022222 0.013542
0 0.289815 0.475521 0.025926 0.012500
0 0.275926 0.309375 0.020370 0.013542
0 0.994444 0.798958 0.011111 0.023958
0 0.302778 0.460938 0.025926 0.014583
0 0.322222 0.295833 0.027778 0.014583
0 0.807407 0.282292 0.027778 0.016667
0 0.351852 0.475521 0.025926 0.015625
0 0.354630 0.294792 0.024074 0.014583
0 0.586111 0.666667 0.033333 0.019792
0 0.391667 0.386458 0.029630 0.018750
0 0.400926 0.404167 0.020370 0.011458
0 0.367593 0.417708 0.014815 0.008333
0 0.796296 0.522917 0.022222 0.013542
0 0.397222 0.379167 0.016667 0.009375
0 0.996296 0.635938 0.031481 0.014583
0 0.991667 0.271354 0.012963 0.018750
0 0.715741 0.469792 0.027778 0.016667
0 0.737037 0.497396 0.024074 0.013542
0 0.990741 0.730729 0.016667 0.022917
0 0.991667 0.706771 0.014815 0.019792
0 0.994444 0.480208 0.009259 0.022917
0 0.827778 0.700000 0.029630 0.018750
0 0.991667 0.791146 0.012963 0.017708
0 0.994444 0.360938 0.009259 0.022917
0 0.994444 0.259375 0.007407 0.014583
0 0.994444 0.647917 0.011111 0.018750
0 0.994444 0.714583 0.009259 0.017708
0 0.993519 0.420833 0.012963 0.022917
0 0.995370 0.604688 0.009259 0.020833
0 0.993519 0.782292 0.012963 0.019792
0 0.994444 0.678646 0.009259 0.019792
0 0.995370 0.644271 0.007407 0.012500
0 0.861111 0.705729 0.033333 0.018750
0 0.992593 0.523958 0.014815 0.028125
0 1.000000 0.681250 0.033333 0.014583
0 0.644444 0.689063 0.035185 0.018750
0 0.995370 0.314583 0.020370 0.011458
0 0.620370 0.714583 0.029630 0.018750
0 0.991667 0.690104 0.014815 0.029167
0 0.841667 0.576562 0.022222 0.012500
0 0.698148 0.682292 0.035185 0.019792
0 0.996296 0.702083 0.014815 0.025000
0 0.656481 0.714063 0.027778 0.017708
0 0.693519 0.690104 0.022222 0.011458
0 0.911111 0.712500 0.029630 0.015625
0 0.736111 0.348958 0.031481 0.016667
0 0.776852 0.292187 0.027778 0.015625
0 0.990741 0.681250 0.014815 0.020833
0 0.731481 0.368750 0.027778 0.014583
0 0.993519 0.730729 0.011111 0.020833
0 0.754630 0.385937 0.029630 0.015625
0 0.761111 0.661979 0.031481 0.017708
0 0.995370 0.657813 0.009259 0.025000
0 0.993519 0.553125 0.011111 0.018750
0 0.991667 0.731771 0.016667 0.026042
0 0.990741 0.755729 0.018519 0.018750
0 0.993519 0.765625 0.014815 0.008333
0 0.988889 0.231771 0.020370 0.011458
