0 0.234259 0.565625 0.024074 0.010417
0 0.809259 0.688542 0.031481 0.017708
0 0.944444 0.579167 0.022222 0.012500
0 0.991667 0.688021 0.014815 0.030208
0 0.727778 0.721875 0.031481 0.018750
0 0.995370 0.321875 0.020370 0.010417
0 0.756481 0.695833 0.035185 0.021875
0 0.479630 0.391146 0.016667 0.009375
0 0.874074 0.527083 0.024074 0.012500
0 0.448148 0.429167 0.012963 0.007292
0 0.466667 0.415104 0.018519 0.010417
0 0.470370 0.397396 0.029630 0.018750
0 0.687963 0.673438 0.035185 0.019792
0 0.422222 0.306771 0.024074 0.014583
0 0.435185 0.485938 0.027778 0.015625
0 0.878704 0.287500 0.027778 0.014583
0 0.388889 0.308333 0.027778 0.014583
0 0.375926 0.472917 0.024074 0.012500
0 0.993519 0.776042 0.011111 0.028125
0 0.337963 0.322917 0.020370 0.013542
0 0.351852 0.484896 0.024074 0.012500
0 0.330556 0.313542 0.020370 0.013542
0 0.348148 0.495312 0.024074 0.014583
0 0.996296 0.664583 0.005556 0.017708
0 0.310185 0.309375 0.024074 0.014583
0 0.309259 0.494792 0.024074 0.015625
0 0.308333 0.282292 0.025926 0.016667
0 0.280556 0.503125 0.020370 0.012500
0 0.262963 0.508333 0.029630 0.017708
0 0.993519 0.686979 0.011111 0.015625
0 0.232407 0.573958 0.025926 0.014583
0 0.302778 0.480729 0.022222 0.010417
0 0.889815 0.530208 0.024074 0.010417
0 0.261111 0.506771 0.029630 0.016667
0 0.992593 0.537500 0.025926 0.012500
0 0.995370 0.669792 0.007407 0.022917
0 0.350926 0.301563 0.027778 0.015625
0 0.232407 0.573958 0.025926 0.014583
0 0.363889 0.309375 0.022222 0.013542
0 0.996296 0.399479 0.003704 0.014583
0 0.246296 0.509896 0.022222 0.014583
0 0.388889 0.488542 0.020370 0.012500
0 0.173148 0.561979 0.020370 0.011458
0 0.437037 0.393229 0.020370 0.012500
0 0.134259 0.298438 0.035185 0.016667
0 0.149074 0.704688 0.027778 0.017708
0 0.118519 0.312500 0.038889 0.019792
0 0.086111 0.317188 0.031481 0.018750
0 0.778704 0.697396 0.027778 0.017708
0 0.907407 0.540104 0.020370 0.012500
0 0.062037 0.548438 0.031481 0.017708
0 0.068519 0.705729 0.025926 0.012500
0 0.016667 0.349479 0.033333 0.016667
0 0.997222 0.730208 0.016667 0.026042
0 0.763889 0.720833 0.029630 0.018750
0 0.992593 0.721875 0.012963 0.017708
0 0.814815 0.355208 0.031481 0.017708
0 0.848148 0.297396 0.027778 0.015625
0 0.990741 0.685937 0.018519 0.022917
0 0.809259 0.374479 0.027778 0.015625
0 0.993519 0.721354 0.011111 0.021875
0 0.834259 0.390625 0.029630 0.015625
0 0.859259 0.667188 0.031481 0.017708
0 0.994444 0.552604 0.011111 0.017708
0 0.990741 0.750521 0.016667 0.027083
0 0.990741 0.764062 0.016667 0.017708
0 0.990741 0.763021 0.014815 0.008333
0 0.989815 0.234896 0.020370 0.010417
0 0.993519 0.272917 0.012963 0.017708
0 0.816667 0.502604 0.024074 0.013542
0 0.989815 0.726042 0.016667 0.023958
0 0.991667 0.705729 0.014815 0.020833
0 0.994444 0.517708 0.009259 0.022917
0 0.930556 0.704167 0.031481 0.016667
0 0.992593 0.786458 0.012963 0.016667
0 0.994444 0.351042 0.009259 0.022917
0 0.994444 0.629687 0.011111 0.018750
0 0.994444 0.707292 0.007407 0.015625
0 0.993519 0.429167 0.012963 0.023958
0 0.993519 0.619792 0.012963 0.022917
0 0.993519 0.785937 0.012963 0.019792
0 0.994444 0.646875 0.009259 0.020833
0 0.995370 0.651042 0.007407 0.013542
0 0.964815 0.709896 0.033333 0.017708
0 0.991667 0.538021 0.014815 0.030208
0 1.000000 0.676562 0.033333 0.014583
0 0.795370 0.475000 0.027778 0.016667
