0 0.996296 0.454167 0.007407 0.020833
0 0.994444 0.668750 0.007407 0.014583
0 0.995370 0.384375 0.005556 0.012500
0 1.004630 0.397917 0.012963 0.018750
0 0.994444 0.653125 0.009259 0.012500
0 0.993519 0.344271 0.012963 0.013542
0 0.995370 0.340625 0.009259 0.013542
0 0.993519 0.660417 0.009259 0.017708
0 0.995370 0.730729 0.005556 0.016667
0 0.990741 0.663542 0.018519 0.010417
0 0.997222 0.678125 0.003704 0.015625
0 0.990741 0.664062 0.014815 0.016667
0 0.997222 0.501563 0.003704 0.016667
0 0.942593 0.385417 0.035185 0.018750
0 0.989815 0.668229 0.020370 0.023958
0 0.816667 0.294271 0.025926 0.014583
0 0.875926 0.476562 0.029630 0.014583
0 0.997222 0.267188 0.005556 0.016667
0 0.768519 0.296875 0.024074 0.015625
0 0.759259 0.463021 0.022222 0.011458
0 0.681481 0.310937 0.022222 0.013542
0 0.722222 0.475000 0.022222 0.012500
0 0.682407 0.300000 0.020370 0.012500
0 0.733333 0.485938 0.024074 0.014583
0 0.996296 0.675521 0.007407 0.019792
0 0.662037 0.294792 0.022222 0.013542
0 0.694444 0.485417 0.020370 0.013542
0 0.709259 0.267188 0.024074 0.014583
0 0.682407 0.496875 0.027778 0.015625
0 0.640741 0.564583 0.025926 0.013542
0 0.697222 0.471354 0.022222 0.011458
0 0.994444 0.523958 0.009259 0.011458
0 0.681481 0.496354 0.027778 0.016667
0 0.709259 0.288021 0.024074 0.014583
0 0.639815 0.564063 0.024074 0.014583
0 0.715741 0.296354 0.022222 0.013542
0 0.650926 0.500521 0.029630 0.014583
0 0.750000 0.478125 0.024074 0.013542
0 0.555556 0.559375 0.022222 0.011458
0 0.615741 0.280729 0.025926 0.015625
0 0.687963 0.695312 0.027778 0.017708
0 0.614815 0.295312 0.031481 0.019792
0 0.570370 0.300521 0.029630 0.017708
0 0.814815 0.380729 0.018519 0.011458
0 0.997222 0.477083 0.003704 0.009375
0 0.993519 0.696875 0.012963 0.016667
0 0.240741 0.682813 0.029630 0.014583
0 0.310185 0.581771 0.020370 0.009375
0 0.190741 0.720313 0.033333 0.019792
0 0.186111 0.277604 0.029630 0.017708
0 0.521296 0.331771 0.024074 0.015625
0 0.156481 0.712500 0.033333 0.015625
0 0.188889 0.625521 0.033333 0.016667
0 0.170370 0.701042 0.035185 0.021875
0 0.121296 0.544792 0.027778 0.012500
0 0.146296 0.665625 0.035185 0.020833
0 0.128704 0.446354 0.048148 0.026042
0 0.141667 0.686458 0.029630 0.017708
0 0.113889 0.573958 0.012963 0.017708
0 0.086111 0.428125 0.051852 0.029167
0 0.063889 0.444792 0.051852 0.025000
0 0.052778 0.513021 0.025926 0.014583
0 0.042593 0.678125 0.040741 0.022917
0 0.047222 0.414062 0.053704 0.029167
0 0.027778 0.479687 0.035185 0.018750
0 0.029630 0.515104 0.024074 0.013542
0 0.031481 0.144792 0.022222 0.014583
0 0.027778 0.707812 0.037037 0.021875
0 0.013889 0.600000 0.027778 0.017708
0 0.378704 0.360417 0.033333 0.025000
0 0.011111 0.140625 0.022222 0.014583
0 0.012037 0.697917 0.024074 0.020833
0 1.000926 0.644271 0.016667 0.015625
0 0.995370 0.566667 0.005556 0.013542
0 0.550926 0.535417 0.027778 0.016667
0 0.469444 0.697396 0.022222 0.015625
0 0.625926 0.339583 0.033333 0.017708
0 0.996296 0.309896 0.009259 0.009375
0 0.769444 0.296354 0.024074 0.013542
0 0.754630 0.172396 0.011111 0.007292
0 0.575926 0.565104 0.024074 0.013542
0 0.551852 0.295312 0.029630 0.016667
0 0.997222 0.632812 0.024074 0.017708
0 0.335185 0.470833 0.031481 0.015625
0 0.789815 0.294792 0.024074 0.014583
0 0.334259 0.494792 0.029630 0.017708
0 0.999074 0.453646 0.014815 0.011458
0 0.589815 0.297396 0.025926 0.017708
