0 0.813889 0.690104 0.018519 0.010417
0 0.906481 0.286458 0.029630 0.012500
0 0.900926 0.285938 0.022222 0.012500
0 0.995370 0.692708 0.007407 0.015625
0 0.894444 0.270313 0.024074 0.012500
0 0.999074 0.382292 0.014815 0.009375
0 0.867593 0.580729 0.012963 0.006250
0 0.895370 0.494792 0.024074 0.014583
0 0.914815 0.286979 0.018519 0.011458
0 0.883333 0.556250 0.027778 0.015625
0 0.916667 0.283333 0.022222 0.014583
0 0.929630 0.486458 0.027778 0.016667
0 0.938889 0.460417 0.016667 0.009375
0 0.884259 0.555729 0.025926 0.014583
0 0.929630 0.486458 0.029630 0.016667
0 0.931481 0.258333 0.024074 0.012500
0 0.937963 0.478646 0.018519 0.011458
0 0.900000 0.285938 0.025926 0.012500
0 0.959259 0.476562 0.025926 0.014583
0 0.920370 0.293229 0.022222 0.012500
0 0.951852 0.464062 0.025926 0.014583
0 0.904630 0.300521 0.024074 0.014583
0 0.980556 0.451562 0.022222 0.014583
0 0.984259 0.286979 0.025926 0.016667
0 0.995370 0.443229 0.007407 0.014583
0 0.983333 0.286458 0.025926 0.015625
0 0.996296 0.399479 0.005556 0.016667
0 0.296296 0.322396 0.027778 0.014583
0 0.681481 0.651563 0.027778 0.015625
0 0.163889 0.231771 0.029630 0.018750
0 0.298148 0.544792 0.024074 0.014583
0 0.737037 0.325521 0.029630 0.017708
0 0.108333 0.442188 0.025926 0.010417
0 0.333333 0.139063 0.022222 0.014583
0 0.897222 0.490104 0.022222 0.013542
0 0.087037 0.408333 0.037037 0.020833
0 0.101852 0.536458 0.031481 0.013542
0 0.125000 0.532292 0.031481 0.016667
0 0.458333 0.506771 0.018519 0.010417
0 0.150926 0.528125 0.029630 0.017708
0 0.551852 0.470313 0.022222 0.015625
0 0.462963 0.269271 0.027778 0.017708
0 0.154630 0.235417 0.029630 0.018750
0 0.159259 0.233333 0.035185 0.018750
0 0.184259 0.527604 0.037037 0.019792
0 1.002778 0.697917 0.025926 0.012500
0 0.217593 0.200521 0.037037 0.022917
0 0.974074 0.419792 0.022222 0.014583
0 0.192593 0.252083 0.031481 0.018750
0 0.328704 0.121354 0.025926 0.015625
0 0.264815 0.420312 0.035185 0.020833
0 0.266667 0.435417 0.033333 0.018750
0 0.218519 0.527604 0.033333 0.017708
0 0.316667 0.694271 0.027778 0.017708
0 0.276852 0.306771 0.031481 0.016667
0 0.250000 0.308333 0.029630 0.018750
0 0.452778 0.215625 0.031481 0.017708
0 0.449074 0.257812 0.031481 0.017708
0 0.288889 0.433854 0.025926 0.018750
0 0.233333 0.504687 0.014815 0.008333
0 0.287963 0.699479 0.033333 0.018750
0 0.323148 0.133854 0.025926 0.015625
0 0.657407 0.353646 0.037037 0.021875
0 0.306481 0.597396 0.031481 0.017708
0 0.337963 0.705208 0.035185 0.020833
0 0.322222 0.133854 0.025926 0.015625
0 0.234259 0.515625 0.022222 0.012500
0 0.260185 0.478125 0.027778 0.016667
0 0.390741 0.409375 0.050000 0.028125
0 0.346296 0.676042 0.035185 0.022917
0 0.255556 0.513021 0.024074 0.015625
0 0.401852 0.438542 0.050000 0.027083
0 0.432407 0.421875 0.048148 0.027083
0 0.466667 0.440104 0.046296 0.027083
0 0.476852 0.659896 0.033333 0.020833
0 0.499074 0.696354 0.035185 0.021875
0 0.437037 0.708854 0.025926 0.015625
0 0.443519 0.271875 0.025926 0.013542
0 0.449074 0.717187 0.035185 0.019792
0 0.645370 0.574479 0.018519 0.010417
0 0.912963 0.285417 0.022222 0.014583
0 0.560185 0.677083 0.024074 0.011458
0 0.618519 0.488021 0.031481 0.018750
0 0.996296 0.287500 0.005556 0.016667
0 0.608333 0.465104 0.025926 0.016667
0 0.903704 0.281771 0.042593 0.027083
0 0.856481 0.562500 0.018519 0.012500
0 0.966667 0.164583 0.011111 0.007292
0 0.980556 0.288021 0.016667 0.015625
