0 0.656481 0.397396 0.022222 0.013542
0 0.434259 0.298438 0.027778 0.015625
0 0.490741 0.711979 0.029630 0.017708
0 0.430556 0.312500 0.031481 0.018750
0 0.388889 0.318229 0.031481 0.017708
0 1.001852 0.679167 0.018519 0.016667
0 0.996296 0.560937 0.007407 0.012500
0 0.357407 0.553646 0.029630 0.017708
0 0.309259 0.714583 0.031481 0.015625
0 0.374074 0.354687 0.027778 0.014583
0 0.992593 0.320312 0.012963 0.011458
0 0.613889 0.311979 0.022222 0.014583
0 0.596296 0.190625 0.012963 0.007292
0 0.435185 0.580208 0.022222 0.014583
0 0.374074 0.313542 0.025926 0.019792
0 0.990741 0.645833 0.024074 0.017708
0 0.158333 0.488542 0.031481 0.014583
0 0.630556 0.310417 0.022222 0.014583
0 0.152778 0.511458 0.031481 0.017708
0 0.992593 0.455729 0.018519 0.012500
0 0.074074 0.702604 0.038889 0.021875
0 0.408333 0.315104 0.025926 0.017708
0 0.104630 0.601562 0.022222 0.010417
0 0.025926 0.740104 0.040741 0.021875
0 0.016667 0.294271 0.033333 0.017708
0 0.300000 0.350000 0.027778 0.016667
0 0.424074 0.569792 0.029630 0.014583
0 0.997222 0.706250 0.005556 0.017708
0 0.988889 0.659896 0.020370 0.011458
0 0.995370 0.741667 0.005556 0.017708
0 0.992593 0.693750 0.011111 0.019792
0 0.994444 0.353646 0.009259 0.014583
0 0.992593 0.334375 0.011111 0.013542
0 0.993519 0.669271 0.009259 0.013542
0 0.937963 0.383854 0.007407 0.013542
0 0.995370 0.395833 0.007407 0.013542
0 0.992593 0.679688 0.014815 0.021875
0 0.993519 0.589583 0.011111 0.028125
0 0.996296 0.483854 0.007407 0.020833
0 0.996296 0.716146 0.005556 0.014583
0 0.994444 0.710938 0.009259 0.013542
0 0.999074 0.435937 0.000000 0.000000
0 0.991667 0.589063 0.016667 0.029167
0 0.992593 0.710417 0.014815 0.017708
0 0.996296 0.473958 0.005556 0.011458
0 0.537963 0.315625 0.020370 0.013542
0 0.578704 0.489063 0.025926 0.012500
0 0.539815 0.325521 0.022222 0.013542
0 0.604630 0.477604 0.024074 0.012500
0 0.613889 0.310937 0.022222 0.014583
0 0.996296 0.267708 0.003704 0.016667
0 0.704630 0.490625 0.025926 0.014583
0 0.658333 0.309896 0.024074 0.015625
0 0.992593 0.679167 0.016667 0.020833
0 0.762037 0.401562 0.029630 0.019792
0 0.707407 0.428646 0.020370 0.011458
0 0.997222 0.503646 0.003704 0.017708
0 0.991667 0.690104 0.016667 0.017708
0 0.996296 0.507812 0.020370 0.011458
0 0.539815 0.485417 0.022222 0.013542
0 0.994444 0.532813 0.009259 0.010417
0 0.519444 0.510938 0.025926 0.016667
0 0.562037 0.303125 0.024074 0.014583
0 0.481481 0.579167 0.025926 0.014583
0 0.480556 0.579167 0.025926 0.014583
0 0.571296 0.311458 0.022222 0.013542
0 0.996296 0.451042 0.005556 0.016667
0 0.497222 0.515625 0.024074 0.012500
0 0.598148 0.493229 0.022222 0.013542
0 0.519444 0.511458 0.027778 0.016667
0 0.528704 0.507292 0.016667 0.011458
0 0.549074 0.283333 0.025926 0.014583
0 0.540741 0.500000 0.024074 0.014583
0 0.516667 0.310937 0.024074 0.014583
0 0.995370 0.683854 0.005556 0.018750
0 0.580556 0.500000 0.024074 0.014583
