0 0.995370 0.730729 0.005556 0.016667
0 0.003704 0.436979 0.007407 0.017708
0 0.006481 0.510417 0.012963 0.015625
0 0.015741 0.698958 0.031481 0.020833
0 0.015741 0.142187 0.025926 0.015625
0 0.383333 0.361458 0.033333 0.025000
0 0.019444 0.601562 0.033333 0.017708
0 0.036111 0.708333 0.037037 0.020833
0 0.036111 0.146354 0.022222 0.014583
0 0.034259 0.515625 0.024074 0.013542
0 0.032407 0.480729 0.035185 0.018750
0 0.054630 0.415104 0.053704 0.029167
0 0.050000 0.679167 0.042593 0.022917
0 0.057407 0.514062 0.025926 0.014583
0 0.072222 0.445833 0.051852 0.025000
0 0.093519 0.429167 0.051852 0.029167
0 0.120370 0.575521 0.014815 0.018750
0 0.149074 0.686979 0.029630 0.017708
0 0.137037 0.446875 0.048148 0.025000
0 0.154630 0.666146 0.035185 0.020833
0 0.127778 0.545833 0.027778 0.012500
0 0.178704 0.702083 0.035185 0.022917
0 0.196296 0.626042 0.033333 0.016667
0 0.162037 0.712500 0.035185 0.016667
0 0.528704 0.332292 0.025926 0.015625
0 0.190741 0.278646 0.029630 0.016667
0 0.197222 0.721354 0.033333 0.020833
0 0.317593 0.582292 0.020370 0.009375
0 0.593519 0.297396 0.024074 0.016667
0 0.248148 0.683333 0.029630 0.014583
0 0.998148 0.453646 0.016667 0.011458
0 0.340741 0.495312 0.031481 0.016667
0 0.792593 0.294792 0.024074 0.014583
0 0.341667 0.470833 0.031481 0.015625
0 0.997222 0.632292 0.024074 0.018750
0 0.557407 0.295833 0.027778 0.017708
0 0.579630 0.565625 0.024074 0.013542
0 0.757407 0.172917 0.011111 0.007292
0 0.771296 0.296354 0.024074 0.015625
0 0.994444 0.309896 0.009259 0.009375
0 0.634259 0.340104 0.033333 0.017708
0 0.475926 0.697917 0.024074 0.015625
0 0.557407 0.535417 0.025926 0.016667
0 0.995370 0.566667 0.005556 0.013542
0 1.000926 0.643750 0.016667 0.015625
0 0.575926 0.300521 0.029630 0.017708
0 0.619444 0.295833 0.031481 0.019792
0 0.695370 0.695312 0.025926 0.017708
0 0.620370 0.280729 0.025926 0.015625
0 0.818519 0.380729 0.016667 0.011458
0 0.559259 0.559375 0.020370 0.010417
0 0.753704 0.478646 0.024074 0.013542
0 0.655556 0.500521 0.029630 0.014583
0 0.717593 0.296354 0.022222 0.013542
0 0.645370 0.564063 0.024074 0.014583
0 0.713889 0.288542 0.024074 0.013542
0 0.687037 0.496354 0.027778 0.015625
0 0.994444 0.523958 0.009259 0.011458
0 0.700926 0.471354 0.022222 0.012500
0 0.644444 0.565104 0.025926 0.013542
0 0.686111 0.496875 0.027778 0.016667
0 0.712037 0.267188 0.024074 0.013542
0 0.697222 0.484896 0.022222 0.012500
0 0.663889 0.296354 0.024074 0.013542
0 0.996296 0.674479 0.007407 0.018750
0 0.737963 0.485417 0.024074 0.013542
0 0.685185 0.300000 0.020370 0.012500
0 0.725926 0.475521 0.022222 0.012500
0 0.684259 0.310417 0.024074 0.012500
0 0.762037 0.463021 0.022222 0.011458
0 0.772222 0.296354 0.025926 0.014583
0 0.997222 0.267188 0.005556 0.016667
0 0.878704 0.476562 0.027778 0.014583
0 0.819444 0.294792 0.024074 0.015625
0 0.988889 0.669271 0.020370 0.025000
0 0.946296 0.385937 0.033333 0.018750
0 0.997222 0.501042 0.003704 0.016667
0 0.990741 0.663021 0.014815 0.016667
0 0.997222 0.676042 0.003704 0.015625
0 0.989815 0.664062 0.016667 0.010417
0 0.993519 0.659896 0.009259 0.017708
0 0.995370 0.340625 0.009259 0.013542
0 0.993519 0.344271 0.012963 0.013542
0 0.995370 0.652083 0.009259 0.011458
0 1.005556 0.397396 0.014815 0.019792
0 0.995370 0.383854 0.005556 0.012500
0 0.994444 0.668229 0.007407 0.014583
0 0.996296 0.454167 0.007407 0.020833
0 0.992593 0.695833 0.011111 0.015625
0 0.997222 0.477083 0.003704 0.009375
