0 0.997222 0.695833 0.003704 0.016667
0 0.266667 0.503125 0.031481 0.017708
0 0.738889 0.303125 0.024074 0.014583
0 0.270370 0.479687 0.027778 0.016667
0 0.996296 0.644792 0.024074 0.017708
0 0.487963 0.304688 0.027778 0.018750
0 0.526852 0.573958 0.025926 0.013542
0 0.703704 0.181250 0.011111 0.007292
0 0.719444 0.304688 0.024074 0.016667
0 0.993519 0.317188 0.011111 0.009375
0 0.526852 0.346875 0.029630 0.015625
0 0.409259 0.707292 0.029630 0.016667
0 0.473148 0.545833 0.027778 0.016667
0 0.995370 0.565104 0.005556 0.013542
0 1.000926 0.660937 0.018519 0.015625
0 0.503704 0.308854 0.031481 0.018750
0 0.548148 0.304167 0.031481 0.020833
0 0.612037 0.706771 0.029630 0.018750
0 0.550000 0.290104 0.025926 0.014583
0 0.759259 0.390625 0.018519 0.011458
0 0.505556 0.567187 0.024074 0.013542
0 0.698148 0.486979 0.024074 0.013542
0 0.596296 0.508854 0.027778 0.015625
0 0.670370 0.305208 0.022222 0.013542
0 0.582407 0.573958 0.024074 0.014583
0 0.662963 0.296354 0.025926 0.014583
0 0.624074 0.505729 0.027778 0.016667
0 0.993519 0.525000 0.009259 0.011458
0 0.642593 0.479687 0.022222 0.012500
0 0.583333 0.573958 0.025926 0.014583
0 0.623148 0.505729 0.027778 0.015625
0 0.633333 0.502083 0.016667 0.010417
0 0.655556 0.276042 0.025926 0.015625
0 0.639815 0.494271 0.022222 0.014583
0 0.617593 0.303125 0.024074 0.015625
0 0.995370 0.681250 0.005556 0.017708
0 0.680556 0.494271 0.024074 0.014583
0 0.637037 0.308854 0.020370 0.014583
0 0.671296 0.483333 0.022222 0.012500
0 0.637037 0.319271 0.022222 0.013542
0 0.706481 0.471875 0.022222 0.011458
0 0.996296 0.697917 0.005556 0.014583
0 0.994444 0.702083 0.007407 0.013542
0 0.992593 0.703125 0.012963 0.016667
0 0.996296 0.483854 0.003704 0.010417
0 0.719444 0.304167 0.022222 0.015625
0 0.997222 0.268229 0.005556 0.016667
0 0.815741 0.486458 0.027778 0.014583
0 0.765741 0.302604 0.025926 0.015625
0 0.989815 0.679688 0.018519 0.021875
0 0.881481 0.395313 0.033333 0.018750
0 0.822222 0.423438 0.020370 0.011458
0 0.997222 0.504167 0.003704 0.017708
0 0.991667 0.673958 0.016667 0.016667
0 0.989815 0.667708 0.018519 0.011458
0 0.995370 0.736458 0.005556 0.016667
0 0.993519 0.677604 0.011111 0.017708
0 0.995370 0.348958 0.009259 0.014583
0 0.992593 0.345833 0.011111 0.013542
0 0.994444 0.661458 0.009259 0.012500
0 1.002778 0.380729 0.009259 0.013542
0 0.995370 0.390104 0.005556 0.012500
0 0.993519 0.679167 0.009259 0.016667
0 0.996296 0.463021 0.007407 0.020833
0 0.048148 0.454167 0.048148 0.026042
0 0.064815 0.675000 0.035185 0.021875
0 0.052778 0.552083 0.027778 0.012500
0 0.088889 0.711458 0.035185 0.021875
0 0.111111 0.634375 0.033333 0.017708
0 0.088889 0.721354 0.033333 0.015625
0 0.432407 0.341667 0.024074 0.015625
0 0.124074 0.284896 0.033333 0.017708
0 0.130556 0.728646 0.037037 0.020833
0 0.229630 0.591146 0.020370 0.009375
0 0.524074 0.306771 0.025926 0.018750
0 0.178704 0.692187 0.035185 0.017708
0 0.990741 0.460938 0.016667 0.011458
0 0.013889 0.435937 0.027778 0.029167
0 0.049074 0.581771 0.012963 0.017708
0 0.062037 0.695312 0.031481 0.017708
