0 0.240741 0.392708 0.020370 0.009375
0 0.191667 0.375000 0.031481 0.020833
0 0.376852 0.653646 0.027778 0.016667
0 0.176852 0.282292 0.025926 0.014583
0 0.160185 0.464062 0.031481 0.016667
0 0.619444 0.269792 0.025926 0.016667
0 0.140741 0.282813 0.029630 0.015625
0 0.133333 0.452083 0.025926 0.011458
0 0.844444 0.790625 0.038889 0.026042
0 0.112963 0.296875 0.024074 0.013542
0 0.109259 0.463021 0.025926 0.011458
0 0.101852 0.286458 0.024074 0.014583
0 0.097222 0.472396 0.025926 0.014583
0 0.749074 0.635938 0.038889 0.019792
0 0.078704 0.282292 0.025926 0.016667
0 0.058333 0.472396 0.025926 0.015625
0 0.056481 0.253646 0.025926 0.014583
0 0.026852 0.479687 0.025926 0.013542
0 0.047222 0.457292 0.024074 0.011458
0 0.002778 0.550521 0.005556 0.014583
0 0.854630 0.689063 0.029630 0.015625
0 0.011111 0.487500 0.022222 0.014583
0 0.992593 0.669271 0.012963 0.020833
0 0.185185 0.404687 0.022222 0.012500
0 0.628704 0.509896 0.024074 0.013542
0 0.202778 0.369792 0.022222 0.012500
0 0.421296 0.673958 0.035185 0.020833
0 0.890741 0.283854 0.024074 0.012500
0 0.410185 0.699479 0.031481 0.018750
0 0.992593 0.671354 0.012963 0.025000
0 0.650000 0.563542 0.024074 0.014583
0 0.475926 0.651563 0.022222 0.011458
0 0.473148 0.666667 0.033333 0.018750
0 1.007407 0.508854 0.031481 0.019792
0 0.990741 0.665104 0.016667 0.019792
0 0.447222 0.698438 0.029630 0.018750
0 0.471296 0.675521 0.024074 0.012500
0 0.978704 0.561458 0.016667 0.010417
0 1.015741 0.656250 0.050000 0.028125
0 0.718519 0.696354 0.025926 0.014583
0 0.537963 0.336458 0.031481 0.016667
0 0.597222 0.279687 0.025926 0.015625
0 0.846296 0.659375 0.044444 0.021875
0 0.537037 0.356771 0.025926 0.015625
0 0.995370 0.507292 0.020370 0.011458
0 0.879630 0.703646 0.038889 0.025000
0 0.558333 0.372917 0.027778 0.015625
0 0.567593 0.646875 0.031481 0.017708
0 0.994444 0.613542 0.009259 0.025000
0 0.989815 0.529687 0.018519 0.022917
0 0.917593 0.692708 0.051852 0.025000
0 0.993519 0.535417 0.012963 0.022917
0 0.988889 0.763542 0.018519 0.020833
0 0.994444 0.682292 0.009259 0.013542
0 0.999074 0.768229 0.014815 0.008333
0 0.994444 0.223958 0.009259 0.018750
0 0.995370 0.492188 0.007407 0.021875
0 0.991667 0.733333 0.016667 0.015625
0 0.919444 0.266667 0.031481 0.018750
0 0.559259 0.484896 0.024074 0.013542
0 0.998148 0.529167 0.024074 0.018750
0 0.878704 0.703646 0.044444 0.025000
0 0.976852 0.700000 0.029630 0.016667
0 0.974074 0.443229 0.038889 0.020833
0 0.631481 0.683333 0.025926 0.016667
0 0.821296 0.779687 0.033333 0.019792
0 0.994444 0.382812 0.009259 0.022917
0 0.995370 0.602083 0.009259 0.025000
0 0.994444 0.260417 0.009259 0.015625
0 0.991667 0.665625 0.018519 0.019792
0 1.011111 0.507812 0.098148 0.047917
0 0.970370 0.727083 0.033333 0.017708
0 0.992593 0.548438 0.012963 0.023958
0 0.993519 0.410938 0.012963 0.022917
0 0.996296 0.437500 0.003704 0.015625
0 0.995370 0.671875 0.009259 0.019792
0 0.991667 0.786458 0.016667 0.018750
0 0.992593 0.750521 0.012963 0.025000
0 0.987963 0.677604 0.024074 0.017708
0 1.012037 0.437500 0.053704 0.039583
0 0.662037 0.689063 0.031481 0.017708
0 1.012963 0.319271 0.050000 0.031250
0 0.997222 0.786979 0.031481 0.018750
0 0.995370 0.531771 0.009259 0.020833
0 0.681481 0.683333 0.022222 0.013542
0 0.993519 0.683854 0.035185 0.015625
0 0.969444 0.656771 0.024074 0.015625
0 0.987963 0.653646 0.029630 0.014583
0 0.533333 0.456771 0.027778 0.015625
0 0.990741 0.518229 0.018519 0.027083
