0 0.022222 0.644792 0.035185 0.018750
0 0.010185 0.720833 0.020370 0.022917
0 0.012963 0.730208 0.025926 0.018750
0 0.334259 0.350521 0.024074 0.015625
0 0.045370 0.293750 0.031481 0.016667
0 0.054630 0.739062 0.040741 0.020833
0 0.138889 0.601042 0.022222 0.010417
0 0.441667 0.315625 0.025926 0.017708
0 0.101852 0.701562 0.037037 0.021875
0 0.990741 0.463542 0.016667 0.012500
0 0.184259 0.511458 0.031481 0.017708
0 0.662963 0.312500 0.024074 0.014583
0 0.388889 0.555208 0.027778 0.017708
0 0.995370 0.561979 0.005556 0.012500
0 1.001852 0.672917 0.018519 0.016667
0 0.422222 0.318750 0.029630 0.018750
0 0.464815 0.314063 0.031481 0.019792
0 0.523148 0.714063 0.029630 0.017708
0 0.467593 0.298438 0.027778 0.014583
0 0.686111 0.400000 0.022222 0.013542
0 0.441667 0.573438 0.024074 0.012500
0 0.625926 0.495312 0.024074 0.013542
0 0.525000 0.517188 0.024074 0.014583
0 0.600926 0.313021 0.024074 0.012500
0 0.508333 0.580729 0.024074 0.014583
0 0.592593 0.304688 0.025926 0.013542
0 0.548148 0.513021 0.025926 0.016667
0 0.993519 0.531771 0.009259 0.011458
0 0.569444 0.487500 0.024074 0.012500
0 0.510185 0.580729 0.025926 0.014583
0 0.549074 0.513542 0.027778 0.016667
0 0.557407 0.509375 0.016667 0.011458
0 0.580556 0.285417 0.024074 0.015625
0 0.568519 0.502083 0.024074 0.013542
0 0.547222 0.312500 0.025926 0.015625
0 0.996296 0.680208 0.005556 0.017708
0 0.609259 0.502083 0.025926 0.014583
0 0.567593 0.316667 0.020370 0.014583
0 0.606481 0.491146 0.025926 0.012500
0 0.569444 0.327083 0.022222 0.013542
0 0.633333 0.480208 0.022222 0.011458
0 0.645370 0.313542 0.022222 0.014583
0 0.997222 0.268229 0.005556 0.016667
0 0.737037 0.493750 0.027778 0.014583
0 0.689815 0.312500 0.024074 0.014583
0 0.989815 0.681250 0.018519 0.021875
0 0.795370 0.404167 0.031481 0.018750
0 0.739815 0.431250 0.020370 0.011458
0 0.997222 0.503646 0.003704 0.017708
0 0.990741 0.687500 0.016667 0.016667
0 0.997222 0.709375 0.005556 0.017708
0 0.988889 0.667188 0.020370 0.011458
0 0.995370 0.740104 0.005556 0.017708
0 0.992593 0.693229 0.011111 0.019792
0 0.995370 0.354167 0.009259 0.015625
0 0.992593 0.339062 0.011111 0.013542
0 0.994444 0.663542 0.011111 0.013542
0 0.959259 0.387500 0.009259 0.013542
0 0.995370 0.398958 0.007407 0.013542
0 0.991667 0.681250 0.009259 0.016667
0 0.994444 0.593750 0.011111 0.028125
0 0.996296 0.475521 0.007407 0.020833
0 0.996296 0.712500 0.005556 0.014583
0 0.994444 0.713021 0.009259 0.014583
0 0.999074 0.435937 0.000000 0.000000
0 0.996296 0.481250 0.003704 0.011458
0 0.991667 0.713021 0.012963 0.017708
0 0.188889 0.488021 0.031481 0.017708
0 0.995370 0.651563 0.024074 0.017708
0 0.405556 0.313542 0.024074 0.018750
0 0.462037 0.581771 0.022222 0.014583
0 0.628704 0.192188 0.011111 0.007292
0 0.645370 0.313542 0.022222 0.014583
0 0.992593 0.322917 0.011111 0.011458
0 0.416667 0.357292 0.025926 0.014583
0 0.336111 0.715625 0.029630 0.016667
