0 0.821296 0.663542 0.038889 0.023958
0 0.210185 0.648438 0.024074 0.012500
0 0.208333 0.663021 0.038889 0.020833
0 1.006481 0.449479 0.027778 0.017708
0 0.790741 0.658854 0.031481 0.020833
0 0.199074 0.695312 0.029630 0.017708
0 0.217593 0.671875 0.033333 0.016667
0 0.682407 0.548958 0.020370 0.012500
0 0.858333 0.660937 0.027778 0.015625
0 0.493519 0.685417 0.025926 0.014583
0 0.288889 0.328646 0.031481 0.017708
0 0.400926 0.259375 0.018519 0.019792
0 0.556481 0.650000 0.042593 0.023958
0 0.426852 0.501042 0.022222 0.012500
0 0.033333 0.386458 0.016667 0.012500
0 0.156481 0.671875 0.037037 0.019792
0 0.681481 0.287500 0.022222 0.013542
0 0.161111 0.696875 0.033333 0.018750
0 0.421296 0.555208 0.022222 0.013542
0 1.003704 0.292187 0.022222 0.014583
0 0.336111 0.307812 0.018519 0.009375
0 0.690741 0.537500 0.027778 0.015625
0 0.992593 0.539583 0.031481 0.018750
0 0.991667 0.574479 0.016667 0.018750
0 0.672222 0.645833 0.024074 0.015625
0 0.990741 0.541146 0.016667 0.026042
0 0.310185 0.449479 0.027778 0.015625
0 0.889815 0.631771 0.035185 0.015625
0 0.344444 0.477083 0.024074 0.013542
0 0.494444 0.266146 0.031481 0.019792
0 0.591667 0.692708 0.038889 0.021875
0 0.702778 0.686458 0.031481 0.017708
0 0.673148 0.434375 0.037037 0.020833
0 0.400000 0.676042 0.027778 0.016667
0 0.600000 0.779687 0.035185 0.021875
0 0.771296 0.358854 0.042593 0.022917
0 0.987963 0.336458 0.029630 0.017708
0 0.995370 0.588021 0.007407 0.022917
0 0.937037 0.258854 0.033333 0.017708
0 0.707407 0.653125 0.035185 0.019792
0 0.986111 0.590625 0.025926 0.020833
0 1.006481 0.499479 0.062963 0.030208
0 0.703704 0.713021 0.031481 0.019792
0 0.993519 0.678125 0.011111 0.020833
0 0.798148 0.381250 0.042593 0.022917
0 0.996296 0.480208 0.005556 0.018750
0 0.821296 0.663542 0.037037 0.025000
0 0.739815 0.771875 0.031481 0.018750
0 0.993519 0.594271 0.012963 0.020833
0 0.979630 0.719792 0.038889 0.019792
0 0.996296 0.413542 0.005556 0.015625
0 1.004630 0.267188 0.029630 0.016667
0 0.788889 0.658854 0.037037 0.020833
0 0.702778 0.664062 0.035185 0.015625
0 1.006481 0.541667 0.027778 0.020833
0 0.427778 0.680208 0.029630 0.015625
0 1.006481 0.570312 0.029630 0.018750
0 0.997222 0.278125 0.025926 0.015625
0 0.992593 0.526042 0.011111 0.019792
0 0.791667 0.769271 0.024074 0.013542
0 0.963889 0.546875 0.042593 0.022917
0 0.446296 0.675000 0.020370 0.013542
0 0.989815 0.689583 0.035185 0.020833
0 0.000000 0.000000 0.000000 0.000000
0 0.991667 0.590625 0.012963 0.019792
0 0.294444 0.350521 0.031481 0.018750
0 0.987037 0.481771 0.022222 0.012500
0 0.591667 0.693229 0.037037 0.022917
0 0.315741 0.364583 0.027778 0.015625
0 0.337037 0.640625 0.029630 0.017708
0 0.924074 0.575000 0.048148 0.027083
0 0.996296 0.272396 0.031481 0.015625
0 0.711111 0.519271 0.040741 0.022917
0 0.623148 0.680208 0.046296 0.023958
0 0.992593 0.543229 0.011111 0.017708
0 0.993519 0.486458 0.011111 0.021875
0 0.987963 0.387500 0.020370 0.022917
0 0.773148 0.733333 0.031481 0.016667
0 0.993519 0.706771 0.012963 0.018750
0 1.001852 0.369271 0.033333 0.023958
0 0.819444 0.761458 0.027778 0.015625
0 0.955556 0.218750 0.040741 0.023958
0 0.995370 0.532813 0.007407 0.021875
0 0.990741 0.727083 0.016667 0.016667
0 0.683333 0.255729 0.031481 0.018750
0 0.996296 0.515104 0.024074 0.018750
