0 0.633333 0.525000 0.029630 0.017708
0 0.122222 0.645833 0.035185 0.017708
0 0.312037 0.670312 0.029630 0.014583
0 0.665741 0.696875 0.029630 0.014583
0 0.236111 0.640625 0.029630 0.016667
0 0.815741 0.566667 0.029630 0.015625
0 0.709259 0.630729 0.024074 0.013542
0 0.804630 0.554688 0.027778 0.015625
0 0.446296 0.212500 0.024074 0.013542
0 0.248148 0.364583 0.024074 0.009375
0 0.312963 0.541146 0.020370 0.011458
0 0.412037 0.444792 0.033333 0.019792
0 0.075926 0.268750 0.025926 0.012500
0 0.687963 0.285417 0.024074 0.015625
0 0.447222 0.628125 0.029630 0.016667
0 0.607407 0.546875 0.027778 0.016667
0 0.012037 0.447917 0.024074 0.013542
0 0.795370 0.348958 0.027778 0.013542
0 0.787963 0.531771 0.037037 0.019792
0 0.696296 0.483854 0.022222 0.011458
0 0.243519 0.430208 0.037037 0.020833
0 0.305556 0.682292 0.029630 0.016667
0 0.001852 0.361458 0.003704 0.013542
0 0.012037 0.636979 0.024074 0.018750
0 0.490741 0.570833 0.046296 0.026042
0 0.645370 0.269271 0.031481 0.018750
0 0.296296 0.515625 0.042593 0.021875
0 0.187963 0.676562 0.044444 0.023958
0 0.820370 0.523958 0.033333 0.018750
0 0.530556 0.480208 0.042593 0.023958
0 0.788889 0.375000 0.040741 0.022917
0 0.066667 0.672917 0.027778 0.014583
0 0.227778 0.773958 0.042593 0.026042
0 0.280556 0.353646 0.038889 0.021875
0 0.101852 0.286979 0.031481 0.016667
0 0.821296 0.335938 0.024074 0.015625
0 0.783333 0.572917 0.033333 0.019792
0 0.625000 0.260417 0.038889 0.026042
0 0.277778 0.648958 0.037037 0.019792
0 0.824074 0.570312 0.033333 0.017708
0 0.154630 0.686458 0.031481 0.021875
0 0.845370 0.506771 0.033333 0.018750
0 0.316667 0.708854 0.029630 0.017708
0 0.672222 0.683854 0.042593 0.023958
0 0.155556 0.688542 0.035185 0.019792
0 0.656481 0.492188 0.033333 0.017708
0 0.846296 0.556771 0.031481 0.018750
0 0.316667 0.377604 0.040741 0.021875
0 0.694444 0.498437 0.035185 0.021875
0 0.401852 0.660937 0.033333 0.020833
0 0.360185 0.767708 0.031481 0.017708
0 0.391667 0.729688 0.029630 0.016667
0 0.629630 0.711979 0.033333 0.020833
0 0.817593 0.379688 0.029630 0.018750
0 0.447222 0.756771 0.025926 0.015625
0 0.508333 0.215104 0.038889 0.022917
0 0.677778 0.538021 0.044444 0.023958
0 0.597222 0.716146 0.033333 0.019792
0 0.386111 0.253646 0.029630 0.019792
0 0.056481 0.474479 0.025926 0.013542
0 0.611111 0.280208 0.022222 0.013542
0 0.653704 0.514062 0.035185 0.018750
0 0.711111 0.272396 0.020370 0.015625
0 0.069444 0.256771 0.027778 0.013542
0 0.224074 0.363021 0.025926 0.012500
0 0.845370 0.536458 0.031481 0.018750
0 0.500000 0.542188 0.040741 0.021875
0 0.419444 0.764062 0.029630 0.016667
0 0.766667 0.515625 0.037037 0.020833
0 0.701852 0.279687 0.029630 0.017708
0 0.647222 0.569792 0.029630 0.015625
0 0.091667 0.677083 0.029630 0.016667
0 0.642593 0.546354 0.031481 0.017708
0 0.280556 0.659896 0.035185 0.014583
0 0.378704 0.657813 0.033333 0.019792
0 0.631481 0.247396 0.033333 0.018750
0 0.764815 0.428125 0.042593 0.023958
0 0.543519 0.716146 0.040741 0.020833
