0 1.000926 0.701562 0.018519 0.016667
0 0.328704 0.318750 0.029630 0.017708
0 0.368519 0.314063 0.031481 0.019792
0 0.420370 0.707812 0.029630 0.017708
0 0.375926 0.300000 0.027778 0.016667
0 0.618519 0.397917 0.024074 0.013542
0 0.384259 0.569792 0.022222 0.016667
0 0.558333 0.492708 0.022222 0.012500
0 0.453704 0.513542 0.027778 0.013542
0 0.996296 0.442188 0.005556 0.015625
0 0.532407 0.313542 0.022222 0.013542
0 0.437037 0.578125 0.025926 0.014583
0 0.523148 0.305208 0.024074 0.014583
0 0.995370 0.737500 0.007407 0.022917
0 0.472222 0.509896 0.027778 0.015625
0 0.994444 0.525521 0.009259 0.010417
0 0.498148 0.483854 0.022222 0.012500
0 0.437037 0.577604 0.025926 0.014583
0 0.993519 0.697396 0.011111 0.015625
0 0.035185 0.597396 0.020370 0.009375
0 0.350000 0.315625 0.027778 0.018750
0 0.035185 0.698958 0.035185 0.019792
0 0.981481 0.461979 0.027778 0.012500
0 0.097222 0.510417 0.031481 0.017708
0 0.585185 0.311458 0.022222 0.013542
0 0.108333 0.488021 0.029630 0.013542
0 0.978704 0.645833 0.033333 0.018750
0 0.315741 0.314063 0.024074 0.016667
0 0.403704 0.578646 0.024074 0.014583
0 0.550000 0.193229 0.011111 0.007292
0 0.569444 0.313021 0.022222 0.013542
0 0.991667 0.320312 0.014815 0.013542
0 0.272222 0.353125 0.029630 0.016667
0 0.267593 0.710938 0.027778 0.014583
0 0.294444 0.551042 0.027778 0.016667
0 0.995370 0.553646 0.005556 0.012500
0 0.994444 0.751042 0.011111 0.019792
0 0.987963 0.726042 0.024074 0.020833
0 0.972222 0.386979 0.009259 0.013542
0 0.993519 0.675000 0.012963 0.016667
0 0.992593 0.320833 0.012963 0.014583
0 0.994444 0.364063 0.009259 0.015625
0 0.991667 0.726562 0.014815 0.020833
0 0.995370 0.733333 0.005556 0.017708
0 0.987963 0.668229 0.022222 0.013542
0 0.995370 0.407292 0.007407 0.015625
0 0.992593 0.686979 0.012963 0.017708
0 0.994444 0.593750 0.011111 0.026042
0 0.989815 0.254167 0.018519 0.010417
0 0.993519 0.275521 0.011111 0.015625
0 0.996296 0.511458 0.007407 0.020833
0 0.991667 0.761979 0.016667 0.022917
0 0.996296 0.529167 0.020370 0.011458
0 0.996296 0.730729 0.005556 0.014583
0 0.994444 0.726562 0.009259 0.014583
0 0.992593 0.769792 0.011111 0.015625
0 0.999074 0.435937 0.000000 0.000000
0 0.991667 0.592187 0.014815 0.028125
0 0.995370 0.590104 0.009259 0.019792
0 0.987963 0.726042 0.025926 0.019792
0 0.997222 0.478125 0.003704 0.012500
0 0.472222 0.509896 0.027778 0.016667
0 0.482407 0.506250 0.018519 0.012500
0 0.503704 0.285417 0.024074 0.015625
0 0.500000 0.498437 0.024074 0.014583
0 0.480556 0.313542 0.025926 0.014583
0 0.995370 0.696354 0.005556 0.018750
0 0.539815 0.498958 0.024074 0.014583
0 0.500926 0.316667 0.022222 0.013542
0 0.536111 0.488021 0.024074 0.011458
0 0.502778 0.328125 0.020370 0.013542
0 0.991667 0.759375 0.016667 0.039583
0 0.564815 0.476562 0.022222 0.012500
0 0.570370 0.313542 0.020370 0.014583
0 0.996296 0.272396 0.003704 0.016667
0 0.653704 0.489063 0.025926 0.015625
0 0.613889 0.311458 0.022222 0.015625
0 0.942593 0.678125 0.035185 0.020833
0 0.703704 0.400521 0.029630 0.017708
0 0.651852 0.427604 0.018519 0.010417
0 0.997222 0.516146 0.003704 0.017708
0 0.989815 0.697917 0.014815 0.016667
