0 0.123148 0.506250 0.031481 0.016667
0 0.013889 0.735938 0.027778 0.021875
0 0.074074 0.596354 0.022222 0.010417
0 0.375000 0.307812 0.027778 0.017708
0 0.053704 0.697917 0.040741 0.020833
0 0.989815 0.451562 0.018519 0.013542
0 0.600000 0.301563 0.024074 0.014583
0 0.991667 0.322396 0.012963 0.012500
0 0.975000 0.667708 0.033333 0.019792
0 0.730556 0.391146 0.031481 0.017708
0 0.676852 0.419271 0.020370 0.010417
0 0.997222 0.508333 0.003704 0.017708
0 0.990741 0.681771 0.014815 0.016667
0 0.997222 0.704688 0.005556 0.017708
0 0.996296 0.514583 0.020370 0.011458
0 0.995370 0.658333 0.020370 0.011458
0 0.996296 0.740625 0.007407 0.017708
0 0.992593 0.703125 0.011111 0.019792
0 0.995370 0.351562 0.009259 0.014583
0 0.992593 0.329688 0.011111 0.013542
0 0.993519 0.672396 0.011111 0.014583
0 0.935185 0.376042 0.007407 0.013542
0 0.995370 0.394271 0.007407 0.013542
0 0.992593 0.679167 0.012963 0.016667
0 0.993519 0.582292 0.011111 0.028125
0 0.996296 0.491146 0.007407 0.020833
0 0.996296 0.718750 0.005556 0.014583
0 0.994444 0.711979 0.009259 0.014583
0 0.999074 0.435937 0.000000 0.000000
0 0.991667 0.581771 0.016667 0.029167
0 0.991667 0.709896 0.014815 0.018750
0 0.996296 0.461979 0.005556 0.011458
0 0.627778 0.301042 0.024074 0.015625
0 0.677778 0.481771 0.027778 0.014583
0 0.996296 0.268229 0.003704 0.016667
0 0.583333 0.302083 0.022222 0.013542
0 0.580556 0.468750 0.024074 0.012500
0 0.511111 0.317188 0.022222 0.012500
0 0.553704 0.480729 0.025926 0.012500
0 0.509259 0.306771 0.020370 0.012500
0 0.555556 0.491667 0.024074 0.014583
0 0.995370 0.687500 0.005556 0.018750
0 0.487963 0.303646 0.025926 0.014583
0 0.515741 0.492188 0.024074 0.014583
0 0.517593 0.275000 0.024074 0.014583
0 0.502778 0.499479 0.016667 0.011458
0 0.493519 0.503125 0.025926 0.015625
0 0.457407 0.571875 0.025926 0.014583
0 0.514815 0.476562 0.022222 0.012500
0 0.994444 0.532813 0.009259 0.011458
0 0.493519 0.503646 0.027778 0.016667
0 0.532407 0.295312 0.024074 0.014583
0 0.456481 0.571354 0.025926 0.013542
0 0.541667 0.303125 0.022222 0.013542
0 0.996296 0.450000 0.005556 0.016667
0 0.472222 0.508333 0.024074 0.013542
0 0.573148 0.484896 0.022222 0.013542
0 0.401852 0.563021 0.027778 0.015625
0 0.629630 0.388021 0.022222 0.012500
0 0.400000 0.290104 0.029630 0.014583
0 0.465741 0.703646 0.029630 0.017708
0 0.396296 0.305208 0.033333 0.019792
0 0.354630 0.310417 0.029630 0.018750
0 1.000926 0.683333 0.018519 0.016667
0 0.995370 0.560417 0.005556 0.012500
0 0.326852 0.546875 0.029630 0.017708
0 0.289815 0.707812 0.029630 0.016667
0 0.332407 0.346875 0.029630 0.015625
0 0.584259 0.303646 0.022222 0.015625
0 0.561111 0.180729 0.011111 0.007292
0 0.414815 0.572396 0.024074 0.014583
0 0.339815 0.305729 0.027778 0.017708
0 0.987963 0.634896 0.022222 0.016667
0 0.128704 0.483333 0.029630 0.014583
