0 0.282407 0.650000 0.027778 0.015625
0 0.027778 0.352604 0.027778 0.014583
0 0.875000 0.589583 0.037037 0.019792
0 0.015741 0.331771 0.031481 0.017708
0 0.714815 0.508333 0.033333 0.017708
0 0.201852 0.695312 0.033333 0.023958
0 0.045370 0.368229 0.029630 0.014583
0 0.049074 0.642188 0.031481 0.017708
0 0.541667 0.584375 0.050000 0.027083
0 0.707407 0.285938 0.031481 0.019792
0 0.348148 0.525521 0.040741 0.021875
0 0.234259 0.685417 0.044444 0.023958
0 0.876852 0.542708 0.035185 0.018750
0 0.590741 0.494792 0.042593 0.023958
0 0.856481 0.394792 0.040741 0.022917
0 0.430556 0.742188 0.029630 0.016667
0 0.675000 0.728646 0.035185 0.020833
0 0.878704 0.397917 0.025926 0.017708
0 0.484259 0.770312 0.024074 0.015625
0 0.578704 0.229687 0.038889 0.022917
0 0.732407 0.554167 0.044444 0.026042
0 0.641667 0.732292 0.033333 0.018750
0 0.445370 0.265104 0.029630 0.017708
0 0.104630 0.480208 0.025926 0.013542
0 0.678704 0.295833 0.020370 0.012500
0 0.702778 0.530208 0.033333 0.018750
0 0.771296 0.288542 0.020370 0.014583
0 0.131481 0.266146 0.029630 0.014583
0 0.200000 0.695833 0.031481 0.020833
0 0.348148 0.692708 0.029630 0.016667
0 0.303704 0.440104 0.037037 0.020833
0 0.754630 0.500521 0.022222 0.011458
0 0.106481 0.679167 0.025926 0.013542
0 0.264815 0.783333 0.040741 0.025000
0 0.350000 0.366146 0.040741 0.022917
0 0.162037 0.295833 0.031481 0.016667
0 0.879630 0.353646 0.025926 0.014583
0 0.833333 0.591146 0.035185 0.019792
0 0.693519 0.276562 0.040741 0.026042
0 0.324074 0.658854 0.037037 0.018750
0 0.873148 0.587500 0.038889 0.017708
0 0.901852 0.526563 0.033333 0.020833
0 0.357407 0.719271 0.029630 0.017708
0 0.717593 0.701562 0.040741 0.023958
0 0.381481 0.390104 0.040741 0.021875
0 0.753704 0.515104 0.038889 0.020833
0 0.447222 0.674479 0.033333 0.019792
0 0.398148 0.779687 0.031481 0.017708
0 0.897222 0.576042 0.031481 0.019792
0 0.589815 0.731771 0.042593 0.020833
0 0.828704 0.446875 0.044444 0.023958
0 0.700926 0.263542 0.031481 0.017708
0 0.425926 0.669271 0.033333 0.018750
0 0.325926 0.670312 0.035185 0.014583
0 0.689815 0.561458 0.031481 0.017708
0 0.131481 0.683333 0.029630 0.016667
0 0.697222 0.585417 0.029630 0.015625
0 0.761111 0.296354 0.031481 0.017708
0 0.823148 0.533854 0.037037 0.020833
0 0.455556 0.777083 0.027778 0.014583
0 0.555556 0.556250 0.038889 0.021875
0 0.897222 0.555208 0.029630 0.017708
0 0.281481 0.372917 0.025926 0.012500
0 0.171296 0.653125 0.037037 0.017708
0 0.354630 0.681250 0.025926 0.012500
0 0.704630 0.713542 0.027778 0.015625
0 0.864815 0.583854 0.027778 0.017708
0 0.750926 0.647917 0.025926 0.014583
0 0.854630 0.572917 0.027778 0.015625
0 0.508333 0.225521 0.024074 0.012500
0 0.301852 0.373958 0.022222 0.009375
0 0.359259 0.551042 0.018519 0.011458
0 0.467593 0.457813 0.035185 0.020833
0 0.136111 0.277604 0.024074 0.011458
0 0.745370 0.302083 0.024074 0.016667
0 0.497222 0.641667 0.027778 0.015625
0 0.682407 0.540104 0.029630 0.017708
0 0.655556 0.561979 0.027778 0.017708
0 0.060185 0.452604 0.025926 0.014583
0 0.856481 0.367188 0.027778 0.013542
0 0.841667 0.550000 0.037037 0.019792
