0 0.592593 0.276562 0.020370 0.012500
0 0.637963 0.266146 0.033333 0.019792
0 0.269444 0.513021 0.040741 0.022917
0 0.152778 0.673958 0.044444 0.025000
0 0.803704 0.526563 0.035185 0.018750
0 0.498148 0.479687 0.042593 0.026042
0 0.767593 0.374479 0.044444 0.023958
0 0.363889 0.730729 0.029630 0.017708
0 0.600926 0.716146 0.035185 0.021875
0 0.806481 0.379688 0.033333 0.019792
0 0.420370 0.758333 0.025926 0.016667
0 0.489815 0.209896 0.038889 0.023958
0 0.655556 0.539062 0.046296 0.025000
0 0.567593 0.719271 0.035185 0.019792
0 0.383333 0.249479 0.031481 0.018750
0 0.049074 0.469792 0.025926 0.013542
0 0.608333 0.256771 0.042593 0.028125
0 0.244444 0.647396 0.037037 0.018750
0 0.810185 0.573958 0.035185 0.019792
0 0.826852 0.509375 0.033333 0.018750
0 0.288889 0.708333 0.031481 0.018750
0 0.645370 0.688021 0.042593 0.023958
0 0.285185 0.372917 0.042593 0.021875
0 0.670370 0.498958 0.035185 0.021875
0 0.370370 0.661979 0.035185 0.020833
0 0.331481 0.768229 0.031481 0.017708
0 0.832407 0.559896 0.033333 0.018750
0 0.512037 0.718750 0.042593 0.020833
0 0.742593 0.428646 0.044444 0.025000
0 0.616667 0.243229 0.033333 0.020833
0 0.346296 0.657292 0.035185 0.018750
0 0.248148 0.658854 0.033333 0.013542
0 0.626852 0.548438 0.029630 0.017708
0 0.071296 0.673438 0.031481 0.016667
0 0.462037 0.570833 0.046296 0.026042
0 0.639815 0.516667 0.035185 0.016667
0 0.710185 0.269792 0.022222 0.013542
0 0.064815 0.252083 0.025926 0.015625
0 0.126852 0.687500 0.031481 0.019792
0 0.275926 0.681250 0.029630 0.016667
0 0.217593 0.426042 0.038889 0.019792
0 0.680556 0.483854 0.027778 0.016667
0 0.046296 0.668750 0.025926 0.014583
0 0.200926 0.772917 0.042593 0.025000
0 0.248148 0.348958 0.038889 0.021875
0 0.095370 0.282292 0.033333 0.017708
0 0.823148 0.334896 0.025926 0.013542
0 0.767593 0.576042 0.033333 0.019792
0 0.630556 0.571875 0.027778 0.016667
0 0.699074 0.277083 0.031481 0.017708
0 0.746296 0.517708 0.037037 0.021875
0 0.392593 0.765625 0.029630 0.016667
0 0.469444 0.542188 0.042593 0.021875
0 0.830556 0.539062 0.029630 0.016667
0 0.210185 0.359375 0.025926 0.011458
0 0.089815 0.644271 0.038889 0.017708
0 0.282407 0.669271 0.029630 0.014583
0 0.648148 0.701042 0.031481 0.014583
0 0.202778 0.637500 0.029630 0.017708
0 0.800000 0.569792 0.027778 0.017708
0 0.697222 0.634896 0.025926 0.015625
0 0.787963 0.557292 0.029630 0.015625
0 0.445370 0.208333 0.024074 0.012500
0 0.240741 0.360938 0.025926 0.010417
0 0.302778 0.540104 0.022222 0.013542
0 0.391667 0.443229 0.031481 0.018750
0 0.071296 0.263021 0.025926 0.013542
0 0.688889 0.284375 0.025926 0.014583
0 0.414815 0.627604 0.031481 0.017708
0 0.618519 0.526563 0.031481 0.019792
0 0.591667 0.547917 0.027778 0.016667
0 0.006481 0.443229 0.012963 0.011458
0 0.787963 0.346875 0.024074 0.013542
0 0.767593 0.534375 0.037037 0.019792
