0 0.460185 0.570833 0.046296 0.026042
0 0.637037 0.266146 0.033333 0.020833
0 0.267593 0.513021 0.042593 0.022917
0 0.150926 0.673958 0.044444 0.023958
0 0.801852 0.526042 0.035185 0.018750
0 0.497222 0.479687 0.044444 0.026042
0 0.765741 0.374479 0.042593 0.023958
0 0.362037 0.730729 0.029630 0.017708
0 0.600000 0.716146 0.035185 0.021875
0 0.805556 0.379167 0.033333 0.018750
0 0.420370 0.758333 0.027778 0.016667
0 0.487963 0.208854 0.040741 0.023958
0 0.654630 0.539062 0.046296 0.025000
0 0.565741 0.719271 0.035185 0.019792
0 0.382407 0.248958 0.031481 0.019792
0 0.047222 0.469271 0.025926 0.013542
0 0.591667 0.276562 0.022222 0.013542
0 0.638889 0.517188 0.035185 0.017708
0 0.710185 0.269271 0.024074 0.013542
0 0.062037 0.251563 0.025926 0.015625
0 0.125000 0.686979 0.031481 0.019792
0 0.275000 0.681771 0.029630 0.017708
0 0.216667 0.426042 0.038889 0.021875
0 0.679630 0.483333 0.027778 0.015625
0 0.045370 0.669271 0.025926 0.015625
0 0.200000 0.773438 0.042593 0.023958
0 0.245370 0.349479 0.038889 0.023958
0 0.093519 0.282292 0.033333 0.017708
0 0.822222 0.334896 0.025926 0.013542
0 0.766667 0.575521 0.033333 0.019792
0 0.606481 0.256250 0.040741 0.028125
0 0.242593 0.647396 0.037037 0.018750
0 0.809259 0.573438 0.035185 0.017708
0 0.826852 0.509375 0.035185 0.019792
0 0.287963 0.708854 0.031481 0.018750
0 0.644444 0.688021 0.042593 0.023958
0 0.282407 0.372917 0.042593 0.021875
0 0.669444 0.498958 0.037037 0.021875
0 0.369444 0.661979 0.037037 0.020833
0 0.331481 0.768229 0.031481 0.017708
0 0.831481 0.559896 0.033333 0.018750
0 0.511111 0.718750 0.042593 0.020833
0 0.740741 0.428646 0.046296 0.026042
0 0.614815 0.243229 0.033333 0.020833
0 0.345370 0.657813 0.035185 0.018750
0 0.246296 0.658854 0.035185 0.013542
0 0.626852 0.548438 0.029630 0.017708
0 0.070370 0.673438 0.031481 0.016667
0 0.629630 0.571875 0.025926 0.016667
0 0.699074 0.277083 0.031481 0.017708
0 0.744444 0.517188 0.037037 0.021875
0 0.392593 0.765625 0.029630 0.016667
0 0.467593 0.542188 0.040741 0.022917
0 0.828704 0.539583 0.029630 0.017708
0 0.208333 0.359375 0.024074 0.011458
0 0.087037 0.644271 0.038889 0.017708
0 0.279630 0.669271 0.027778 0.014583
0 0.647222 0.700521 0.029630 0.014583
0 0.202778 0.637500 0.031481 0.018750
0 0.799074 0.569271 0.025926 0.016667
0 0.697222 0.634896 0.025926 0.015625
0 0.787963 0.557292 0.027778 0.014583
0 0.443519 0.208333 0.024074 0.013542
0 0.238889 0.360417 0.025926 0.010417
0 0.300926 0.540104 0.020370 0.012500
0 0.387963 0.443229 0.031481 0.018750
0 0.068519 0.262500 0.025926 0.013542
0 0.687963 0.284375 0.025926 0.014583
0 0.413889 0.627604 0.031481 0.017708
0 0.618519 0.526042 0.031481 0.018750
0 0.590741 0.547917 0.027778 0.017708
0 0.006481 0.442708 0.009259 0.012500
0 0.786111 0.346875 0.029630 0.014583
0 0.765741 0.534375 0.035185 0.020833
