0 0.462963 0.784896 0.042593 0.022917
0 0.637963 0.739583 0.033333 0.017708
0 0.906481 0.725521 0.033333 0.019792
0 1.000926 0.378646 0.031481 0.021875
0 0.685185 0.768750 0.025926 0.016667
0 0.814815 0.217708 0.040741 0.025000
0 0.967593 0.548958 0.046296 0.025000
0 0.874074 0.729167 0.035185 0.019792
0 0.590741 0.252604 0.029630 0.019792
0 0.243519 0.475000 0.025926 0.013542
0 0.894444 0.522917 0.033333 0.018750
0 0.945370 0.279167 0.020370 0.014583
0 0.325000 0.261458 0.029630 0.017708
0 0.432407 0.698438 0.035185 0.021875
0 0.560185 0.691667 0.029630 0.017708
0 0.525000 0.435417 0.037037 0.020833
0 1.000000 0.494271 0.022222 0.011458
0 0.277778 0.677083 0.027778 0.015625
0 0.904630 0.578646 0.025926 0.015625
0 0.928704 0.284375 0.025926 0.014583
0 0.992593 0.520833 0.011111 0.019792
0 0.655556 0.775521 0.025926 0.014583
0 0.806481 0.553125 0.042593 0.022917
0 0.322222 0.676562 0.022222 0.013542
0 0.912963 0.708333 0.024074 0.014583
0 0.513889 0.651563 0.027778 0.016667
0 0.990741 0.579688 0.016667 0.019792
0 0.983333 0.644271 0.025926 0.014583
0 0.990741 0.553646 0.033333 0.019792
0 0.550926 0.540625 0.029630 0.016667
0 0.218519 0.303646 0.018519 0.009375
0 0.921296 0.287500 0.022222 0.015625
0 0.734259 0.639062 0.033333 0.016667
0 0.869444 0.534375 0.024074 0.013542
0 0.202778 0.445833 0.027778 0.016667
0 0.987963 0.542708 0.024074 0.025000
0 0.605556 0.359896 0.040741 0.022917
0 0.363889 0.282292 0.025926 0.014583
0 0.986111 0.334896 0.029630 0.017708
0 0.995370 0.588542 0.007407 0.020833
0 0.931481 0.265104 0.038889 0.025000
0 0.552778 0.658333 0.035185 0.020833
0 0.987037 0.588021 0.024074 0.019792
0 0.995370 0.507292 0.005556 0.018750
0 0.564815 0.718750 0.033333 0.018750
0 0.945370 0.696875 0.042593 0.023958
0 0.634259 0.383333 0.042593 0.022917
0 0.989815 0.509375 0.018519 0.021875
0 0.671296 0.671354 0.040741 0.020833
0 0.602778 0.778646 0.029630 0.018750
0 0.993519 0.583854 0.012963 0.020833
0 0.828704 0.729688 0.044444 0.021875
0 0.995370 0.429167 0.005556 0.017708
0 0.938889 0.252604 0.027778 0.015625
0 0.645370 0.665104 0.033333 0.019792
0 0.550000 0.669271 0.035185 0.015625
0 0.881481 0.554688 0.024074 0.018750
0 0.304630 0.681771 0.029630 0.016667
0 0.023148 0.695833 0.035185 0.018750
0 0.012963 0.671354 0.025926 0.021875
0 0.600926 0.285938 0.024074 0.012500
0 0.666667 0.668750 0.031481 0.019792
0 0.307407 0.554688 0.024074 0.015625
0 0.064815 0.647917 0.025926 0.014583
0 0.060185 0.663021 0.038889 0.020833
0 0.947222 0.438542 0.029630 0.019792
0 0.645370 0.664583 0.033333 0.019792
0 0.062963 0.694792 0.031481 0.017708
0 0.085185 0.670312 0.031481 0.018750
0 0.573148 0.555208 0.024074 0.012500
0 0.727778 0.665625 0.031481 0.018750
0 0.376852 0.687500 0.027778 0.014583
0 0.172222 0.323958 0.033333 0.017708
0 0.224074 0.254688 0.018519 0.019792
0 0.398148 0.653646 0.037037 0.019792
0 -0.075926 0.337500 0.000000 0.000000
0 0.991667 0.588021 0.012963 0.019792
0 0.184259 0.344792 0.031481 0.015625
0 0.914815 0.488542 0.022222 0.012500
0 0.432407 0.699479 0.037037 0.023958
0 0.200926 0.360938 0.029630 0.015625
0 0.215741 0.640104 0.031481 0.017708
0 0.775926 0.581250 0.050000 0.026042
0 0.934259 0.275000 0.031481 0.015625
0 0.566667 0.522396 0.038889 0.021875
0 0.466667 0.685417 0.042593 0.025000
0 0.991667 0.540625 0.014815 0.021875
0 0.855556 0.491667 0.044444 0.026042
0 0.988889 0.377083 0.020370 0.021875
