0 0.394444 0.484896 0.022222 0.013542
0 0.012037 0.538021 0.024074 0.016667
0 0.345370 0.516146 0.020370 0.012500
0 0.969444 0.483854 0.029630 0.015625
0 0.997222 0.472396 0.003704 0.008333
0 0.993519 0.682292 0.011111 0.014583
0 0.995370 0.663021 0.007407 0.011458
0 0.993519 0.644271 0.007407 0.014583
0 0.997222 0.665104 0.003704 0.015625
0 0.995370 0.386979 0.005556 0.017708
0 0.987963 0.664062 0.022222 0.026042
0 0.896296 0.305729 0.025926 0.014583
0 0.849074 0.308333 0.024074 0.014583
0 0.842593 0.471875 0.018519 0.011458
0 0.751852 0.321354 0.022222 0.013542
0 0.810185 0.481771 0.022222 0.012500
0 0.237037 0.438021 0.044444 0.027083
0 0.212963 0.454688 0.050000 0.025000
0 0.138889 0.522396 0.025926 0.014583
0 0.172222 0.684896 0.035185 0.022917
0 0.200000 0.426042 0.048148 0.028125
0 0.128704 0.489583 0.033333 0.016667
0 0.116667 0.525000 0.024074 0.013542
0 0.173148 0.163542 0.024074 0.014583
0 0.161111 0.715104 0.035185 0.020833
0 0.140741 0.608333 0.029630 0.017708
0 0.506481 0.372396 0.025926 0.019792
0 0.156481 0.159375 0.024074 0.015625
0 0.123148 0.708333 0.029630 0.017708
0 0.094444 0.518229 0.016667 0.009375
0 0.120370 0.447396 0.029630 0.017708
0 0.300926 0.277604 0.029630 0.014583
0 0.311111 0.236458 0.031481 0.016667
0 0.128704 0.322917 0.027778 0.017708
0 0.152778 0.321354 0.029630 0.016667
0 0.142593 0.703646 0.027778 0.016667
0 0.075926 0.538021 0.033333 0.017708
0 0.094444 0.448437 0.035185 0.017708
0 0.088889 0.434375 0.035185 0.019792
0 0.165741 0.145833 0.024074 0.013542
0 0.072222 0.268229 0.031481 0.017708
0 0.840741 0.427083 0.024074 0.014583
0 0.071296 0.220833 0.037037 0.021875
0 0.796296 0.708854 0.029630 0.013542
0 0.040741 0.537500 0.035185 0.018750
0 0.040741 0.250000 0.029630 0.020833
0 0.044444 0.246875 0.020370 0.017708
0 0.327778 0.286458 0.033333 0.018750
0 0.755556 0.311979 0.018519 0.013542
0 0.819444 0.493750 0.024074 0.014583
0 0.996296 0.663542 0.007407 0.019792
0 0.740741 0.307812 0.022222 0.011458
0 0.782407 0.493229 0.020370 0.013542
0 0.793519 0.280729 0.024074 0.014583
0 0.776852 0.504167 0.027778 0.015625
0 0.735185 0.571354 0.024074 0.013542
0 0.786111 0.479167 0.018519 0.010417
0 0.777778 0.504687 0.027778 0.015625
0 0.783333 0.301042 0.025926 0.013542
0 0.735185 0.571354 0.024074 0.014583
0 0.787963 0.307812 0.024074 0.013542
0 0.745370 0.507812 0.029630 0.013542
0 0.834259 0.486458 0.024074 0.013542
0 0.660185 0.566146 0.016667 0.007292
0 0.911111 0.390104 0.016667 0.010417
0 0.728704 0.295312 0.022222 0.012500
0 0.816667 0.698438 0.029630 0.015625
0 0.729630 0.308854 0.031481 0.019792
0 0.690741 0.311458 0.031481 0.013542
0 0.685185 0.542188 0.024074 0.014583
0 0.587037 0.702083 0.022222 0.011458
0 0.849074 0.307812 0.024074 0.013542
0 0.833333 0.188021 0.011111 0.008333
0 0.657407 0.571354 0.018519 0.012500
0 0.677778 0.308854 0.033333 0.020833
0 0.997222 0.628646 0.024074 0.017708
0 0.450926 0.480208 0.031481 0.016667
0 0.872222 0.306250 0.025926 0.014583
0 0.453704 0.504167 0.029630 0.017708
0 0.997222 0.457813 0.014815 0.010417
0 0.375000 0.688542 0.027778 0.013542
0 0.701852 0.309896 0.022222 0.014583
0 0.450926 0.589063 0.018519 0.010417
0 0.297222 0.727604 0.035185 0.019792
0 0.295370 0.291146 0.033333 0.017708
0 0.676852 0.343750 0.025926 0.015625
0 0.275926 0.718229 0.027778 0.015625
0 0.325926 0.632812 0.029630 0.015625
0 0.308333 0.707292 0.033333 0.021875
0 0.243519 0.553646 0.029630 0.013542
0 0.287037 0.671875 0.033333 0.020833
0 0.275926 0.456250 0.044444 0.025000
0 0.287037 0.692187 0.033333 0.018750
0 0.231481 0.584375 0.014815 0.018750
