0 0.009259 0.380208 0.018519 0.016667
0 0.187037 0.716146 0.037037 0.026042
0 0.708333 0.523438 0.031481 0.018750
0 0.009259 0.344792 0.016667 0.017708
0 0.864815 0.603646 0.031481 0.018750
0 -0.025000 0.364063 0.020370 0.010417
0 0.489815 0.657813 0.031481 0.016667
0 0.721296 0.314063 0.025926 0.017708
0 0.141667 0.296875 0.022222 0.011458
0 0.454630 0.472396 0.037037 0.021875
0 0.362037 0.561979 0.027778 0.015625
0 0.300926 0.387500 0.022222 0.008333
0 0.477778 0.238542 0.024074 0.013542
0 0.841667 0.586458 0.027778 0.015625
0 0.742593 0.663021 0.025926 0.014583
0 0.852778 0.598958 0.029630 0.018750
0 0.265741 0.669792 0.027778 0.015625
0 0.687037 0.728646 0.029630 0.017708
0 0.337963 0.700000 0.022222 0.011458
0 0.151852 0.673958 0.037037 0.018750
0 0.252778 0.385937 0.027778 0.013542
0 0.885185 0.569271 0.029630 0.016667
0 0.550000 0.571875 0.040741 0.022917
0 0.437963 0.796875 0.029630 0.015625
0 0.816667 0.547917 0.037037 0.020833
0 0.737963 0.309896 0.029630 0.018750
0 0.689815 0.601042 0.029630 0.015625
0 0.096296 0.704167 0.031481 0.016667
0 0.674074 0.576042 0.029630 0.017708
0 0.310185 0.689583 0.033333 0.014583
0 0.414815 0.687500 0.037037 0.018750
0 0.692593 0.278125 0.033333 0.018750
0 0.826852 0.460938 0.042593 0.023958
0 0.583333 0.749479 0.042593 0.020833
0 0.886111 0.590104 0.033333 0.017708
0 0.379630 0.800000 0.031481 0.018750
0 0.435185 0.692187 0.035185 0.019792
0 0.750000 0.529687 0.038889 0.020833
0 0.372222 0.403125 0.042593 0.020833
0 0.711111 0.717187 0.042593 0.025000
0 0.338889 0.739062 0.031481 0.018750
0 0.895370 0.540625 0.035185 0.019792
0 0.862963 0.603125 0.037037 0.019792
0 0.309259 0.678125 0.037037 0.019792
0 0.687037 0.291146 0.040741 0.028125
0 0.820370 0.604688 0.035185 0.019792
0 0.854630 0.369271 0.029630 0.016667
0 0.175926 0.308333 0.029630 0.015625
0 0.340741 0.379167 0.042593 0.022917
0 0.240741 0.806250 0.044444 0.026042
0 0.069444 0.699479 0.029630 0.015625
0 0.748148 0.514583 0.020370 0.010417
0 0.286111 0.454167 0.038889 0.020833
0 0.330556 0.711458 0.031481 0.017708
0 0.180556 0.718229 0.033333 0.022917
0 0.090741 0.277083 0.027778 0.017708
0 0.746296 0.302083 0.018519 0.014583
0 0.687037 0.544271 0.033333 0.019792
0 0.670370 0.309896 0.020370 0.013542
0 0.061111 0.495312 0.025926 0.014583
0 0.413889 0.277604 0.029630 0.018750
0 0.636111 0.748958 0.031481 0.019792
0 0.725926 0.569271 0.046296 0.025000
0 0.568519 0.242708 0.037037 0.022917
0 0.467593 0.789583 0.029630 0.017708
0 0.877778 0.412500 0.027778 0.019792
0 0.668519 0.745313 0.035185 0.020833
0 0.413889 0.760938 0.031481 0.018750
0 0.857407 0.409375 0.044444 0.023958
0 0.587963 0.510417 0.042593 0.025000
0 0.868519 0.557292 0.033333 0.018750
0 0.217593 0.705729 0.042593 0.025000
0 0.332407 0.541667 0.040741 0.022917
0 0.689815 0.300000 0.031481 0.015625
0 0.534259 0.600000 0.050000 0.027083
0 0.012963 0.661979 0.025926 0.018750
0 0.836111 0.564583 0.037037 0.019792
0 0.844444 0.381250 0.027778 0.013542
0 0.015741 0.466667 0.029630 0.015625
0 0.640741 0.576562 0.027778 0.016667
0 0.664815 0.554688 0.029630 0.017708
