0 0.829630 0.526563 0.037037 0.018750
0 0.796296 0.534375 0.037037 0.019792
0 0.806481 0.351562 0.027778 0.013542
0 0.020370 0.447396 0.024074 0.014583
0 0.615741 0.549479 0.027778 0.016667
0 0.641667 0.527083 0.029630 0.017708
0 0.455556 0.629687 0.029630 0.016667
0 0.699074 0.289062 0.024074 0.015625
0 0.087963 0.269271 0.025926 0.012500
0 0.422222 0.447396 0.033333 0.019792
0 0.320370 0.541667 0.018519 0.011458
0 0.258333 0.365625 0.024074 0.009375
0 0.458333 0.214583 0.024074 0.013542
0 0.812963 0.557292 0.027778 0.015625
0 0.716667 0.633333 0.024074 0.013542
0 0.824074 0.569271 0.029630 0.017708
0 0.243519 0.641667 0.027778 0.016667
0 0.672222 0.700000 0.029630 0.013542
0 0.318519 0.671354 0.027778 0.014583
0 0.129630 0.645833 0.035185 0.017708
0 0.234259 0.363542 0.025926 0.012500
0 0.853704 0.539062 0.031481 0.017708
0 0.508333 0.543750 0.038889 0.021875
0 0.425000 0.765625 0.027778 0.016667
0 0.775000 0.518229 0.037037 0.020833
0 0.712963 0.282813 0.031481 0.017708
0 0.654630 0.571875 0.029630 0.014583
0 0.099074 0.677083 0.029630 0.016667
0 0.650000 0.548438 0.031481 0.017708
0 0.287963 0.660417 0.035185 0.013542
0 0.386111 0.658854 0.033333 0.019792
0 0.643519 0.250000 0.035185 0.018750
0 0.775000 0.430729 0.040741 0.023958
0 0.550926 0.718229 0.040741 0.020833
0 0.854630 0.559896 0.031481 0.017708
0 0.365741 0.769271 0.029630 0.018750
0 0.409259 0.663021 0.033333 0.020833
0 0.703704 0.500521 0.037037 0.020833
0 0.327778 0.379167 0.042593 0.021875
0 0.678704 0.685937 0.042593 0.023958
0 0.323148 0.709896 0.029630 0.018750
0 0.853704 0.509896 0.031481 0.019792
0 0.834259 0.573438 0.033333 0.018750
0 0.285185 0.650000 0.037037 0.019792
0 0.637037 0.263021 0.040741 0.027083
0 0.791667 0.575521 0.035185 0.018750
0 0.831481 0.339583 0.024074 0.015625
0 0.113889 0.287500 0.033333 0.017708
0 0.292593 0.355729 0.038889 0.022917
0 0.234259 0.775000 0.042593 0.025000
0 0.074074 0.672917 0.027778 0.013542
0 0.705556 0.486458 0.022222 0.011458
0 0.254630 0.430729 0.037037 0.020833
0 0.312963 0.682813 0.029630 0.016667
0 0.162963 0.688542 0.037037 0.018750
0 0.081481 0.257812 0.027778 0.013542
0 0.722222 0.275000 0.020370 0.015625
0 0.662037 0.517188 0.033333 0.019792
0 0.623148 0.282813 0.022222 0.013542
0 0.065741 0.474479 0.025926 0.014583
0 0.397222 0.255208 0.029630 0.019792
0 0.603704 0.718229 0.033333 0.019792
0 0.687037 0.540104 0.044444 0.025000
0 0.521296 0.217708 0.038889 0.023958
0 0.451852 0.758854 0.027778 0.016667
0 0.827778 0.382812 0.029630 0.019792
0 0.636111 0.714063 0.035185 0.020833
0 0.398148 0.731250 0.031481 0.016667
0 0.800000 0.379167 0.040741 0.023958
0 0.539815 0.482292 0.042593 0.025000
0 0.196296 0.676562 0.044444 0.023958
0 0.305556 0.516667 0.040741 0.022917
0 0.656481 0.272396 0.029630 0.018750
0 0.499074 0.572396 0.046296 0.026042
0 0.015741 0.636458 0.031481 0.018750
0 0.666667 0.494271 0.033333 0.016667
0 0.162037 0.686979 0.031481 0.021875
0 0.007407 0.361979 0.014815 0.015625
