0 0.415741 0.668750 0.035185 0.019792
0 1.008333 0.503646 0.031481 0.019792
0 1.000000 0.680208 0.031481 0.019792
0 0.392593 0.700521 0.029630 0.018750
0 0.994444 0.552083 0.009259 0.021875
0 0.626852 0.686979 0.022222 0.013542
0 0.999074 0.697396 0.035185 0.015625
0 0.897222 0.662500 0.024074 0.015625
0 0.992593 0.589063 0.012963 0.014583
0 0.995370 0.650000 0.029630 0.013542
0 0.492593 0.460938 0.025926 0.015625
0 0.990741 0.533333 0.016667 0.027083
0 0.031481 0.254688 0.025926 0.014583
0 0.026852 0.470833 0.025926 0.014583
0 0.056481 0.282813 0.024074 0.014583
0 0.691667 0.640104 0.033333 0.019792
0 0.062963 0.471875 0.025926 0.014583
0 0.078704 0.287500 0.024074 0.014583
0 0.075926 0.463021 0.025926 0.011458
0 0.090741 0.297917 0.022222 0.012500
0 0.778704 0.795312 0.037037 0.025000
0 0.096296 0.452083 0.025926 0.011458
0 0.114815 0.284375 0.027778 0.015625
0 0.580556 0.277083 0.025926 0.016667
0 0.124074 0.464062 0.031481 0.015625
0 0.149074 0.283854 0.025926 0.015625
0 0.325926 0.655208 0.027778 0.016667
0 0.154630 0.376042 0.031481 0.018750
0 0.211111 0.393229 0.018519 0.009375
0 0.156481 0.405729 0.025926 0.014583
0 0.589815 0.514062 0.022222 0.012500
0 0.171296 0.371354 0.022222 0.013542
0 0.364815 0.675521 0.037037 0.020833
0 0.861111 0.308854 0.022222 0.013542
0 0.356481 0.701042 0.029630 0.018750
0 0.992593 0.678125 0.014815 0.026042
0 0.601852 0.567708 0.024074 0.013542
0 0.418519 0.653646 0.022222 0.012500
0 1.009259 0.669271 0.035185 0.019792
0 0.919444 0.682813 0.031481 0.016667
0 0.994444 0.679688 0.012963 0.019792
0 0.996296 0.397917 0.003704 0.013542
0 0.986111 0.453646 0.022222 0.025000
0 0.971296 0.755729 0.033333 0.017708
0 0.993519 0.696875 0.009259 0.014583
0 1.005556 0.783333 0.025926 0.013542
0 0.993519 0.750521 0.012963 0.023958
0 0.994444 0.222917 0.009259 0.018750
0 0.607407 0.692708 0.029630 0.016667
0 1.009259 0.318229 0.042593 0.027083
0 0.993519 0.502083 0.009259 0.017708
0 0.983333 0.792188 0.018519 0.010417
0 1.011111 0.461458 0.046296 0.035417
0 0.993519 0.529687 0.012963 0.022917
0 0.993519 0.544792 0.011111 0.017708
0 0.843519 0.697396 0.048148 0.023958
0 0.991667 0.733333 0.016667 0.015625
0 0.414815 0.677604 0.024074 0.013542
0 0.909259 0.568229 0.018519 0.010417
0 0.992593 0.603646 0.012963 0.022917
0 0.932407 0.792708 0.031481 0.018750
0 0.994444 0.679688 0.011111 0.020833
0 0.996296 0.442708 0.005556 0.015625
0 0.993519 0.398438 0.011111 0.020833
0 0.992593 0.590625 0.012963 0.025000
0 0.904630 0.732292 0.031481 0.017708
0 1.004630 0.515625 0.088889 0.043750
0 0.986111 0.630208 0.027778 0.022917
0 0.930556 0.672396 0.037037 0.019792
0 0.993519 0.262500 0.009259 0.016667
0 0.995370 0.598437 0.009259 0.025000
0 0.994444 0.376563 0.009259 0.021875
0 0.759259 0.783854 0.029630 0.020833
0 0.578704 0.686458 0.025926 0.016667
0 0.909259 0.452604 0.038889 0.019792
0 0.909259 0.705729 0.029630 0.016667
0 0.936111 0.538542 0.042593 0.021875
0 0.807407 0.708854 0.038889 0.021875
0 0.997222 0.547396 0.024074 0.018750
0 0.995370 0.492708 0.007407 0.021875
0 0.519444 0.489063 0.024074 0.013542
0 0.919444 0.275521 0.029630 0.018750
0 0.994444 0.601562 0.009259 0.025000
0 0.516667 0.649479 0.029630 0.017708
0 0.516667 0.378125 0.027778 0.015625
0 0.808333 0.708854 0.038889 0.020833
0 0.994444 0.504687 0.020370 0.011458
0 0.496296 0.361458 0.029630 0.015625
0 0.992593 0.602604 0.014815 0.020833
0 0.777778 0.664583 0.044444 0.022917
0 0.559259 0.285938 0.025926 0.014583
0 0.498148 0.342708 0.033333 0.017708
0 0.664815 0.699479 0.027778 0.014583
