0 0.991667 0.578646 0.016667 0.028125
0 0.997222 0.462500 0.005556 0.011458
0 0.992593 0.706250 0.014815 0.018750
0 0.997222 0.504167 0.003704 0.017708
0 0.985185 0.679688 0.016667 0.017708
0 0.994444 0.707292 0.011111 0.019792
0 0.996296 0.517188 0.020370 0.011458
0 0.980556 0.653646 0.020370 0.012500
0 0.995370 0.736458 0.005556 0.017708
0 0.993519 0.706771 0.011111 0.020833
0 0.995370 0.349479 0.009259 0.014583
0 0.992593 0.326562 0.011111 0.014583
0 0.993519 0.670833 0.011111 0.014583
0 0.932407 0.371875 0.009259 0.013542
0 0.995370 0.392188 0.007407 0.013542
0 0.993519 0.677604 0.012963 0.016667
0 0.994444 0.577604 0.011111 0.027083
0 0.996296 0.491146 0.007407 0.020833
0 0.996296 0.718750 0.005556 0.014583
0 0.994444 0.714583 0.009259 0.014583
0 0.999074 0.435937 0.000000 0.000000
0 0.562963 0.464062 0.022222 0.012500
0 0.565741 0.297917 0.022222 0.014583
0 0.493519 0.313021 0.022222 0.013542
0 0.535185 0.476562 0.024074 0.012500
0 0.491667 0.302083 0.020370 0.013542
0 0.539815 0.486979 0.024074 0.014583
0 0.995370 0.691667 0.005556 0.018750
0 0.470370 0.298958 0.024074 0.014583
0 0.499074 0.487500 0.024074 0.014583
0 0.499074 0.270313 0.024074 0.015625
0 0.486111 0.495312 0.018519 0.011458
0 0.475000 0.498437 0.025926 0.015625
0 0.438889 0.567187 0.025926 0.014583
0 0.497222 0.471875 0.022222 0.011458
0 0.994444 0.529687 0.009259 0.011458
0 0.475000 0.498958 0.027778 0.016667
0 0.515741 0.290104 0.024074 0.014583
0 0.439815 0.567708 0.025926 0.014583
0 0.524074 0.298438 0.022222 0.013542
0 0.996296 0.444271 0.005556 0.016667
0 0.454630 0.503646 0.025926 0.013542
0 0.556481 0.480208 0.022222 0.013542
0 0.381481 0.558854 0.029630 0.014583
0 0.612963 0.383854 0.022222 0.013542
0 0.376852 0.285417 0.027778 0.016667
0 0.372222 0.300000 0.031481 0.019792
0 0.442593 0.697917 0.029630 0.016667
0 0.331481 0.305729 0.029630 0.018750
0 1.000926 0.684896 0.018519 0.016667
0 0.995370 0.557813 0.005556 0.012500
0 0.303704 0.542708 0.027778 0.017708
0 0.272222 0.704167 0.031481 0.015625
0 0.300000 0.342187 0.033333 0.017708
0 0.992593 0.318229 0.012963 0.012500
0 0.565741 0.297917 0.022222 0.014583
0 0.542593 0.175521 0.011111 0.008333
0 0.400000 0.568229 0.025926 0.015625
0 0.316667 0.300521 0.025926 0.017708
0 0.986111 0.628125 0.027778 0.018750
0 0.108333 0.480729 0.029630 0.012500
0 0.582407 0.296875 0.024074 0.014583
0 0.100000 0.502604 0.031481 0.017708
0 0.976852 0.446875 0.027778 0.012500
0 0.033333 0.694792 0.038889 0.021875
0 0.351852 0.302083 0.025926 0.017708
0 0.049074 0.592708 0.022222 0.010417
0 0.997222 0.268750 0.005556 0.015625
0 0.658333 0.476562 0.027778 0.014583
0 0.610185 0.295833 0.024074 0.015625
0 0.953704 0.661458 0.035185 0.018750
0 0.712037 0.385937 0.031481 0.017708
0 0.658333 0.414583 0.020370 0.011458
