0 0.325926 0.687500 0.029630 0.016667
0 0.986111 0.338021 0.029630 0.017708
0 0.995370 0.596354 0.007407 0.020833
0 0.964815 0.273438 0.037037 0.025000
0 0.583333 0.663542 0.037037 0.019792
0 0.987037 0.592708 0.025926 0.019792
0 0.987963 0.507812 0.044444 0.021875
0 0.590741 0.723958 0.031481 0.018750
0 0.974074 0.703125 0.042593 0.025000
0 0.672222 0.389583 0.044444 0.022917
0 0.995370 0.507812 0.005556 0.019792
0 0.700000 0.676562 0.042593 0.021875
0 0.626852 0.783854 0.031481 0.018750
0 0.992593 0.586979 0.011111 0.019792
0 0.860185 0.735417 0.044444 0.021875
0 0.995370 0.432812 0.005556 0.016667
0 0.975000 0.260417 0.027778 0.015625
0 0.674074 0.670312 0.033333 0.019792
0 0.579630 0.674479 0.035185 0.015625
0 0.914815 0.559375 0.025926 0.019792
0 0.935185 0.583854 0.025926 0.015625
0 0.961111 0.291146 0.024074 0.015625
0 0.993519 0.527083 0.011111 0.019792
0 0.680556 0.781771 0.024074 0.014583
0 0.839815 0.558854 0.040741 0.021875
0 0.344444 0.681250 0.022222 0.012500
0 0.944444 0.714063 0.025926 0.015625
0 0.543519 0.656250 0.025926 0.016667
0 0.990741 0.582812 0.016667 0.018750
0 1.007407 0.650000 0.025926 0.015625
0 0.990741 0.553125 0.033333 0.019792
0 0.580556 0.545833 0.029630 0.016667
0 0.246296 0.308854 0.018519 0.009375
0 0.955556 0.294271 0.022222 0.014583
0 0.765741 0.643750 0.035185 0.015625
0 0.901852 0.540625 0.022222 0.013542
0 0.227778 0.452083 0.027778 0.015625
0 0.987037 0.555208 0.025926 0.025000
0 0.758333 0.670833 0.037037 0.018750
0 0.033333 0.676042 0.038889 0.020833
0 0.623148 0.293750 0.024074 0.011458
0 0.044444 0.701562 0.035185 0.018750
0 0.698148 0.674479 0.033333 0.020833
0 0.331481 0.559375 0.025926 0.013542
0 0.091667 0.652604 0.025926 0.014583
0 0.086111 0.667708 0.037037 0.019792
0 0.978704 0.444792 0.029630 0.019792
0 0.673148 0.669792 0.031481 0.019792
0 0.085185 0.700000 0.031481 0.017708
0 0.107407 0.675000 0.029630 0.017708
0 0.593519 0.559896 0.022222 0.013542
0 0.200926 0.329167 0.037037 0.017708
0 0.263889 0.259896 0.018519 0.019792
0 0.427778 0.658333 0.037037 0.020833
0 -0.075926 0.337500 0.000000 0.000000
0 0.991667 0.595313 0.012963 0.019792
0 0.209259 0.349479 0.029630 0.014583
0 0.940741 0.494792 0.022222 0.012500
0 0.462037 0.703125 0.037037 0.021875
0 0.226852 0.366146 0.027778 0.015625
0 0.237963 0.644792 0.031481 0.017708
0 0.807407 0.586979 0.050000 0.027083
0 0.968519 0.281771 0.031481 0.015625
0 0.596296 0.527604 0.040741 0.021875
0 0.495370 0.690104 0.044444 0.022917
0 0.992593 0.551042 0.012963 0.019792
0 0.891667 0.497396 0.046296 0.025000
0 0.988889 0.395833 0.020370 0.022917
0 0.662963 0.745313 0.031481 0.017708
0 0.937037 0.731771 0.037037 0.019792
0 0.999074 0.382812 0.031481 0.021875
0 0.710185 0.773958 0.025926 0.016667
0 0.850000 0.225000 0.042593 0.023958
0 0.988889 0.554167 0.029630 0.023958
0 0.902778 0.734896 0.033333 0.017708
0 0.615741 0.259375 0.029630 0.018750
0 0.264815 0.479687 0.024074 0.014583
0 0.920370 0.529167 0.035185 0.018750
0 0.975000 0.288542 0.018519 0.014583
0 0.365741 0.267708 0.031481 0.017708
0 0.462963 0.703125 0.037037 0.021875
0 0.397222 0.692708 0.027778 0.014583
0 0.587037 0.696875 0.031481 0.017708
0 0.557407 0.441146 0.038889 0.021875
0 0.299074 0.681771 0.027778 0.015625
0 0.485185 0.790104 0.038889 0.021875
0 0.643519 0.365625 0.042593 0.022917
0 0.394444 0.289062 0.025926 0.013542
