0 0.721296 0.272917 0.022222 0.013542
0 0.075000 0.254688 0.025926 0.015625
0 0.138889 0.688542 0.033333 0.017708
0 0.287963 0.683333 0.029630 0.016667
0 0.006481 0.634375 0.012963 0.016667
0 0.475000 0.573438 0.046296 0.027083
0 0.650000 0.268750 0.031481 0.019792
0 0.283333 0.515104 0.040741 0.022917
0 0.165741 0.676042 0.046296 0.023958
0 0.815741 0.529167 0.035185 0.018750
0 0.513889 0.481771 0.044444 0.025000
0 0.782407 0.378125 0.042593 0.022917
0 0.375000 0.732812 0.031481 0.016667
0 0.614815 0.718229 0.035185 0.020833
0 0.818519 0.382812 0.033333 0.019792
0 0.430556 0.760938 0.029630 0.016667
0 0.503704 0.212500 0.038889 0.022917
0 0.667593 0.541667 0.044444 0.025000
0 0.580556 0.721875 0.033333 0.019792
0 0.392593 0.252604 0.031481 0.018750
0 0.058333 0.471354 0.025926 0.014583
0 0.607407 0.279687 0.022222 0.013542
0 0.654630 0.519792 0.035185 0.017708
0 0.658333 0.690104 0.042593 0.023958
0 0.231481 0.428125 0.038889 0.020833
0 0.691667 0.486458 0.025926 0.013542
0 0.055556 0.670312 0.025926 0.014583
0 0.211111 0.775000 0.044444 0.026042
0 0.264815 0.352083 0.040741 0.022917
0 0.106481 0.284375 0.033333 0.017708
0 0.833333 0.339062 0.025926 0.014583
0 0.779630 0.578646 0.035185 0.018750
0 0.622222 0.259896 0.040741 0.025000
0 0.257407 0.649479 0.037037 0.018750
0 0.822222 0.576562 0.037037 0.018750
0 0.840741 0.512500 0.033333 0.020833
0 0.300000 0.710938 0.031481 0.018750
0 0.300926 0.375521 0.044444 0.021875
0 0.684259 0.502083 0.037037 0.021875
0 0.382407 0.663542 0.037037 0.020833
0 0.341667 0.770833 0.031481 0.018750
0 0.844444 0.563021 0.031481 0.018750
0 0.525000 0.721875 0.042593 0.020833
0 0.757407 0.431250 0.044444 0.023958
0 0.629630 0.246354 0.035185 0.018750
0 0.359259 0.659375 0.033333 0.018750
0 0.261111 0.660417 0.035185 0.013542
0 0.637963 0.550521 0.029630 0.017708
0 0.080556 0.675000 0.029630 0.016667
0 0.641667 0.574479 0.025926 0.016667
0 0.710185 0.280208 0.031481 0.017708
0 0.760185 0.520312 0.038889 0.020833
0 0.402778 0.768229 0.029630 0.016667
0 0.483333 0.544271 0.038889 0.021875
0 0.842593 0.542708 0.031481 0.018750
0 0.222222 0.361458 0.025926 0.012500
0 0.101852 0.644792 0.038889 0.018750
0 0.292593 0.671354 0.027778 0.014583
0 0.657407 0.703125 0.027778 0.014583
0 0.216667 0.640104 0.031481 0.016667
0 0.812963 0.570833 0.029630 0.017708
0 0.706481 0.636979 0.022222 0.014583
0 0.800926 0.560417 0.029630 0.016667
0 0.453704 0.211979 0.024074 0.013542
0 0.250000 0.363021 0.025926 0.010417
0 0.311111 0.541667 0.020370 0.012500
0 0.402778 0.445312 0.033333 0.019792
0 0.081481 0.265104 0.025926 0.013542
0 0.697222 0.286458 0.022222 0.015625
0 0.429630 0.630208 0.033333 0.017708
0 0.629630 0.529167 0.031481 0.019792
0 0.600926 0.550521 0.027778 0.017708
0 0.012037 0.443750 0.024074 0.012500
0 0.798148 0.351562 0.029630 0.014583
0 0.780556 0.536979 0.037037 0.019792
