0 0.025000 0.680208 0.031481 0.016667
0 0.517593 0.556250 0.024074 0.013542
0 0.667593 0.664062 0.031481 0.018750
0 0.322222 0.691667 0.027778 0.014583
0 0.100926 0.329688 0.035185 0.017708
0 0.129630 0.257812 0.018519 0.018750
0 0.328704 0.658333 0.035185 0.019792
0 -0.075926 0.337500 0.000000 0.000000
0 0.991667 0.572396 0.012963 0.019792
0 0.113889 0.350521 0.029630 0.015625
0 0.626852 0.767188 0.024074 0.015625
0 0.722222 0.216146 0.042593 0.025000
0 0.888889 0.544271 0.044444 0.023958
0 0.805556 0.725521 0.033333 0.020833
0 0.518519 0.254167 0.029630 0.019792
0 0.183333 0.480729 0.025926 0.014583
0 0.824074 0.519271 0.031481 0.018750
0 0.860185 0.272917 0.020370 0.014583
0 0.234259 0.264062 0.029630 0.016667
0 0.365741 0.702083 0.033333 0.021875
0 0.496296 0.693229 0.029630 0.017708
0 0.447222 0.436979 0.037037 0.020833
0 0.916667 0.489583 0.020370 0.010417
0 0.220370 0.683333 0.025926 0.015625
0 0.406481 0.788021 0.042593 0.021875
0 0.517593 0.360938 0.042593 0.025000
0 0.289815 0.285417 0.027778 0.014583
0 0.977778 0.340104 0.029630 0.017708
0 0.846296 0.485417 0.022222 0.013542
0 0.363889 0.702604 0.037037 0.023958
0 0.131481 0.366667 0.029630 0.015625
0 0.158333 0.646875 0.031481 0.018750
0 0.700926 0.579688 0.050000 0.028125
0 0.842593 0.271875 0.031481 0.015625
0 0.493519 0.523438 0.038889 0.021875
0 0.399074 0.689063 0.038889 0.025000
0 0.988889 0.539062 0.020370 0.020833
0 0.770370 0.488542 0.044444 0.025000
0 0.988889 0.378125 0.018519 0.021875
0 0.575926 0.739583 0.031481 0.016667
0 0.837963 0.721875 0.035185 0.020833
0 1.001852 0.388542 0.029630 0.020833
0 0.007407 0.656771 0.014815 0.015625
0 0.008333 0.672396 0.016667 0.019792
0 0.867593 0.434375 0.029630 0.020833
0 0.582407 0.665104 0.042593 0.018750
0 0.009259 0.704688 0.018519 0.017708
0 0.247222 0.559375 0.022222 0.014583
0 0.917593 0.504167 0.037037 0.020833
0 0.830556 0.575000 0.024074 0.015625
0 0.965741 0.578125 0.037037 0.019792
0 0.839815 0.263021 0.040741 0.026042
0 0.485185 0.659896 0.037037 0.019792
0 0.987037 0.576042 0.024074 0.019792
0 0.995370 0.510938 0.005556 0.019792
0 0.503704 0.720313 0.033333 0.019792
0 0.875000 0.692708 0.042593 0.025000
0 0.547222 0.384375 0.040741 0.021875
0 0.606481 0.672917 0.037037 0.018750
0 0.543519 0.779167 0.031481 0.018750
0 0.992593 0.570312 0.012963 0.021875
0 0.760185 0.726562 0.044444 0.020833
0 0.987963 0.433854 0.022222 0.023958
0 0.844444 0.250000 0.027778 0.016667
0 0.580556 0.664583 0.038889 0.019792
0 0.483333 0.671875 0.035185 0.015625
0 0.811111 0.552083 0.027778 0.018750
0 0.247222 0.688021 0.029630 0.015625
0 0.987963 0.359375 0.027778 0.013542
0 0.987963 0.538021 0.022222 0.023958
0 0.140741 0.452604 0.027778 0.015625
0 0.796296 0.552083 0.025926 0.016667
0 0.800000 0.530208 0.027778 0.015625
0 0.662963 0.638021 0.031481 0.016667
0 0.830556 0.284375 0.024074 0.015625
0 0.170370 0.306250 0.018519 0.009375
0 0.609259 0.452083 0.038889 0.023958
0 0.484259 0.542188 0.029630 0.015625
0 0.980556 0.558854 0.031481 0.017708
0 0.909259 0.639583 0.025926 0.014583
0 0.989815 0.569792 0.018519 0.021875
0 0.444444 0.653125 0.027778 0.016667
0 0.840741 0.704167 0.024074 0.013542
0 0.265741 0.683333 0.022222 0.013542
0 0.726852 0.551042 0.040741 0.022917
0 0.598148 0.775521 0.025926 0.015625
0 0.976852 0.520833 0.038889 0.020833
0 0.849074 0.280729 0.033333 0.018750
