0 0.081481 0.704688 0.024074 0.012500
0 0.025000 0.348958 0.033333 0.016667
0 0.900000 0.313021 0.027778 0.015625
0 0.389815 0.308333 0.020370 0.012500
0 0.357407 0.300000 0.025926 0.015625
0 0.242593 0.572917 0.027778 0.014583
0 0.371296 0.307812 0.022222 0.012500
0 0.996296 0.401042 0.003704 0.014583
0 0.242593 0.564583 0.024074 0.010417
0 0.254630 0.509375 0.020370 0.013542
0 0.397222 0.487500 0.020370 0.012500
0 0.182407 0.561458 0.020370 0.011458
0 0.442593 0.391667 0.022222 0.012500
0 0.143519 0.297396 0.033333 0.017708
0 0.162037 0.703646 0.031481 0.017708
0 0.128704 0.311458 0.040741 0.019792
0 0.095370 0.316667 0.033333 0.018750
0 0.791667 0.694792 0.027778 0.016667
0 0.917593 0.537500 0.020370 0.012500
0 0.073148 0.547917 0.031481 0.017708
0 0.858333 0.293750 0.027778 0.015625
0 0.993519 0.787500 0.012963 0.019792
0 0.993519 0.614583 0.012963 0.022917
0 0.993519 0.433333 0.012963 0.023958
0 0.994444 0.708854 0.007407 0.015625
0 0.993519 0.628646 0.009259 0.018750
0 0.994444 0.347396 0.009259 0.022917
0 0.993519 0.785417 0.012963 0.016667
0 0.943519 0.701042 0.031481 0.017708
0 0.994444 0.523438 0.009259 0.022917
0 0.991667 0.709896 0.014815 0.020833
0 0.990741 0.728125 0.018519 0.023958
0 0.826852 0.500000 0.025926 0.013542
0 0.993519 0.272396 0.012963 0.017708
0 0.989815 0.233333 0.018519 0.010417
0 0.991667 0.763021 0.014815 0.008333
0 0.990741 0.764062 0.018519 0.017708
0 0.990741 0.757812 0.016667 0.027083
0 0.994444 0.557813 0.011111 0.017708
0 0.871296 0.664583 0.033333 0.017708
0 0.845370 0.386979 0.029630 0.015625
0 0.994444 0.718750 0.011111 0.021875
0 0.820370 0.371354 0.027778 0.015625
0 0.990741 0.681250 0.018519 0.022917
0 0.994444 0.640625 0.009259 0.019792
0 0.825926 0.351562 0.029630 0.017708
0 0.992593 0.721875 0.012963 0.018750
0 0.775926 0.718750 0.027778 0.018750
0 0.997222 0.732812 0.016667 0.026042
0 0.823148 0.686458 0.033333 0.017708
0 0.956481 0.575521 0.020370 0.012500
0 0.991667 0.683333 0.014815 0.029167
0 0.739815 0.719271 0.031481 0.018750
0 0.996296 0.319792 0.020370 0.010417
0 0.769444 0.694271 0.035185 0.020833
0 0.489815 0.389583 0.016667 0.009375
0 0.883333 0.524479 0.024074 0.013542
0 0.452778 0.427604 0.011111 0.007292
0 0.473148 0.413021 0.020370 0.010417
0 0.481481 0.396354 0.029630 0.018750
0 0.700000 0.671354 0.035185 0.020833
0 0.428704 0.304688 0.022222 0.014583
0 0.443519 0.484896 0.025926 0.015625
0 0.888889 0.282813 0.027778 0.016667
0 0.397222 0.305729 0.025926 0.013542
0 0.383333 0.471875 0.024074 0.012500
0 0.993519 0.771875 0.011111 0.029167
0 0.345370 0.321354 0.022222 0.013542
0 0.360185 0.483333 0.024074 0.012500
0 0.337963 0.311458 0.022222 0.013542
0 0.356481 0.494271 0.024074 0.014583
0 0.996296 0.665104 0.005556 0.017708
0 0.316667 0.307292 0.024074 0.014583
0 0.316667 0.493750 0.025926 0.015625
0 0.287963 0.502083 0.018519 0.012500
0 0.995370 0.668750 0.007407 0.021875
0 0.995370 0.536979 0.025926 0.011458
0 0.271296 0.506250 0.029630 0.016667
0 0.899074 0.527604 0.022222 0.010417
0 0.311111 0.480208 0.022222 0.011458
0 0.314815 0.280729 0.024074 0.016667
0 0.240741 0.572917 0.025926 0.015625
0 0.993519 0.685417 0.011111 0.015625
0 0.271296 0.507812 0.027778 0.018750
0 0.805556 0.472396 0.027778 0.016667
0 1.000000 0.673438 0.033333 0.014583
0 0.992593 0.537500 0.014815 0.030208
0 0.977778 0.707292 0.033333 0.018750
0 0.995370 0.644792 0.007407 0.013542
