0 0.996296 0.461979 0.007407 0.012500
0 0.991667 0.706771 0.014815 0.019792
0 0.992593 0.578125 0.016667 0.028125
0 0.999074 0.435937 0.000000 0.000000
0 0.993519 0.763021 0.011111 0.016667
0 0.994444 0.715104 0.009259 0.014583
0 0.996296 0.719271 0.005556 0.014583
0 0.996296 0.491146 0.007407 0.020833
0 0.993519 0.578125 0.011111 0.028125
0 0.992593 0.677604 0.012963 0.016667
0 0.995370 0.392188 0.007407 0.013542
0 0.297222 0.341667 0.033333 0.018750
0 0.992593 0.707292 0.011111 0.020833
0 0.994444 0.351562 0.009259 0.015625
0 0.992593 0.327083 0.012963 0.013542
0 0.993519 0.670833 0.011111 0.015625
0 0.933333 0.371354 0.009259 0.012500
0 0.098148 0.502083 0.033333 0.017708
0 0.975000 0.446354 0.027778 0.013542
0 0.031481 0.693750 0.040741 0.021875
0 0.350000 0.302083 0.027778 0.017708
0 0.046296 0.591667 0.022222 0.010417
0 0.951852 0.661458 0.035185 0.019792
0 0.710185 0.385937 0.031481 0.017708
0 0.656481 0.414062 0.020370 0.010417
0 0.997222 0.504167 0.003704 0.017708
0 0.984259 0.679688 0.016667 0.016667
0 0.992593 0.707292 0.014815 0.018750
0 0.609259 0.295833 0.024074 0.015625
0 0.996296 0.517708 0.020370 0.011458
0 0.978704 0.653646 0.020370 0.012500
0 0.996296 0.735938 0.007407 0.017708
0 0.656481 0.476562 0.025926 0.015625
0 0.997222 0.269271 0.005556 0.016667
0 0.564815 0.297917 0.022222 0.014583
0 0.561111 0.464062 0.022222 0.012500
0 0.492593 0.312500 0.022222 0.013542
0 0.534259 0.476042 0.024074 0.012500
0 0.489815 0.302083 0.020370 0.013542
0 0.537963 0.486458 0.024074 0.014583
0 0.996296 0.692187 0.005556 0.018750
0 0.469444 0.298438 0.024074 0.014583
0 0.498148 0.486979 0.024074 0.014583
0 0.497222 0.269792 0.024074 0.015625
0 0.484259 0.494792 0.018519 0.011458
0 0.472222 0.498437 0.025926 0.015625
0 0.437963 0.567187 0.025926 0.014583
0 0.495370 0.471875 0.020370 0.012500
0 0.994444 0.529687 0.009259 0.011458
0 0.473148 0.498437 0.027778 0.016667
0 0.513889 0.289583 0.024074 0.014583
0 0.437963 0.567187 0.025926 0.013542
0 0.522222 0.298438 0.022222 0.013542
0 0.996296 0.444271 0.005556 0.016667
0 0.452778 0.503125 0.025926 0.013542
0 0.555556 0.479687 0.022222 0.012500
0 0.379630 0.558854 0.027778 0.014583
0 0.611111 0.383333 0.022222 0.012500
0 0.375000 0.284896 0.029630 0.016667
0 0.439815 0.697917 0.029630 0.016667
0 0.370370 0.299479 0.033333 0.018750
0 0.329630 0.305208 0.029630 0.017708
0 1.000926 0.685417 0.018519 0.016667
0 0.996296 0.557813 0.007407 0.012500
0 0.302778 0.542188 0.027778 0.017708
0 0.270370 0.703646 0.029630 0.015625
0 0.991667 0.318229 0.012963 0.012500
0 0.564815 0.297396 0.022222 0.014583
0 0.540741 0.176042 0.011111 0.008333
0 0.398148 0.568229 0.025926 0.015625
0 0.313889 0.300521 0.025926 0.017708
0 0.983333 0.628125 0.031481 0.017708
0 0.105556 0.479687 0.031481 0.013542
0 0.580556 0.296875 0.022222 0.014583
