0 0.008333 0.447917 0.009259 0.013542
0 0.009259 0.279167 0.018519 0.015625
0 0.471296 0.268229 0.025926 0.012500
0 0.020370 0.460938 0.033333 0.014583
0 0.040741 0.278125 0.025926 0.015625
0 0.229630 0.650521 0.027778 0.015625
0 0.042593 0.371354 0.033333 0.018750
0 0.114815 0.388021 0.020370 0.009375
0 0.060185 0.401562 0.024074 0.013542
0 0.500000 0.505208 0.024074 0.012500
0 0.071296 0.366146 0.024074 0.012500
0 0.262037 0.669271 0.035185 0.020833
0 0.752778 0.300000 0.022222 0.012500
0 0.259259 0.694792 0.033333 0.018750
0 0.923148 0.666667 0.038889 0.025000
0 0.505556 0.557813 0.024074 0.014583
0 0.313889 0.646875 0.024074 0.012500
0 0.312963 0.661458 0.037037 0.018750
0 1.007407 0.473438 0.029630 0.018750
0 0.887963 0.662500 0.035185 0.020833
0 0.862963 0.736458 0.029630 0.016667
0 0.694444 0.693750 0.038889 0.021875
0 0.409259 0.369792 0.025926 0.016667
0 0.422222 0.640625 0.029630 0.016667
0 0.994444 0.585417 0.007407 0.023958
0 0.814815 0.524479 0.040741 0.021875
0 0.727778 0.682292 0.046296 0.023958
0 0.993519 0.541146 0.011111 0.017708
0 0.992593 0.497917 0.011111 0.021875
0 0.987963 0.414062 0.022222 0.023958
0 0.993519 0.714583 0.009259 0.015625
0 0.905556 0.764583 0.025926 0.015625
0 0.994444 0.225000 0.009259 0.019792
0 0.995370 0.509896 0.007407 0.021875
0 0.991667 0.720833 0.016667 0.015625
0 0.780556 0.264062 0.031481 0.020833
0 0.425926 0.480729 0.024074 0.013542
0 0.997222 0.526042 0.024074 0.018750
0 0.624074 0.274479 0.035185 0.020833
0 0.693519 0.693229 0.037037 0.021875
0 0.798148 0.688542 0.029630 0.016667
0 0.782407 0.440104 0.037037 0.020833
0 0.485185 0.676042 0.025926 0.016667
0 0.662037 0.768750 0.027778 0.019792
0 0.894444 0.366667 0.042593 0.021875
0 0.986111 0.345833 0.029630 0.016667
0 0.995370 0.600521 0.007407 0.022917
0 0.993519 0.270313 0.011111 0.018750
0 0.810185 0.655729 0.037037 0.019792
0 0.986111 0.606771 0.027778 0.021875
0 1.006481 0.498437 0.079630 0.038542
0 0.796296 0.715104 0.031481 0.018750
0 0.993519 0.636979 0.012963 0.023958
0 0.919444 0.389062 0.044444 0.021875
0 0.996296 0.449479 0.005556 0.016667
0 0.924074 0.665625 0.038889 0.021875
0 0.828704 0.773438 0.031481 0.018750
0 0.993519 0.599479 0.012963 0.021875
0 0.993519 0.729167 0.012963 0.023958
0 0.996296 0.402083 0.005556 0.014583
0 0.887037 0.661979 0.038889 0.021875
0 0.803704 0.666667 0.031481 0.016667
0 1.007407 0.508854 0.035185 0.026042
0 0.513889 0.681250 0.029630 0.015625
0 1.011111 0.565104 0.038889 0.023958
0 1.006481 0.297917 0.031481 0.019792
0 0.993519 0.512500 0.011111 0.018750
0 0.878704 0.771875 0.020370 0.012500
0 0.994444 0.535937 0.009259 0.021875
0 0.531481 0.675521 0.020370 0.013542
0 0.993519 0.700521 0.031481 0.015625
0 0.776852 0.647396 0.024074 0.016667
0 0.991667 0.577604 0.014815 0.016667
0 0.992593 0.540625 0.031481 0.017708
0 1.002778 0.302604 0.024074 0.016667
0 0.997222 0.636458 0.029630 0.013542
0 0.394444 0.452604 0.025926 0.016667
0 0.990741 0.536979 0.016667 0.026042
0 0.296296 0.693229 0.029630 0.017708
0 0.315741 0.670312 0.025926 0.014583
0 0.785185 0.554688 0.018519 0.011458
0 0.951852 0.664583 0.025926 0.014583
0 0.573148 0.686979 0.025926 0.013542
0 0.386111 0.333854 0.031481 0.017708
0 0.455556 0.276562 0.025926 0.014583
0 0.662037 0.650521 0.042593 0.020833
0 0.991667 0.597917 0.012963 0.020833
0 0.389815 0.354167 0.025926 0.015625
0 0.989815 0.491667 0.020370 0.011458
