0 0.665741 0.416667 0.020370 0.010417
0 0.059259 0.595313 0.022222 0.010417
0 0.360185 0.305208 0.027778 0.017708
0 0.042593 0.697396 0.040741 0.021875
0 0.983333 0.447396 0.027778 0.012500
0 0.110185 0.505208 0.031481 0.017708
0 0.588889 0.298438 0.022222 0.014583
0 0.116667 0.482812 0.029630 0.014583
0 0.994444 0.630208 0.022222 0.016667
0 0.325926 0.303125 0.025926 0.017708
0 0.406481 0.570312 0.025926 0.015625
0 0.550000 0.178125 0.011111 0.007292
0 0.573148 0.300000 0.022222 0.015625
0 0.991667 0.319271 0.012963 0.012500
0 0.313889 0.344792 0.031481 0.017708
0 0.280556 0.706250 0.029630 0.016667
0 0.313889 0.544792 0.027778 0.017708
0 0.996296 0.558333 0.007407 0.012500
0 1.000926 0.684375 0.018519 0.016667
0 0.340741 0.308333 0.029630 0.018750
0 0.381481 0.302604 0.031481 0.020833
0 0.452778 0.700521 0.029630 0.016667
0 0.387037 0.288021 0.027778 0.016667
0 0.620370 0.385417 0.022222 0.012500
0 0.388889 0.559896 0.031481 0.015625
0 0.562963 0.482292 0.022222 0.013542
0 0.462037 0.505729 0.024074 0.013542
0 0.996296 0.445833 0.005556 0.016667
0 0.530556 0.300521 0.022222 0.013542
0 0.447222 0.569792 0.025926 0.014583
0 0.522222 0.293229 0.022222 0.014583
0 0.483333 0.501042 0.027778 0.016667
0 0.994444 0.529687 0.009259 0.010417
0 0.504630 0.474479 0.022222 0.012500
0 0.448148 0.569271 0.025926 0.014583
0 0.482407 0.500521 0.025926 0.015625
0 0.493519 0.497396 0.018519 0.011458
0 0.505556 0.272917 0.024074 0.016667
0 0.506481 0.489063 0.024074 0.014583
0 0.476852 0.300521 0.025926 0.014583
0 0.995370 0.692708 0.005556 0.018750
0 0.546296 0.489063 0.024074 0.013542
0 0.498148 0.304688 0.020370 0.013542
0 0.543519 0.478646 0.024074 0.012500
0 0.500926 0.315104 0.022222 0.013542
0 0.570370 0.466146 0.024074 0.011458
0 0.572222 0.299479 0.022222 0.014583
0 0.997222 0.268229 0.005556 0.016667
0 0.666667 0.479167 0.027778 0.015625
0 0.617593 0.298438 0.024074 0.015625
0 0.962963 0.663542 0.033333 0.019792
0 0.719444 0.388021 0.031481 0.017708
0 0.997222 0.506771 0.003704 0.017708
0 0.991667 0.680729 0.016667 0.016667
0 0.997222 0.706771 0.003704 0.017708
0 0.996296 0.516146 0.020370 0.011458
0 0.987037 0.655208 0.020370 0.012500
0 0.995370 0.740104 0.005556 0.017708
0 0.991667 0.705729 0.011111 0.020833
0 0.994444 0.348958 0.009259 0.014583
0 0.992593 0.327604 0.011111 0.013542
0 0.993519 0.671354 0.011111 0.014583
0 0.933333 0.372917 0.009259 0.012500
0 0.995370 0.393229 0.007407 0.013542
0 0.992593 0.677604 0.012963 0.016667
0 0.993519 0.579167 0.011111 0.028125
0 0.995370 0.491146 0.007407 0.020833
0 0.996296 0.718229 0.005556 0.014583
0 0.994444 0.711458 0.009259 0.014583
0 0.999074 0.435937 0.000000 0.000000
0 0.992593 0.579167 0.016667 0.028125
0 0.991667 0.704167 0.014815 0.018750
0 0.996296 0.462500 0.005556 0.011458
