0 0.966667 0.159896 0.012963 0.007292
0 0.982407 0.282813 0.016667 0.014583
0 0.832407 0.686979 0.018519 0.009375
0 0.916667 0.283333 0.027778 0.012500
0 0.906481 0.282813 0.022222 0.012500
0 0.996296 0.687500 0.007407 0.015625
0 0.901852 0.267188 0.024074 0.012500
0 0.882407 0.579688 0.012963 0.006250
0 0.909259 0.491667 0.024074 0.014583
0 0.913889 0.284375 0.018519 0.011458
0 0.891667 0.552083 0.025926 0.013542
0 0.922222 0.280208 0.022222 0.014583
0 0.937037 0.482292 0.029630 0.016667
0 0.945370 0.455729 0.014815 0.008333
0 0.892593 0.552604 0.025926 0.013542
0 0.937037 0.482812 0.027778 0.016667
0 0.934259 0.254688 0.025926 0.012500
0 0.944444 0.474479 0.016667 0.011458
0 0.906481 0.282813 0.025926 0.012500
0 0.965741 0.471875 0.025926 0.014583
0 0.932407 0.290104 0.022222 0.012500
0 0.957407 0.459896 0.025926 0.014583
0 0.916667 0.297396 0.024074 0.014583
0 0.987963 0.447917 0.020370 0.014583
0 0.986111 0.282292 0.025926 0.015625
0 0.995370 0.434375 0.007407 0.014583
0 0.985185 0.281771 0.025926 0.014583
0 0.996296 0.396354 0.005556 0.016667
0 0.732407 0.688021 0.031481 0.017708
0 0.301852 0.322917 0.027778 0.015625
0 0.691667 0.650000 0.025926 0.014583
0 0.169444 0.233333 0.029630 0.018750
0 0.303704 0.544792 0.025926 0.014583
0 0.742593 0.322917 0.031481 0.019792
0 0.120370 0.444271 0.025926 0.010417
0 0.340741 0.139583 0.022222 0.014583
0 0.900926 0.485417 0.024074 0.013542
0 0.099074 0.410938 0.038889 0.019792
0 0.113889 0.538542 0.027778 0.014583
0 0.137963 0.534375 0.031481 0.017708
0 0.467593 0.506771 0.018519 0.011458
0 0.159259 0.529687 0.029630 0.017708
0 0.561111 0.469271 0.024074 0.015625
0 0.468519 0.268750 0.027778 0.018750
0 0.157407 0.237500 0.027778 0.017708
0 0.162963 0.234896 0.035185 0.018750
0 0.194444 0.529687 0.035185 0.019792
0 1.003704 0.693229 0.025926 0.012500
0 0.225000 0.202604 0.037037 0.022917
0 0.986111 0.414583 0.020370 0.014583
0 0.198148 0.253646 0.031481 0.018750
0 0.335185 0.121354 0.024074 0.013542
0 0.276852 0.421875 0.035185 0.020833
0 0.278704 0.436979 0.033333 0.017708
0 0.228704 0.529167 0.031481 0.017708
0 0.332407 0.695312 0.027778 0.018750
0 0.282407 0.307812 0.029630 0.016667
0 0.255556 0.309375 0.027778 0.018750
0 0.459259 0.215104 0.031481 0.017708
0 0.457407 0.257812 0.031481 0.017708
0 0.300000 0.434896 0.025926 0.018750
0 0.242593 0.505729 0.014815 0.008333
0 0.302778 0.700521 0.031481 0.018750
0 0.329630 0.134896 0.024074 0.015625
0 0.665741 0.352083 0.037037 0.022917
0 0.320370 0.598958 0.031481 0.018750
0 0.354630 0.706250 0.033333 0.020833
0 0.330556 0.134375 0.025926 0.015625
0 0.240741 0.517188 0.022222 0.013542
0 0.269444 0.479167 0.027778 0.016667
0 0.404630 0.409896 0.048148 0.029167
0 0.360185 0.676562 0.031481 0.021875
0 0.262963 0.513542 0.024074 0.014583
0 0.415741 0.438542 0.048148 0.027083
0 0.446296 0.421875 0.048148 0.027083
0 0.479630 0.439583 0.048148 0.026042
0 0.493519 0.659896 0.033333 0.020833
0 0.515741 0.695833 0.033333 0.021875
0 0.451852 0.708854 0.024074 0.015625
0 0.450926 0.271875 0.025926 0.013542
0 0.462963 0.717187 0.033333 0.019792
0 0.660185 0.573438 0.018519 0.010417
0 0.922222 0.282292 0.022222 0.014583
0 0.575926 0.676042 0.024074 0.011458
0 0.629630 0.486458 0.031481 0.017708
0 0.996296 0.282292 0.007407 0.016667
0 0.617593 0.463542 0.025926 0.016667
0 0.917593 0.278125 0.042593 0.027083
0 0.865741 0.559896 0.018519 0.012500
