0 0.244444 0.682813 0.029630 0.014583
0 0.994444 0.668229 0.007407 0.014583
0 0.995370 0.383854 0.005556 0.012500
0 1.004630 0.397917 0.012963 0.019792
0 0.995370 0.652604 0.009259 0.011458
0 0.992593 0.344271 0.011111 0.013542
0 0.995370 0.341146 0.009259 0.014583
0 0.992593 0.660417 0.009259 0.017708
0 0.996296 0.730729 0.007407 0.016667
0 0.990741 0.663542 0.018519 0.010417
0 0.997222 0.677083 0.003704 0.016667
0 0.991667 0.663542 0.014815 0.016667
0 0.997222 0.501042 0.003704 0.016667
0 0.944444 0.385417 0.035185 0.018750
0 0.989815 0.668229 0.020370 0.023958
0 0.818519 0.294792 0.024074 0.015625
0 0.877778 0.476562 0.029630 0.014583
0 0.997222 0.267188 0.005556 0.016667
0 0.769444 0.296875 0.024074 0.015625
0 0.761111 0.463542 0.022222 0.012500
0 0.683333 0.310937 0.024074 0.013542
0 0.724074 0.475521 0.022222 0.013542
0 0.684259 0.300000 0.020370 0.012500
0 0.736111 0.485417 0.024074 0.013542
0 0.996296 0.675000 0.007407 0.018750
0 0.664815 0.295312 0.022222 0.013542
0 0.695370 0.485417 0.022222 0.013542
0 0.710185 0.267188 0.024074 0.014583
0 0.684259 0.496875 0.027778 0.016667
0 0.642593 0.564583 0.024074 0.014583
0 0.699074 0.471354 0.022222 0.011458
0 0.993519 0.523958 0.009259 0.011458
0 0.684259 0.496354 0.027778 0.016667
0 0.710185 0.288021 0.024074 0.014583
0 0.642593 0.564063 0.024074 0.014583
0 0.716667 0.296354 0.022222 0.014583
0 0.653704 0.500521 0.029630 0.014583
0 0.751852 0.478646 0.024074 0.013542
0 0.557407 0.559375 0.020370 0.011458
0 0.816667 0.380729 0.016667 0.011458
0 0.618519 0.280729 0.025926 0.015625
0 0.691667 0.695312 0.024074 0.017708
0 0.617593 0.295833 0.031481 0.019792
0 0.573148 0.300521 0.029630 0.017708
0 1.000926 0.644271 0.016667 0.015625
0 0.996296 0.566667 0.007407 0.013542
0 0.553704 0.535417 0.025926 0.016667
0 0.473148 0.697396 0.022222 0.015625
0 0.629630 0.339583 0.031481 0.017708
0 0.995370 0.309896 0.009259 0.009375
0 0.770370 0.296354 0.022222 0.014583
0 0.755556 0.172917 0.011111 0.007292
0 0.577778 0.565625 0.024074 0.013542
0 0.554630 0.295833 0.027778 0.017708
0 0.996296 0.632292 0.024074 0.017708
0 0.337963 0.471354 0.031481 0.015625
0 0.791667 0.294792 0.024074 0.014583
0 0.337963 0.494792 0.029630 0.016667
0 0.999074 0.453646 0.016667 0.011458
0 0.592593 0.297396 0.024074 0.017708
0 0.313889 0.582292 0.020370 0.010417
0 0.194444 0.720833 0.033333 0.020833
0 0.188889 0.278125 0.029630 0.017708
0 0.997222 0.477083 0.003704 0.009375
0 0.996296 0.454167 0.007407 0.020833
0 0.992593 0.696875 0.012963 0.015625
0 0.013889 0.698958 0.027778 0.020833
0 0.525000 0.331771 0.025926 0.015625
0 0.160185 0.712500 0.033333 0.016667
0 0.192593 0.626042 0.033333 0.016667
0 0.174074 0.701562 0.035185 0.022917
0 0.125000 0.545312 0.027778 0.012500
0 0.150000 0.666146 0.035185 0.020833
0 0.132407 0.446354 0.048148 0.025000
0 0.146296 0.686458 0.029630 0.017708
0 0.117593 0.575000 0.012963 0.017708
0 0.090741 0.428646 0.050000 0.028125
0 0.068519 0.445312 0.053704 0.025000
0 0.055556 0.513542 0.025926 0.014583
0 0.046296 0.678646 0.040741 0.021875
0 0.050926 0.415104 0.055556 0.029167
0 0.030556 0.479687 0.033333 0.018750
0 0.031481 0.515104 0.024074 0.013542
0 0.034259 0.145833 0.024074 0.014583
0 0.032407 0.707812 0.037037 0.021875
0 0.016667 0.600521 0.033333 0.017708
0 0.381481 0.360938 0.033333 0.023958
0 0.012963 0.141146 0.024074 0.014583
0 0.005556 0.509896 0.011111 0.014583
