0 0.729630 0.773438 0.031481 0.018750
0 0.993519 0.596875 0.012963 0.020833
0 0.971296 0.722396 0.042593 0.021875
0 0.996296 0.417187 0.005556 0.015625
0 1.003704 0.266146 0.029630 0.016667
0 0.777778 0.659896 0.037037 0.020833
0 0.691667 0.665104 0.037037 0.016667
0 1.005556 0.538021 0.025926 0.019792
0 0.418519 0.681771 0.029630 0.015625
0 1.006481 0.570833 0.029630 0.018750
0 0.987037 0.278125 0.025926 0.015625
0 0.993519 0.524479 0.011111 0.019792
0 0.781481 0.770833 0.024074 0.014583
0 0.952778 0.548438 0.040741 0.022917
0 0.436111 0.675521 0.020370 0.012500
0 0.994444 0.693229 0.035185 0.020833
0 0.659259 0.646875 0.022222 0.015625
0 0.991667 0.575000 0.016667 0.019792
0 0.993519 0.536458 0.033333 0.018750
0 0.679630 0.538542 0.027778 0.015625
0 0.326852 0.308333 0.018519 0.009375
0 1.002778 0.293750 0.022222 0.014583
0 0.878704 0.633333 0.035185 0.015625
0 0.301852 0.450000 0.027778 0.016667
0 0.990741 0.536979 0.016667 0.026042
0 0.987963 0.272396 0.031481 0.015625
0 0.420370 0.502083 0.022222 0.012500
0 0.025000 0.386979 0.016667 0.013542
0 0.144444 0.673438 0.037037 0.019792
0 0.675926 0.286979 0.022222 0.014583
0 0.149074 0.697917 0.035185 0.018750
0 0.810185 0.665104 0.040741 0.023958
0 0.412037 0.555729 0.022222 0.012500
0 0.198148 0.649479 0.022222 0.013542
0 0.195370 0.664062 0.037037 0.020833
0 0.995370 0.450000 0.025926 0.017708
0 0.778704 0.660417 0.035185 0.020833
0 0.187963 0.696875 0.029630 0.018750
0 0.208333 0.672396 0.029630 0.016667
0 0.675000 0.549479 0.022222 0.012500
0 0.850000 0.662500 0.025926 0.015625
0 0.483333 0.686979 0.025926 0.014583
0 0.280556 0.328646 0.035185 0.016667
0 0.387037 0.259896 0.018519 0.020833
0 0.544444 0.650521 0.042593 0.023958
0 0.000000 0.000000 0.000000 0.000000
0 0.991667 0.588542 0.012963 0.019792
0 0.289815 0.352083 0.033333 0.018750
0 0.993519 0.483333 0.022222 0.011458
0 0.578704 0.694271 0.042593 0.022917
0 0.306481 0.365104 0.029630 0.015625
0 0.326852 0.641667 0.029630 0.017708
0 0.913889 0.576042 0.050000 0.027083
0 1.000926 0.370312 0.033333 0.023958
0 0.700926 0.519792 0.040741 0.021875
0 0.611111 0.680729 0.046296 0.023958
0 0.992593 0.551042 0.012963 0.018750
0 0.992593 0.486458 0.014815 0.022917
0 0.988889 0.389583 0.020370 0.022917
0 0.762963 0.734896 0.029630 0.017708
0 0.993519 0.712500 0.012963 0.018750
0 0.810185 0.664583 0.040741 0.023958
0 0.996296 0.483854 0.005556 0.018750
0 0.786111 0.381771 0.042593 0.022917
0 0.993519 0.679167 0.011111 0.020833
0 0.693519 0.714063 0.031481 0.018750
0 1.004630 0.501042 0.059259 0.028125
0 0.985185 0.591667 0.025926 0.020833
0 0.695370 0.654167 0.037037 0.019792
0 0.992593 0.265625 0.012963 0.022917
0 0.995370 0.591667 0.007407 0.022917
0 0.986111 0.335938 0.029630 0.017708
0 0.759259 0.358854 0.042593 0.021875
0 0.587963 0.781250 0.037037 0.021875
0 0.390741 0.677083 0.027778 0.016667
0 0.662037 0.434896 0.037037 0.020833
0 0.691667 0.688021 0.031481 0.018750
0 0.578704 0.694271 0.038889 0.021875
0 0.481481 0.265625 0.031481 0.018750
0 0.997222 0.512500 0.024074 0.018750
0 0.337037 0.477604 0.025926 0.013542
0 0.676852 0.255729 0.029630 0.018750
0 1.002778 0.723437 0.016667 0.016667
0 0.995370 0.529687 0.007407 0.021875
0 0.946296 0.218750 0.040741 0.025000
0 0.811111 0.763021 0.029630 0.015625
