0 0.221296 0.554167 0.029630 0.017708
0 0.996296 0.546875 0.005556 0.012500
0 0.961111 0.707812 0.027778 0.016667
0 0.257407 0.326042 0.029630 0.017708
0 0.326852 0.710417 0.029630 0.017708
0 0.303704 0.307292 0.031481 0.016667
0 0.563889 0.402083 0.024074 0.012500
0 0.330556 0.573438 0.024074 0.013542
0 0.514815 0.496354 0.018519 0.011458
0 0.385185 0.517188 0.020370 0.012500
0 0.290741 0.321354 0.040741 0.019792
0 0.025926 0.514062 0.027778 0.015625
0 0.527778 0.316667 0.025926 0.015625
0 0.029630 0.473958 0.024074 0.009375
0 0.889815 0.653125 0.027778 0.015625
0 0.243519 0.320833 0.018519 0.014583
0 0.353704 0.581250 0.020370 0.012500
0 0.481481 0.198437 0.011111 0.006250
0 0.514815 0.317708 0.020370 0.013542
0 0.990741 0.323958 0.018519 0.016667
0 0.180556 0.357292 0.025926 0.015625
0 0.257407 0.710417 0.024074 0.013542
0 0.938889 0.485417 0.027778 0.016667
0 0.995370 0.590625 0.025926 0.012500
0 0.374074 0.571875 0.025926 0.011458
0 0.996296 0.420312 0.003704 0.014583
0 0.487037 0.317708 0.024074 0.012500
0 0.370370 0.579688 0.029630 0.013542
0 0.475926 0.309375 0.024074 0.014583
0 0.995370 0.700000 0.007407 0.022917
0 0.997222 0.765625 0.016667 0.027083
0 0.933333 0.732292 0.029630 0.016667
0 0.993519 0.710938 0.014815 0.019792
0 0.977778 0.366667 0.031481 0.017708
0 0.988889 0.307812 0.022222 0.013542
0 0.987963 0.700521 0.022222 0.016667
0 0.966667 0.385417 0.029630 0.013542
0 0.994444 0.733333 0.011111 0.020833
0 0.988889 0.402604 0.020370 0.017708
0 0.993519 0.673958 0.011111 0.015625
0 0.994444 0.588021 0.011111 0.026042
0 0.989815 0.797917 0.018519 0.030208
0 0.990741 0.252083 0.018519 0.010417
0 0.992593 0.277604 0.011111 0.016667
0 0.955556 0.513542 0.025926 0.013542
0 0.990741 0.747396 0.016667 0.022917
0 0.996296 0.713542 0.005556 0.014583
0 0.994444 0.550521 0.009259 0.021875
0 0.993519 0.713021 0.009259 0.014583
0 0.992593 0.777604 0.012963 0.016667
0 0.994444 0.609896 0.009259 0.016667
0 0.995370 0.705729 0.005556 0.011458
0 0.999074 0.436458 0.000000 0.000000
0 0.991667 0.611979 0.014815 0.026042
0 0.992593 0.788021 0.012963 0.020833
0 0.994444 0.613021 0.009259 0.020833
0 0.993519 0.645833 0.011111 0.019792
0 0.992593 0.711979 0.012963 0.018750
0 0.991667 0.603646 0.016667 0.033333
0 0.403704 0.514062 0.027778 0.016667
0 0.995370 0.537500 0.009259 0.012500
0 0.436111 0.488021 0.020370 0.012500
0 0.371296 0.580208 0.025926 0.014583
0 0.993519 0.689063 0.011111 0.015625
0 0.404630 0.514062 0.025926 0.015625
0 0.416667 0.509375 0.020370 0.012500
0 0.447222 0.290625 0.025926 0.014583
0 0.439815 0.502083 0.024074 0.014583
0 0.433333 0.316667 0.025926 0.015625
0 0.995370 0.689063 0.005556 0.017708
0 0.479630 0.502604 0.024074 0.013542
0 0.453704 0.320833 0.022222 0.012500
0 0.478704 0.492188 0.024074 0.010417
0 0.457407 0.331250 0.020370 0.012500
0 0.991667 0.762500 0.014815 0.035417
0 0.505556 0.481250 0.022222 0.012500
0 0.515741 0.317188 0.020370 0.014583
0 0.997222 0.292187 0.005556 0.016667
0 0.581481 0.495312 0.027778 0.015625
0 0.558333 0.315625 0.024074 0.014583
0 0.850926 0.683854 0.033333 0.020833
0 0.629630 0.407292 0.029630 0.018750
0 0.587963 0.421875 0.020370 0.010417
0 0.586111 0.439063 0.009259 0.005208
0 0.999074 0.536979 0.016667 0.012500
0 0.937037 0.706771 0.038889 0.021875
0 0.995370 0.331250 0.018519 0.010417
0 0.896296 0.732292 0.031481 0.018750
0 0.995370 0.551042 0.020370 0.011458
0 0.992593 0.700000 0.031481 0.018750
