0 0.379630 0.308333 0.025926 0.017708
0 0.057407 0.698438 0.040741 0.020833
0 0.993519 0.452604 0.018519 0.013542
0 0.127778 0.507292 0.031481 0.017708
0 0.604630 0.302604 0.022222 0.014583
0 0.133333 0.483854 0.029630 0.014583
0 0.987963 0.633333 0.022222 0.016667
0 0.344444 0.306771 0.025926 0.018750
0 0.079630 0.596875 0.022222 0.010417
0 0.014815 0.736458 0.029630 0.021875
0 0.587963 0.303646 0.022222 0.015625
0 0.992593 0.320833 0.012963 0.011458
0 0.338889 0.347917 0.029630 0.015625
0 0.292593 0.708854 0.029630 0.016667
0 0.331481 0.547917 0.029630 0.017708
0 0.996296 0.559896 0.007407 0.012500
0 1.001852 0.682813 0.018519 0.016667
0 0.359259 0.310937 0.029630 0.018750
0 0.401852 0.305729 0.031481 0.018750
0 0.469444 0.704688 0.029630 0.017708
0 0.404630 0.291146 0.027778 0.015625
0 0.633333 0.389583 0.020370 0.013542
0 0.403704 0.564063 0.029630 0.014583
0 0.576852 0.485417 0.024074 0.013542
0 0.475926 0.509375 0.022222 0.013542
0 0.996296 0.450521 0.005556 0.016667
0 0.545370 0.303646 0.022222 0.013542
0 0.460185 0.572917 0.025926 0.014583
0 0.537963 0.295833 0.022222 0.014583
0 0.497222 0.504687 0.025926 0.016667
0 0.994444 0.533854 0.009259 0.011458
0 0.518519 0.477604 0.022222 0.011458
0 0.461111 0.572917 0.024074 0.014583
0 0.497222 0.504687 0.025926 0.015625
0 0.507407 0.500521 0.018519 0.011458
0 0.522222 0.276042 0.024074 0.015625
0 0.519444 0.492708 0.022222 0.014583
0 0.492593 0.304167 0.025926 0.015625
0 0.995370 0.688021 0.005556 0.018750
0 0.559259 0.492708 0.024074 0.014583
0 0.513889 0.307812 0.022222 0.013542
0 0.557407 0.482292 0.025926 0.012500
0 0.515741 0.318229 0.022222 0.013542
0 0.584259 0.469792 0.024074 0.011458
0 0.587963 0.303125 0.022222 0.013542
0 0.997222 0.268229 0.005556 0.016667
0 0.681481 0.482812 0.025926 0.014583
0 0.632407 0.301563 0.024074 0.015625
0 0.979630 0.669792 0.033333 0.019792
0 0.735185 0.392708 0.033333 0.018750
0 0.681481 0.420312 0.020370 0.010417
0 0.997222 0.507292 0.003704 0.017708
0 0.990741 0.682813 0.014815 0.016667
0 0.997222 0.707292 0.005556 0.017708
0 0.996296 0.513542 0.020370 0.010417
0 0.987963 0.656250 0.020370 0.012500
0 0.995370 0.741667 0.005556 0.017708
0 0.992593 0.702604 0.011111 0.019792
0 0.995370 0.351042 0.009259 0.014583
0 0.992593 0.330208 0.011111 0.013542
0 0.937963 0.376563 0.009259 0.012500
0 0.995370 0.393229 0.007407 0.013542
0 0.992593 0.679688 0.012963 0.016667
0 0.993519 0.583333 0.011111 0.028125
0 0.996296 0.490625 0.007407 0.020833
0 0.996296 0.717187 0.005556 0.014583
0 0.994444 0.713021 0.009259 0.014583
0 0.999074 0.435937 0.000000 0.000000
0 0.991667 0.582812 0.016667 0.029167
0 0.991667 0.707812 0.014815 0.018750
0 0.993519 0.671354 0.011111 0.014583
0 0.996296 0.466146 0.005556 0.011458
0 0.417593 0.573438 0.024074 0.014583
0 0.566667 0.181250 0.012963 0.007292
