0 0.559259 0.481250 0.022222 0.012500
0 0.454630 0.503646 0.025926 0.012500
0 0.996296 0.446875 0.005556 0.015625
0 0.530556 0.300000 0.022222 0.013542
0 0.439815 0.567187 0.025926 0.014583
0 0.521296 0.292187 0.025926 0.014583
0 0.995370 0.741146 0.007407 0.022917
0 0.475000 0.499479 0.027778 0.016667
0 0.994444 0.525521 0.009259 0.010417
0 0.500000 0.472917 0.022222 0.011458
0 0.439815 0.567187 0.025926 0.014583
0 0.993519 0.697396 0.011111 0.015625
0 0.474074 0.498958 0.025926 0.014583
0 0.486111 0.495833 0.018519 0.012500
0 0.502778 0.271875 0.022222 0.016667
0 0.500926 0.487500 0.024074 0.014583
0 0.476852 0.300000 0.025926 0.014583
0 0.995370 0.695833 0.005556 0.018750
0 0.540741 0.488021 0.024074 0.014583
0 0.498148 0.304167 0.022222 0.013542
0 0.537963 0.477083 0.024074 0.012500
0 0.500926 0.314583 0.022222 0.013542
0 0.991667 0.744792 0.016667 0.040625
0 0.566667 0.465104 0.022222 0.011458
0 0.570370 0.300000 0.022222 0.014583
0 0.997222 0.270833 0.005556 0.015625
0 0.658333 0.477604 0.027778 0.015625
0 0.613889 0.297396 0.022222 0.015625
0 0.950000 0.664583 0.035185 0.019792
0 0.709259 0.386979 0.029630 0.018750
0 0.656481 0.415104 0.020370 0.010417
0 0.997222 0.508333 0.003704 0.018750
0 0.990741 0.683333 0.014815 0.016667
0 0.991667 0.710417 0.016667 0.018750
0 0.996296 0.523958 0.020370 0.011458
0 0.987963 0.656771 0.022222 0.012500
0 0.995370 0.733333 0.005556 0.017708
0 0.991667 0.711979 0.014815 0.020833
0 0.994444 0.351562 0.009259 0.014583
0 0.993519 0.325521 0.012963 0.014583
0 0.993519 0.673958 0.011111 0.015625
0 0.959259 0.373958 0.007407 0.013542
0 0.995370 0.394792 0.007407 0.014583
0 0.992593 0.680208 0.012963 0.016667
0 0.993519 0.580729 0.011111 0.027083
0 0.995370 0.505729 0.005556 0.019792
0 0.996296 0.722396 0.005556 0.014583
0 0.994444 0.718229 0.009259 0.014583
0 0.993519 0.766667 0.012963 0.015625
0 0.999074 0.435937 0.000000 0.000000
0 0.991667 0.579688 0.016667 0.029167
0 0.995370 0.580729 0.009259 0.019792
0 0.271296 0.701562 0.029630 0.015625
0 0.299074 0.541667 0.025926 0.016667
0 0.996296 0.556250 0.007407 0.012500
0 1.000926 0.690104 0.018519 0.016667
0 0.330556 0.306250 0.029630 0.017708
0 0.370370 0.301042 0.031481 0.019792
0 0.431481 0.697396 0.029630 0.017708
0 0.376852 0.286979 0.029630 0.016667
0 0.617593 0.385417 0.024074 0.013542
0 0.383333 0.559375 0.025926 0.016667
0 0.991667 0.709896 0.016667 0.020833
0 0.997222 0.471354 0.003704 0.012500
0 0.041667 0.589063 0.020370 0.009375
0 0.280556 0.345313 0.033333 0.017708
0 0.991667 0.320312 0.012963 0.013542
0 0.570370 0.300000 0.022222 0.014583
0 0.547222 0.178125 0.011111 0.007292
0 0.402778 0.568229 0.024074 0.014583
0 0.314815 0.301563 0.024074 0.016667
0 0.984259 0.631250 0.029630 0.018750
0 0.107407 0.478646 0.029630 0.014583
0 0.586111 0.297917 0.024074 0.014583
0 0.100000 0.501563 0.033333 0.017708
0 0.983333 0.447917 0.029630 0.014583
0 0.037963 0.691146 0.040741 0.020833
0 0.351852 0.303646 0.027778 0.017708
