0 0.995370 0.661979 0.007407 0.022917
0 0.054630 0.703646 0.031481 0.013542
0 0.048148 0.547917 0.031481 0.017708
0 0.900926 0.543750 0.020370 0.011458
0 0.761111 0.700521 0.029630 0.017708
0 0.075000 0.317708 0.033333 0.018750
0 0.107407 0.312500 0.038889 0.020833
0 0.129630 0.703125 0.029630 0.017708
0 0.123148 0.298958 0.035185 0.017708
0 0.427778 0.394271 0.020370 0.013542
0 0.159259 0.561979 0.018519 0.011458
0 0.378704 0.489583 0.020370 0.012500
0 0.232407 0.509896 0.020370 0.014583
0 0.220370 0.565625 0.022222 0.010417
0 0.996296 0.392708 0.003704 0.013542
0 0.355556 0.310417 0.020370 0.012500
0 0.220370 0.573958 0.025926 0.014583
0 0.343519 0.302083 0.025926 0.014583
0 0.011111 0.350000 0.022222 0.017708
0 0.997222 0.720833 0.016667 0.025000
0 0.746296 0.724479 0.029630 0.018750
0 0.992593 0.722396 0.012963 0.018750
0 0.787037 0.477604 0.029630 0.016667
0 1.000000 0.683333 0.033333 0.014583
0 0.991667 0.538542 0.014815 0.029167
0 0.951852 0.715104 0.035185 0.019792
0 0.995370 0.657292 0.007407 0.013542
0 0.994444 0.655729 0.009259 0.019792
0 0.993519 0.783333 0.012963 0.019792
0 0.993519 0.623437 0.012963 0.021875
0 0.993519 0.432292 0.012963 0.023958
0 0.994444 0.710417 0.007407 0.015625
0 0.994444 0.634896 0.011111 0.018750
0 0.994444 0.356771 0.009259 0.022917
0 0.992593 0.784896 0.012963 0.017708
0 0.918519 0.708854 0.031481 0.017708
0 0.994444 0.515625 0.011111 0.023958
0 0.991667 0.707812 0.014815 0.020833
0 0.990741 0.726562 0.018519 0.023958
0 0.993519 0.272917 0.012963 0.017708
0 0.990741 0.234896 0.020370 0.011458
0 0.991667 0.764062 0.014815 0.008333
0 0.990741 0.766146 0.018519 0.018750
0 0.806481 0.356771 0.031481 0.017708
0 0.842593 0.298958 0.027778 0.015625
0 0.989815 0.694792 0.016667 0.022917
0 0.801852 0.377083 0.029630 0.016667
0 0.993519 0.727083 0.011111 0.020833
0 0.825926 0.392188 0.031481 0.014583
0 0.846296 0.671354 0.031481 0.017708
0 0.994444 0.661979 0.009259 0.025000
0 0.994444 0.551562 0.011111 0.017708
0 0.808333 0.505729 0.025926 0.013542
0 0.994444 0.539583 0.025926 0.012500
0 0.248148 0.507292 0.029630 0.016667
0 0.883333 0.533854 0.022222 0.010417
0 0.291667 0.481250 0.022222 0.011458
0 0.219444 0.573958 0.025926 0.014583
0 0.993519 0.689063 0.011111 0.015625
0 0.250000 0.508333 0.029630 0.017708
0 0.268519 0.503125 0.020370 0.013542
0 0.299074 0.283333 0.025926 0.016667
0 0.298148 0.495312 0.025926 0.014583
0 0.301852 0.309375 0.024074 0.014583
0 0.996296 0.659375 0.005556 0.017708
0 0.337037 0.495833 0.024074 0.013542
0 0.324074 0.314063 0.022222 0.013542
0 0.341667 0.485417 0.024074 0.012500
0 0.330556 0.323958 0.020370 0.012500
0 0.993519 0.784896 0.011111 0.026042
0 0.364815 0.473958 0.024074 0.012500
0 0.379630 0.309375 0.027778 0.014583
0 0.873148 0.289062 0.025926 0.015625
0 0.422222 0.487500 0.027778 0.015625
0 0.412963 0.307812 0.024074 0.014583
0 0.671296 0.676562 0.035185 0.019792
0 0.459259 0.398438 0.031481 0.018750
0 0.458333 0.416667 0.020370 0.009375
0 0.435185 0.429688 0.012963 0.007292
0 0.866667 0.530208 0.022222 0.012500
0 0.462963 0.390625 0.016667 0.009375
0 0.737963 0.699479 0.037037 0.020833
0 0.996296 0.321354 0.020370 0.010417
0 0.710185 0.725000 0.031481 0.018750
0 0.991667 0.693750 0.014815 0.029167
0 0.928704 0.583333 0.020370 0.011458
0 0.791667 0.692708 0.033333 0.017708
0 0.990741 0.748437 0.016667 0.027083
