0 0.094444 0.483854 0.033333 0.017708
0 0.012037 0.533333 0.024074 0.018750
0 0.758333 0.696354 0.029630 0.013542
0 0.022222 0.213021 0.035185 0.020833
0 0.811111 0.414583 0.022222 0.013542
0 0.028704 0.261458 0.031481 0.017708
0 0.109259 0.136458 0.025926 0.013542
0 0.046296 0.429167 0.037037 0.019792
0 0.052778 0.442708 0.037037 0.017708
0 0.041667 0.533333 0.033333 0.018750
0 0.111111 0.698438 0.027778 0.016667
0 0.111111 0.314583 0.029630 0.016667
0 0.087037 0.315625 0.025926 0.017708
0 0.264815 0.226562 0.029630 0.017708
0 0.260185 0.268750 0.027778 0.017708
0 0.076852 0.442188 0.031481 0.017708
0 0.062037 0.514583 0.016667 0.010417
0 0.092593 0.702083 0.029630 0.018750
0 0.100000 0.150000 0.025926 0.014583
0 0.461111 0.362500 0.029630 0.018750
0 0.105556 0.603125 0.029630 0.017708
0 0.129630 0.708854 0.035185 0.020833
0 0.117593 0.153646 0.022222 0.014583
0 0.087037 0.519792 0.024074 0.013542
0 0.152778 0.419792 0.046296 0.029167
0 0.139815 0.679688 0.037037 0.021875
0 0.109259 0.517188 0.025926 0.014583
0 0.168519 0.447917 0.050000 0.025000
0 0.191667 0.431771 0.046296 0.026042
0 0.199074 0.577604 0.014815 0.018750
0 0.250000 0.685417 0.029630 0.017708
0 0.231481 0.449479 0.046296 0.026042
0 0.251852 0.664583 0.033333 0.020833
0 0.207407 0.547396 0.029630 0.013542
0 0.275000 0.700000 0.033333 0.021875
0 0.289815 0.625521 0.031481 0.016667
0 0.247222 0.711458 0.025926 0.015625
0 0.625000 0.332292 0.025926 0.015625
0 0.253704 0.282813 0.031481 0.016667
0 0.272222 0.719792 0.035185 0.020833
0 0.412037 0.581250 0.018519 0.010417
0 0.653704 0.298958 0.035185 0.015625
0 0.341667 0.680729 0.027778 0.013542
0 0.988889 0.447917 0.016667 0.010417
0 0.417593 0.495312 0.031481 0.016667
0 0.836111 0.292708 0.025926 0.014583
0 0.413889 0.471875 0.031481 0.016667
0 0.996296 0.622917 0.024074 0.017708
0 0.627778 0.296875 0.033333 0.020833
0 0.629630 0.560937 0.022222 0.014583
0 0.794444 0.172917 0.011111 0.008333
0 0.812963 0.294271 0.024074 0.013542
0 0.548148 0.692708 0.022222 0.011458
0 0.645370 0.531771 0.024074 0.015625
0 0.647222 0.299479 0.033333 0.014583
0 0.687963 0.296354 0.031481 0.019792
0 0.782407 0.685937 0.029630 0.016667
0 0.687037 0.282292 0.024074 0.012500
0 0.875000 0.377083 0.016667 0.010417
0 0.626852 0.556250 0.016667 0.008333
0 0.802778 0.474479 0.024074 0.013542
0 0.712963 0.496354 0.029630 0.012500
0 0.753704 0.294792 0.024074 0.014583
0 0.704630 0.560937 0.024074 0.013542
0 0.752778 0.287500 0.020370 0.011458
0 0.745370 0.493229 0.027778 0.015625
0 0.753704 0.467187 0.020370 0.010417
0 0.703704 0.560417 0.025926 0.013542
0 0.744444 0.492708 0.027778 0.015625
0 0.813889 0.294792 0.022222 0.014583
0 0.936111 0.470833 0.029630 0.015625
0 0.756481 0.267188 0.024074 0.013542
0 0.997222 0.665104 0.003704 0.015625
0 0.993519 0.381250 0.012963 0.016667
0 0.988889 0.665625 0.022222 0.026042
0 0.750000 0.481250 0.020370 0.012500
0 0.861111 0.291667 0.024074 0.015625
0 0.704630 0.295833 0.020370 0.012500
0 0.996296 0.665625 0.007407 0.018750
0 0.995370 0.724479 0.005556 0.016667
0 0.788889 0.481250 0.024074 0.013542
0 0.722222 0.298958 0.018519 0.013542
0 0.776852 0.470313 0.022222 0.014583
0 0.720370 0.308333 0.022222 0.014583
0 0.811111 0.459375 0.020370 0.010417
0 0.997222 0.470833 0.003704 0.008333
0 0.993519 0.684896 0.011111 0.014583
0 0.995370 0.660937 0.007407 0.013542
0 0.994444 0.645312 0.009259 0.014583
