0 0.107407 0.365104 0.024074 0.012500
0 0.007407 0.466667 0.014815 0.013542
0 0.013889 0.281250 0.025926 0.013542
0 0.015741 0.458333 0.024074 0.012500
0 0.025926 0.292187 0.024074 0.013542
0 0.706481 0.782292 0.033333 0.022917
0 0.034259 0.445312 0.025926 0.013542
0 0.047222 0.278646 0.025926 0.015625
0 0.510185 0.270833 0.025926 0.013542
0 0.058333 0.458854 0.029630 0.014583
0 0.081481 0.277083 0.025926 0.014583
0 0.262037 0.648958 0.029630 0.015625
0 0.083333 0.370312 0.033333 0.018750
0 0.962963 0.394792 0.042593 0.021875
0 0.993519 0.633333 0.012963 0.023958
0 0.825926 0.719271 0.033333 0.018750
0 1.009259 0.500000 0.081481 0.039583
0 0.986111 0.616667 0.027778 0.021875
0 0.845370 0.659896 0.035185 0.019792
0 0.993519 0.258854 0.011111 0.018750
0 0.994444 0.605729 0.007407 0.022917
0 0.939815 0.372396 0.042593 0.021875
0 0.689815 0.770312 0.027778 0.018750
0 0.513889 0.677604 0.025926 0.016667
0 0.821296 0.444271 0.037037 0.019792
0 0.828704 0.692708 0.029630 0.016667
0 0.725926 0.695833 0.037037 0.021875
0 0.997222 0.528125 0.024074 0.018750
0 0.457407 0.481771 0.024074 0.013542
0 0.825000 0.268229 0.029630 0.019792
0 0.991667 0.721354 0.016667 0.015625
0 0.995370 0.505208 0.007407 0.021875
0 0.994444 0.226042 0.009259 0.019792
0 0.933333 0.769792 0.025926 0.014583
0 0.994444 0.706250 0.011111 0.015625
0 0.893519 0.740625 0.033333 0.016667
0 0.987037 0.430729 0.020370 0.023958
0 0.993519 0.511979 0.012963 0.022917
0 0.992593 0.539583 0.011111 0.017708
0 0.762963 0.684375 0.051852 0.023958
0 0.850926 0.528125 0.042593 0.021875
0 0.994444 0.597396 0.007407 0.022917
0 0.451852 0.641146 0.029630 0.017708
0 0.446296 0.371354 0.025926 0.015625
0 0.727778 0.696354 0.037037 0.021875
0 0.993519 0.491146 0.020370 0.011458
0 0.428704 0.355208 0.029630 0.015625
0 0.991667 0.606250 0.014815 0.020833
0 0.697222 0.653125 0.042593 0.020833
0 0.492593 0.279167 0.024074 0.014583
0 0.425000 0.335938 0.031481 0.017708
0 0.601852 0.689583 0.025926 0.013542
0 0.985185 0.670312 0.025926 0.014583
0 0.822222 0.558333 0.018519 0.011458
0 0.347222 0.669792 0.025926 0.014583
0 0.326852 0.692708 0.027778 0.017708
0 0.921296 0.666667 0.035185 0.020833
0 1.007407 0.483333 0.029630 0.018750
0 0.345370 0.660937 0.035185 0.018750
0 0.347222 0.646354 0.024074 0.012500
0 0.537037 0.559375 0.024074 0.014583
0 0.958333 0.670833 0.038889 0.020833
0 0.290741 0.693750 0.031481 0.018750
0 0.797222 0.304167 0.022222 0.012500
0 0.295370 0.668229 0.035185 0.019792
0 0.529630 0.506771 0.024074 0.012500
0 0.096296 0.400000 0.024074 0.013542
0 0.150926 0.387500 0.020370 0.009375
0 0.990741 0.579167 0.012963 0.016667
0 0.812037 0.651042 0.024074 0.015625
0 0.955556 0.678125 0.037037 0.015625
0 0.560185 0.677083 0.022222 0.013542
0 0.994444 0.538021 0.009259 0.021875
0 0.907407 0.777083 0.020370 0.011458
0 0.993519 0.508854 0.009259 0.017708
0 1.008333 0.303646 0.035185 0.021875
0 1.011111 0.567708 0.040741 0.026042
0 0.542593 0.682813 0.029630 0.016667
0 1.007407 0.496875 0.038889 0.029167
0 0.837037 0.670312 0.031481 0.015625
0 0.922222 0.667188 0.035185 0.020833
0 0.427778 0.453125 0.027778 0.016667
0 0.979630 0.648958 0.031481 0.014583
0 1.002778 0.305729 0.024074 0.016667
0 0.993519 0.538542 0.031481 0.017708
0 0.996296 0.445312 0.005556 0.015625
0 0.957407 0.671354 0.038889 0.020833
0 0.856481 0.778125 0.031481 0.017708
0 0.992593 0.602604 0.012963 0.021875
0 0.993519 0.738021 0.012963 0.023958
0 0.996296 0.396875 0.005556 0.013542
0 0.990741 0.534375 0.016667 0.026042
