0 0.455556 0.453125 0.027778 0.016667
0 0.990741 0.540104 0.016667 0.027083
0 0.995370 0.545833 0.009259 0.021875
0 0.586111 0.678125 0.020370 0.013542
0 0.988889 0.679688 0.037037 0.015625
0 0.845370 0.653646 0.024074 0.015625
0 0.991667 0.575000 0.012963 0.015625
0 0.993519 0.538542 0.031481 0.017708
0 0.996296 0.646875 0.031481 0.014583
0 0.541667 0.269792 0.027778 0.015625
0 0.923148 0.744271 0.031481 0.016667
0 0.987037 0.437500 0.022222 0.025000
0 0.993519 0.518750 0.012963 0.022917
0 0.993519 0.542188 0.011111 0.017708
0 0.794444 0.687500 0.050000 0.023958
0 0.887037 0.530729 0.038889 0.021875
0 0.994444 0.604167 0.009259 0.023958
0 0.478704 0.641146 0.029630 0.017708
0 0.476852 0.371354 0.025926 0.014583
0 0.760185 0.698958 0.037037 0.020833
0 0.994444 0.496354 0.020370 0.011458
0 0.458333 0.355208 0.029630 0.016667
0 0.991667 0.609375 0.014815 0.020833
0 0.727778 0.655729 0.042593 0.021875
0 0.523148 0.279167 0.027778 0.015625
0 0.456481 0.335938 0.031481 0.017708
0 0.626852 0.690625 0.025926 0.013542
0 1.007407 0.670312 0.025926 0.014583
0 0.857407 0.559896 0.018519 0.010417
0 0.374074 0.669792 0.025926 0.013542
0 0.352778 0.692187 0.029630 0.017708
0 0.954630 0.670312 0.035185 0.021875
0 1.007407 0.490104 0.029630 0.019792
0 0.373148 0.660937 0.037037 0.018750
0 0.375000 0.646354 0.022222 0.012500
0 0.562963 0.559896 0.024074 0.014583
0 0.985185 0.675521 0.029630 0.020833
0 0.316667 0.693229 0.031481 0.017708
0 0.837963 0.304688 0.022222 0.012500
0 0.322222 0.667708 0.033333 0.020833
0 0.135185 0.364063 0.024074 0.013542
0 0.555556 0.506771 0.024074 0.013542
0 0.121296 0.399479 0.024074 0.015625
0 0.176852 0.385937 0.020370 0.009375
0 0.112963 0.368750 0.033333 0.017708
0 0.287963 0.647396 0.029630 0.016667
0 0.112037 0.276562 0.025926 0.015625
0 0.086111 0.457813 0.029630 0.015625
0 0.993519 0.704167 0.009259 0.014583
0 0.075926 0.277083 0.025926 0.015625
0 0.061111 0.443750 0.025926 0.013542
0 0.734259 0.783854 0.035185 0.022917
0 0.054630 0.290104 0.024074 0.013542
0 0.039815 0.456250 0.025926 0.012500
0 0.042593 0.279687 0.024074 0.014583
0 0.027778 0.465104 0.027778 0.014583
0 0.650000 0.631250 0.029630 0.018750
0 0.020370 0.276042 0.024074 0.014583
0 0.993519 0.743750 0.012963 0.023958
0 0.996296 0.395313 0.005556 0.013542
0 0.955556 0.670312 0.035185 0.020833
0 0.869444 0.672917 0.033333 0.016667
0 1.011111 0.482812 0.042593 0.031250
0 0.568519 0.683854 0.029630 0.015625
0 1.009259 0.311979 0.037037 0.023958
0 0.994444 0.506250 0.011111 0.017708
0 0.936111 0.780729 0.020370 0.011458
0 0.885185 0.781250 0.029630 0.017708
0 0.988889 0.675000 0.035185 0.020833
0 0.996296 0.440104 0.005556 0.015625
0 0.989815 0.396354 0.018519 0.019792
0 0.992593 0.623437 0.012963 0.025000
0 0.855556 0.722396 0.031481 0.018750
0 1.008333 0.505208 0.085185 0.041667
0 0.986111 0.625000 0.027778 0.021875
0 0.878704 0.662500 0.037037 0.019792
0 0.994444 0.257292 0.011111 0.017708
0 0.995370 0.610417 0.009259 0.023958
0 0.979630 0.373958 0.038889 0.023958
0 0.716667 0.772917 0.031481 0.019792
0 0.539815 0.678125 0.027778 0.015625
0 0.859259 0.445833 0.037037 0.020833
0 0.859259 0.695833 0.029630 0.016667
0 0.757407 0.697917 0.038889 0.022917
0 0.997222 0.540625 0.024074 0.018750
0 0.484259 0.481771 0.024074 0.013542
0 0.866667 0.268750 0.029630 0.018750
0 0.991667 0.723958 0.016667 0.015625
0 0.995370 0.501042 0.007407 0.021875
0 0.994444 0.226042 0.009259 0.019792
0 0.962037 0.773438 0.024074 0.014583
0 0.993519 0.603646 0.012963 0.021875
