0 0.869444 0.281250 0.035185 0.017708
0 0.611111 0.667188 0.031481 0.019792
0 0.262037 0.557813 0.022222 0.015625
0 0.015741 0.654167 0.025926 0.015625
0 0.014815 0.669792 0.029630 0.020833
0 0.888889 0.434896 0.029630 0.019792
0 0.595370 0.664062 0.038889 0.020833
0 0.015741 0.702083 0.031481 0.017708
0 0.037963 0.677083 0.031481 0.016667
0 0.531481 0.555729 0.024074 0.012500
0 0.683333 0.663542 0.033333 0.018750
0 0.335185 0.690104 0.027778 0.014583
0 0.790741 0.488542 0.046296 0.025000
0 0.988889 0.375521 0.018519 0.021875
0 0.591667 0.739583 0.031481 0.017708
0 0.856481 0.721354 0.037037 0.019792
0 0.999074 0.389583 0.029630 0.020833
0 0.641667 0.767188 0.024074 0.015625
0 0.744444 0.216667 0.042593 0.025000
0 0.910185 0.544792 0.048148 0.023958
0 0.823148 0.725521 0.033333 0.019792
0 0.536111 0.253646 0.029630 0.019792
0 0.198148 0.478646 0.025926 0.013542
0 0.842593 0.519271 0.033333 0.018750
0 0.881481 0.272917 0.020370 0.014583
0 0.253704 0.264062 0.027778 0.017708
0 0.381481 0.700521 0.035185 0.022917
0 0.511111 0.692187 0.029630 0.017708
0 0.465741 0.435937 0.037037 0.020833
0 0.937037 0.489583 0.020370 0.010417
0 0.233333 0.681250 0.025926 0.015625
0 0.420370 0.785937 0.044444 0.022917
0 0.537963 0.360417 0.040741 0.023958
0 0.307407 0.284375 0.027778 0.014583
0 0.988889 0.338021 0.031481 0.017708
0 0.983333 0.578646 0.033333 0.018750
0 0.862037 0.263021 0.040741 0.026042
0 0.501852 0.658854 0.037037 0.020833
0 0.976852 0.577604 0.024074 0.019792
0 0.995370 0.506250 0.005556 0.018750
0 0.518519 0.719271 0.033333 0.018750
0 0.892593 0.693229 0.042593 0.025000
0 0.568519 0.383854 0.042593 0.021875
0 0.938889 0.504687 0.038889 0.020833
0 0.624074 0.671875 0.035185 0.018750
0 0.558333 0.778125 0.031481 0.018750
0 0.993519 0.575000 0.011111 0.018750
0 0.776852 0.726562 0.044444 0.020833
0 0.996296 0.432292 0.007407 0.018750
0 0.868519 0.249479 0.027778 0.015625
0 0.596296 0.664062 0.037037 0.020833
0 0.500000 0.670312 0.035185 0.014583
0 0.828704 0.551562 0.025926 0.018750
0 0.261111 0.685937 0.029630 0.016667
0 0.849074 0.575000 0.024074 0.015625
0 0.988889 0.521875 0.020370 0.022917
0 0.612037 0.775000 0.027778 0.016667
0 0.746296 0.551042 0.040741 0.022917
0 0.279630 0.681250 0.022222 0.012500
0 0.860185 0.705208 0.024074 0.014583
0 0.460185 0.652083 0.025926 0.016667
0 0.989815 0.570312 0.018519 0.021875
0 0.927778 0.639583 0.024074 0.014583
0 0.999074 0.559375 0.031481 0.017708
0 0.498148 0.541146 0.027778 0.015625
0 0.627778 0.452083 0.040741 0.023958
0 0.171296 0.305729 0.018519 0.009375
0 0.852778 0.284896 0.024074 0.015625
0 0.679630 0.637500 0.035185 0.016667
0 0.817593 0.530729 0.027778 0.015625
0 0.816667 0.552083 0.027778 0.016667
0 0.991667 0.544271 0.014815 0.022917
0 0.415741 0.687500 0.040741 0.023958
0 0.511111 0.522396 0.038889 0.021875
0 0.865741 0.272396 0.031481 0.015625
0 0.718519 0.579688 0.048148 0.027083
0 0.171296 0.644271 0.031481 0.018750
0 0.148148 0.365104 0.031481 0.014583
0 0.380556 0.701042 0.038889 0.023958
0 0.863889 0.484896 0.020370 0.013542
0 0.130556 0.348958 0.027778 0.014583
0 0.992593 0.570833 0.012963 0.019792
0 -0.075926 0.337500 0.000000 0.000000
0 0.345370 0.656771 0.037037 0.020833
0 0.150926 0.257812 0.018519 0.018750
0 0.117593 0.328646 0.033333 0.017708
0 0.155556 0.450521 0.025926 0.015625
0 1.001852 0.361979 0.027778 0.013542
0 0.987963 0.536979 0.024074 0.025000
