0 0.418519 0.282292 0.029630 0.018750
0 0.070370 0.498437 0.025926 0.014583
0 0.686111 0.315625 0.020370 0.012500
0 0.695370 0.546354 0.031481 0.017708
0 0.746296 0.306771 0.020370 0.014583
0 0.102778 0.280208 0.027778 0.017708
0 0.204630 0.723958 0.033333 0.022917
0 0.350000 0.716146 0.029630 0.018750
0 0.307407 0.458333 0.035185 0.021875
0 0.764815 0.518229 0.020370 0.009375
0 0.081481 0.704688 0.029630 0.014583
0 0.257407 0.813021 0.042593 0.023958
0 0.366667 0.384375 0.042593 0.022917
0 0.181481 0.305729 0.029630 0.015625
0 0.857407 0.373958 0.029630 0.017708
0 0.828704 0.607292 0.033333 0.019792
0 0.700000 0.296875 0.042593 0.026042
0 0.332407 0.682813 0.038889 0.020833
0 0.871296 0.605208 0.035185 0.018750
0 0.904630 0.543229 0.033333 0.019792
0 0.357407 0.744271 0.031481 0.018750
0 0.611111 0.515104 0.040741 0.025000
0 0.396296 0.408333 0.038889 0.021875
0 0.725926 0.719792 0.040741 0.023958
0 0.878704 0.559375 0.031481 0.017708
0 0.239815 0.711458 0.042593 0.025000
0 0.352778 0.545312 0.040741 0.022917
0 0.023148 0.287500 0.016667 0.017708
0 0.172222 0.679167 0.037037 0.019792
0 -0.074074 0.338021 0.000000 0.000000
0 0.873148 0.605729 0.031481 0.017708
0 0.014815 0.341667 0.018519 0.019792
0 0.723148 0.527083 0.031481 0.018750
0 0.204630 0.723958 0.033333 0.022917
0 0.016667 0.383333 0.031481 0.016667
0 0.021296 0.666667 0.033333 0.018750
0 0.553704 0.604167 0.048148 0.027083
0 0.703704 0.306250 0.031481 0.015625
0 0.870370 0.413542 0.040741 0.021875
0 0.431481 0.766146 0.031481 0.017708
0 0.686111 0.748437 0.035185 0.020833
0 0.888889 0.416146 0.027778 0.019792
0 0.482407 0.793750 0.029630 0.017708
0 0.586111 0.250521 0.038889 0.022917
0 0.740741 0.572396 0.044444 0.025000
0 0.653704 0.752604 0.035185 0.020833
0 0.891667 0.571354 0.029630 0.016667
0 0.396296 0.805729 0.031481 0.018750
0 0.891667 0.592187 0.031481 0.018750
0 0.604630 0.754167 0.042593 0.021875
0 0.841667 0.465104 0.040741 0.023958
0 0.705556 0.283854 0.029630 0.016667
0 0.437037 0.691667 0.037037 0.019792
0 0.332407 0.694271 0.035185 0.014583
0 0.682407 0.578125 0.029630 0.017708
0 0.109259 0.709375 0.029630 0.016667
0 0.686111 0.602083 0.024074 0.015625
0 0.737037 0.314583 0.029630 0.018750
0 0.828704 0.550521 0.037037 0.019792
0 0.454630 0.801562 0.029630 0.016667
0 0.025926 0.470313 0.025926 0.014583
0 0.571296 0.576042 0.042593 0.022917
0 0.272222 0.390625 0.027778 0.013542
0 0.131481 0.704167 0.024074 0.013542
0 0.356481 0.705729 0.022222 0.011458
0 0.697222 0.731771 0.025926 0.015625
0 0.289815 0.675000 0.027778 0.016667
0 0.860185 0.601042 0.031481 0.018750
0 0.758333 0.665625 0.024074 0.014583
0 0.850000 0.589063 0.027778 0.015625
0 0.480556 0.243750 0.024074 0.012500
0 0.314815 0.390625 0.022222 0.008333
0 0.372222 0.565104 0.027778 0.015625
0 0.651852 0.579167 0.027778 0.016667
0 0.847222 0.567708 0.035185 0.020833
0 0.848148 0.385417 0.025926 0.013542
0 0.473148 0.476562 0.038889 0.022917
0 0.140741 0.301042 0.020370 0.010417
0 0.720370 0.318229 0.025926 0.016667
0 0.512037 0.663021 0.027778 0.015625
0 0.674074 0.556771 0.029630 0.016667
0 0.765741 0.533333 0.037037 0.020833
0 0.455556 0.695833 0.037037 0.019792
