0 0.087963 0.598437 0.022222 0.010417
0 0.388889 0.309896 0.027778 0.017708
0 0.062963 0.700000 0.042593 0.021875
0 1.002778 0.455729 0.018519 0.013542
0 0.136111 0.508854 0.031481 0.017708
0 0.613889 0.304688 0.022222 0.014583
0 0.141667 0.485417 0.031481 0.014583
0 0.991667 0.636979 0.024074 0.016667
0 0.353704 0.308854 0.025926 0.018750
0 0.423148 0.576042 0.022222 0.014583
0 0.577778 0.184375 0.011111 0.007292
0 0.597222 0.306250 0.020370 0.015625
0 0.992593 0.320833 0.012963 0.012500
0 0.350000 0.350521 0.029630 0.015625
0 0.298148 0.710938 0.029630 0.016667
0 0.339815 0.550000 0.029630 0.017708
0 0.996296 0.561979 0.007407 0.012500
0 0.017593 0.737500 0.035185 0.020833
0 1.000926 0.682813 0.018519 0.016667
0 0.369444 0.313542 0.029630 0.018750
0 0.410185 0.307812 0.031481 0.019792
0 0.476852 0.707292 0.029630 0.017708
0 0.414815 0.293229 0.029630 0.015625
0 0.641667 0.391667 0.022222 0.012500
0 0.410185 0.566146 0.029630 0.014583
0 0.585185 0.487500 0.024074 0.013542
0 0.483333 0.511458 0.024074 0.013542
0 0.996296 0.449479 0.005556 0.016667
0 0.554630 0.305729 0.022222 0.013542
0 0.467593 0.575000 0.025926 0.014583
0 0.547222 0.298438 0.024074 0.014583
0 0.504630 0.506771 0.025926 0.016667
0 0.994444 0.533333 0.009259 0.010417
0 0.525926 0.480729 0.022222 0.012500
0 0.468519 0.575000 0.025926 0.014583
0 0.504630 0.506771 0.027778 0.016667
0 0.514815 0.503125 0.018519 0.011458
0 0.531481 0.278646 0.024074 0.015625
0 0.526852 0.495312 0.024074 0.014583
0 0.500926 0.306771 0.025926 0.014583
0 0.995370 0.685417 0.005556 0.018750
0 0.566667 0.495312 0.024074 0.014583
0 0.521296 0.309896 0.018519 0.014583
0 0.564815 0.484375 0.025926 0.012500
0 0.524074 0.320312 0.022222 0.013542
0 0.591667 0.472396 0.024074 0.012500
0 0.597222 0.305729 0.022222 0.014583
0 0.997222 0.268229 0.005556 0.016667
0 0.689815 0.485938 0.027778 0.015625
0 0.641667 0.304167 0.024074 0.015625
0 0.985185 0.672917 0.027778 0.018750
0 0.746296 0.395313 0.031481 0.018750
0 0.690741 0.422917 0.020370 0.010417
0 0.997222 0.504687 0.003704 0.017708
0 0.990741 0.684896 0.014815 0.016667
0 0.997222 0.708854 0.005556 0.017708
0 0.996296 0.511979 0.020370 0.011458
0 0.989815 0.659375 0.020370 0.012500
0 0.996296 0.738542 0.007407 0.017708
0 0.992593 0.695833 0.011111 0.020833
0 0.994444 0.350521 0.009259 0.014583
0 0.992593 0.329688 0.011111 0.013542
0 0.994444 0.670312 0.011111 0.013542
0 0.938889 0.378646 0.007407 0.012500
0 0.995370 0.394271 0.007407 0.013542
0 0.992593 0.682292 0.012963 0.016667
0 0.993519 0.585417 0.011111 0.028125
0 0.996296 0.488021 0.007407 0.020833
0 0.996296 0.715625 0.005556 0.014583
0 0.994444 0.711979 0.009259 0.014583
0 0.999074 0.435937 0.000000 0.000000
0 0.991667 0.584375 0.014815 0.028125
0 0.992593 0.708333 0.014815 0.018750
0 0.997222 0.468229 0.005556 0.011458
