0 0.414815 0.483854 0.020370 0.013542
0 0.350926 0.284375 0.035185 0.021875
0 0.067593 0.243750 0.020370 0.017708
0 0.062963 0.247396 0.029630 0.021875
0 0.061111 0.534896 0.035185 0.019792
0 0.818519 0.710417 0.029630 0.014583
0 0.098148 0.217188 0.037037 0.021875
0 0.003704 0.538021 0.007407 0.016667
0 0.361111 0.515104 0.020370 0.012500
0 0.031481 0.535417 0.027778 0.015625
0 0.192593 0.682813 0.033333 0.021875
0 0.859259 0.428125 0.024074 0.014583
0 0.094444 0.265625 0.031481 0.018750
0 0.195370 0.142708 0.024074 0.013542
0 0.114815 0.431771 0.035185 0.019792
0 0.119444 0.446354 0.035185 0.018750
0 0.096296 0.535417 0.033333 0.017708
0 0.163889 0.701562 0.027778 0.017708
0 0.175000 0.318750 0.033333 0.014583
0 0.150000 0.320312 0.027778 0.018750
0 0.335185 0.234375 0.029630 0.016667
0 0.325926 0.275000 0.027778 0.016667
0 0.144444 0.444792 0.029630 0.015625
0 0.113889 0.515104 0.016667 0.009375
0 0.141667 0.705729 0.027778 0.018750
0 0.185185 0.155729 0.024074 0.014583
0 0.534259 0.371875 0.025926 0.019792
0 0.162037 0.606250 0.031481 0.016667
0 0.182407 0.712500 0.033333 0.020833
0 0.200926 0.159896 0.022222 0.013542
0 0.134259 0.522917 0.022222 0.013542
0 0.148148 0.486979 0.031481 0.016667
0 0.225926 0.423438 0.048148 0.027083
0 0.156481 0.520312 0.024074 0.013542
0 0.238889 0.452083 0.048148 0.028125
0 0.263889 0.436458 0.044444 0.027083
0 0.251852 0.583333 0.014815 0.018750
0 0.307407 0.691146 0.031481 0.018750
0 0.300926 0.454167 0.042593 0.025000
0 0.309259 0.669792 0.033333 0.020833
0 0.262963 0.552083 0.029630 0.013542
0 0.329630 0.706250 0.033333 0.021875
0 0.313889 0.726042 0.033333 0.020833
0 0.474074 0.588542 0.018519 0.010417
0 0.725926 0.310417 0.020370 0.013542
0 0.396296 0.688021 0.027778 0.013542
0 0.996296 0.458854 0.014815 0.010417
0 0.475000 0.503125 0.029630 0.017708
0 0.893519 0.307292 0.024074 0.014583
0 0.471296 0.480208 0.025926 0.015625
0 0.996296 0.628125 0.024074 0.017708
0 0.707407 0.308854 0.035185 0.022917
0 0.677778 0.572396 0.018519 0.013542
0 0.857407 0.188542 0.011111 0.007292
0 0.870370 0.309375 0.024074 0.014583
0 0.610185 0.702604 0.020370 0.011458
0 0.708333 0.542188 0.024074 0.014583
0 0.714815 0.311458 0.031481 0.012500
0 0.753704 0.308854 0.031481 0.019792
0 0.837963 0.699479 0.031481 0.014583
0 0.753704 0.294792 0.022222 0.012500
0 0.934259 0.391146 0.016667 0.010417
0 0.680556 0.566667 0.016667 0.007292
0 0.852778 0.488021 0.024074 0.013542
0 0.762963 0.508333 0.031481 0.013542
0 0.809259 0.308333 0.024074 0.013542
0 0.754630 0.572396 0.024074 0.013542
0 0.803704 0.301563 0.025926 0.013542
0 0.798148 0.505729 0.025926 0.015625
0 0.806481 0.479687 0.018519 0.010417
0 0.752778 0.571875 0.024074 0.013542
0 0.796296 0.504687 0.027778 0.015625
0 0.815741 0.281771 0.024074 0.014583
0 0.801852 0.493750 0.020370 0.012500
0 0.765741 0.307292 0.022222 0.012500
0 0.996296 0.664583 0.007407 0.019792
0 0.838889 0.494792 0.024074 0.014583
0 0.777778 0.311979 0.018519 0.013542
0 0.828704 0.482812 0.022222 0.012500
0 0.774074 0.321875 0.024074 0.015625
0 0.861111 0.472917 0.020370 0.010417
0 0.869444 0.308854 0.024074 0.014583
0 0.987963 0.485938 0.024074 0.014583
0 0.918519 0.307292 0.024074 0.015625
0 0.988889 0.664062 0.022222 0.027083
0 0.996296 0.393750 0.005556 0.017708
0 0.997222 0.670833 0.003704 0.015625
0 0.994444 0.640625 0.007407 0.014583
0 0.995370 0.663542 0.005556 0.011458
0 0.993519 0.681250 0.011111 0.014583
0 0.997222 0.474479 0.003704 0.008333
0 0.347222 0.631250 0.029630 0.015625
0 0.293519 0.716667 0.025926 0.015625
0 0.706481 0.343229 0.025926 0.015625
0 0.318519 0.288542 0.031481 0.015625
