0 0.949074 0.466146 0.024074 0.010417
0 0.060185 0.506771 0.031481 0.015625
0 0.560185 0.311458 0.022222 0.013542
0 0.059259 0.467708 0.025926 0.009375
0 0.923148 0.650000 0.031481 0.014583
0 0.280556 0.314063 0.020370 0.015625
0 0.383333 0.575521 0.022222 0.013542
0 0.532407 0.192708 0.011111 0.007292
0 0.547222 0.313021 0.020370 0.013542
0 0.991667 0.325000 0.016667 0.014583
0 0.216667 0.351042 0.027778 0.014583
0 0.233333 0.703125 0.031481 0.013542
0 0.253704 0.547917 0.029630 0.017708
0 0.996296 0.547917 0.007407 0.012500
0 0.994444 0.701562 0.018519 0.016667
0 0.293519 0.319271 0.029630 0.017708
0 0.329630 0.314583 0.038889 0.019792
0 0.362037 0.704688 0.027778 0.017708
0 0.340741 0.300521 0.029630 0.016667
0 0.592593 0.397396 0.022222 0.012500
0 0.356481 0.567187 0.024074 0.014583
0 0.543519 0.491667 0.018519 0.010417
0 0.416667 0.511979 0.020370 0.013542
0 0.403704 0.566146 0.025926 0.010417
0 0.996296 0.425000 0.005556 0.014583
0 0.514815 0.312500 0.022222 0.013542
0 0.400000 0.575000 0.024074 0.014583
0 0.505556 0.304167 0.024074 0.015625
0 0.995370 0.716667 0.007407 0.022917
0 0.011111 0.690104 0.022222 0.019792
0 0.995370 0.597396 0.025926 0.012500
0 0.435185 0.508854 0.029630 0.016667
0 0.994444 0.532292 0.009259 0.011458
0 0.465741 0.482812 0.022222 0.012500
0 0.400000 0.575000 0.024074 0.013542
0 0.993519 0.691667 0.011111 0.015625
0 0.436111 0.508854 0.027778 0.014583
0 0.447222 0.504167 0.020370 0.012500
0 0.479630 0.285417 0.024074 0.015625
0 0.469444 0.497396 0.024074 0.014583
0 0.462963 0.311458 0.025926 0.014583
0 0.995370 0.696354 0.005556 0.018750
0 0.508333 0.497917 0.024074 0.013542
0 0.482407 0.315625 0.020370 0.013542
0 0.504630 0.487500 0.022222 0.010417
0 0.486111 0.326042 0.020370 0.013542
0 0.992593 0.753646 0.016667 0.036458
0 0.534259 0.476042 0.022222 0.012500
0 0.548148 0.313021 0.022222 0.014583
0 0.997222 0.280208 0.005556 0.015625
0 0.613889 0.490104 0.025926 0.015625
0 0.589815 0.311458 0.024074 0.015625
0 0.885185 0.680729 0.033333 0.019792
0 0.666667 0.402604 0.029630 0.017708
0 0.618519 0.418229 0.020370 0.010417
0 1.001852 0.518750 0.005556 0.004167
0 0.974074 0.704688 0.038889 0.019792
0 0.931481 0.729688 0.033333 0.018750
0 0.995370 0.545312 0.020370 0.011458
0 0.988889 0.672917 0.022222 0.012500
0 0.966667 0.729167 0.029630 0.018750
0 0.992593 0.715104 0.014815 0.019792
0 0.995370 0.363542 0.009259 0.014583
0 0.992593 0.310937 0.012963 0.014583
0 0.993519 0.692708 0.012963 0.017708
0 0.995370 0.382292 0.009259 0.013542
0 0.993519 0.742708 0.009259 0.020833
0 0.994444 0.401042 0.007407 0.015625
0 0.992593 0.676562 0.011111 0.015625
0 0.994444 0.593750 0.011111 0.025000
0 0.988889 0.810937 0.018519 0.031250
0 0.989815 0.253125 0.018519 0.010417
0 0.992593 0.275000 0.011111 0.016667
0 0.987037 0.510938 0.025926 0.014583
0 0.990741 0.748437 0.016667 0.022917
0 0.972222 0.482292 0.027778 0.016667
0 0.994444 0.605729 0.009259 0.020833
0 0.992593 0.715104 0.012963 0.018750
0 0.996296 0.714583 0.005556 0.014583
0 0.994444 0.555208 0.009259 0.021875
0 0.994444 0.716667 0.009259 0.014583
0 0.993519 0.776563 0.012963 0.016667
0 0.996296 0.708333 0.005556 0.010417
0 0.999074 0.436458 0.000000 0.000000
0 0.991667 0.603646 0.014815 0.027083
