0 0.773148 0.577604 0.035185 0.019792
0 0.806481 0.570833 0.027778 0.018750
0 0.208333 0.638542 0.029630 0.018750
0 0.651852 0.702604 0.029630 0.015625
0 0.287037 0.670312 0.029630 0.014583
0 0.092593 0.644271 0.035185 0.017708
0 0.215741 0.360417 0.025926 0.012500
0 0.837037 0.541146 0.031481 0.018750
0 0.475926 0.543229 0.038889 0.021875
0 0.396296 0.766667 0.031481 0.016667
0 0.752778 0.518750 0.037037 0.020833
0 0.704630 0.279167 0.035185 0.017708
0 0.635185 0.573438 0.027778 0.016667
0 0.074074 0.674479 0.029630 0.016667
0 0.632407 0.549479 0.029630 0.017708
0 0.253704 0.659375 0.037037 0.013542
0 0.351852 0.658333 0.033333 0.018750
0 0.623148 0.244792 0.035185 0.017708
0 0.750000 0.430208 0.044444 0.025000
0 0.518519 0.720313 0.042593 0.020833
0 0.837963 0.561979 0.033333 0.018750
0 0.336111 0.769271 0.031481 0.017708
0 0.375926 0.663021 0.037037 0.020833
0 0.677778 0.500521 0.037037 0.021875
0 0.291667 0.373958 0.042593 0.021875
0 0.650926 0.689583 0.042593 0.025000
0 0.292593 0.709896 0.031481 0.018750
0 0.834259 0.510938 0.033333 0.019792
0 0.814815 0.576042 0.035185 0.019792
0 0.250000 0.648438 0.037037 0.018750
0 0.615741 0.258854 0.040741 0.026042
0 0.003704 0.632812 0.007407 0.016667
0 0.468519 0.572396 0.048148 0.027083
0 0.643519 0.267708 0.033333 0.019792
0 0.275000 0.514062 0.040741 0.022917
0 0.157407 0.675000 0.044444 0.025000
0 0.809259 0.527604 0.037037 0.018750
0 0.505556 0.480729 0.042593 0.025000
0 0.775000 0.377083 0.044444 0.023958
0 0.368519 0.731771 0.031481 0.016667
0 0.607407 0.717187 0.035185 0.020833
0 0.812963 0.381771 0.035185 0.018750
0 0.425000 0.759896 0.027778 0.016667
0 0.497222 0.210938 0.038889 0.022917
0 0.661111 0.540625 0.046296 0.025000
0 0.573148 0.720833 0.033333 0.019792
0 0.387037 0.251042 0.031481 0.019792
0 0.051852 0.470313 0.025926 0.014583
0 0.600000 0.278125 0.022222 0.013542
0 0.647222 0.518750 0.035185 0.017708
0 0.714815 0.271875 0.024074 0.014583
0 0.069444 0.252083 0.027778 0.015625
0 0.131481 0.687500 0.033333 0.018750
0 0.281481 0.682292 0.031481 0.016667
0 0.224074 0.427083 0.040741 0.021875
0 0.685185 0.485417 0.027778 0.014583
0 0.049074 0.669792 0.027778 0.014583
0 0.204630 0.773958 0.044444 0.025000
0 0.256481 0.350000 0.040741 0.022917
0 0.100000 0.282813 0.033333 0.017708
0 0.827778 0.336979 0.025926 0.013542
0 0.773148 0.535937 0.035185 0.019792
0 0.075000 0.263542 0.025926 0.013542
0 0.692593 0.285938 0.024074 0.014583
0 0.421296 0.629167 0.033333 0.017708
0 0.624074 0.527604 0.033333 0.019792
0 0.596296 0.549479 0.027778 0.016667
0 0.009259 0.442708 0.018519 0.013542
0 0.793519 0.348958 0.025926 0.014583
0 0.398148 0.444271 0.033333 0.019792
0 0.700926 0.636458 0.024074 0.014583
0 0.794444 0.559375 0.029630 0.016667
0 0.449074 0.210417 0.024074 0.013542
0 0.244444 0.361458 0.025926 0.010417
0 0.306481 0.540625 0.020370 0.012500
