0 0.198148 0.382812 0.033333 0.019792
0 0.650926 0.519271 0.020370 0.010417
0 0.050000 0.467187 0.022222 0.011458
0 0.002778 0.562500 0.005556 0.013542
0 0.867593 0.691667 0.029630 0.016667
0 0.014815 0.497396 0.024074 0.013542
0 0.029630 0.489583 0.024074 0.014583
0 0.056481 0.263542 0.027778 0.014583
0 0.062037 0.481771 0.025926 0.014583
0 0.075000 0.291667 0.025926 0.014583
0 0.761111 0.640104 0.038889 0.019792
0 0.100926 0.482292 0.025926 0.013542
0 0.098148 0.295312 0.022222 0.013542
0 0.118519 0.473958 0.024074 0.011458
0 0.108333 0.306250 0.024074 0.013542
0 0.862963 0.795312 0.040741 0.026042
0 0.137037 0.460938 0.024074 0.011458
0 0.139815 0.292187 0.029630 0.015625
0 0.620370 0.276042 0.025926 0.014583
0 0.166667 0.472917 0.033333 0.016667
0 0.176852 0.291146 0.025926 0.014583
0 0.393519 0.661458 0.027778 0.017708
0 0.237037 0.401562 0.020370 0.010417
0 0.185185 0.414583 0.022222 0.012500
0 0.632407 0.515104 0.022222 0.013542
0 0.208333 0.378125 0.020370 0.012500
0 0.439815 0.681250 0.035185 0.020833
0 0.883333 0.288542 0.024074 0.012500
0 0.427778 0.707292 0.031481 0.019792
0 0.992593 0.682813 0.014815 0.027083
0 0.659259 0.568229 0.025926 0.013542
0 0.494444 0.658333 0.020370 0.011458
0 0.491667 0.673958 0.033333 0.018750
0 0.998148 0.661458 0.014815 0.022917
0 0.463889 0.706250 0.027778 0.017708
0 0.489815 0.682292 0.022222 0.012500
0 0.995370 0.563542 0.016667 0.010417
0 1.020370 0.646354 0.064815 0.036458
0 0.730556 0.700521 0.027778 0.014583
0 0.543519 0.342708 0.031481 0.016667
0 0.597222 0.285417 0.024074 0.015625
0 0.866667 0.663021 0.048148 0.022917
0 0.545370 0.363542 0.029630 0.015625
0 0.900926 0.706771 0.040741 0.025000
0 0.562963 0.378646 0.027778 0.015625
0 0.579630 0.653125 0.029630 0.017708
0 0.994444 0.620833 0.009259 0.025000
0 0.998148 0.531771 0.012963 0.021875
0 0.994444 0.260937 0.009259 0.015625
0 0.997222 0.661458 0.011111 0.020833
0 1.008333 0.510417 0.100000 0.048958
0 0.986111 0.729167 0.027778 0.018750
0 0.993519 0.548958 0.012963 0.025000
0 0.993519 0.414583 0.012963 0.022917
0 0.996296 0.434375 0.003704 0.014583
0 0.995370 0.666667 0.009259 0.019792
0 0.994444 0.785937 0.011111 0.016667
0 0.992593 0.750521 0.012963 0.023958
0 0.992593 0.677604 0.014815 0.021875
0 1.000000 0.679167 0.011111 0.019792
0 0.675926 0.693750 0.031481 0.017708
0 0.998148 0.789062 0.029630 0.017708
0 0.998148 0.531250 0.011111 0.021875
0 0.989815 0.658854 0.022222 0.015625
0 0.995370 0.655208 0.031481 0.014583
0 0.537963 0.463021 0.027778 0.015625
0 0.991667 0.521875 0.018519 0.027083
0 0.997222 0.682813 0.033333 0.014583
0 0.994444 0.381771 0.009259 0.022917
0 0.838889 0.782813 0.031481 0.017708
0 0.644444 0.689063 0.027778 0.017708
0 0.983333 0.446354 0.033333 0.019792
0 0.988889 0.702604 0.020370 0.017708
0 0.901852 0.706250 0.037037 0.021875
0 0.997222 0.527604 0.024074 0.018750
0 0.564815 0.490625 0.024074 0.013542
0 0.913889 0.271875 0.033333 0.019792
0 0.991667 0.735417 0.016667 0.015625
0 0.995370 0.495312 0.007407 0.021875
0 0.994444 0.226562 0.009259 0.018750
0 0.992593 0.768229 0.016667 0.008333
0 0.994444 0.680208 0.009259 0.013542
0 0.989815 0.756250 0.018519 0.019792
0 0.993519 0.534375 0.011111 0.022917
0 0.939815 0.695833 0.057407 0.023958
