0 0.027778 0.351562 0.029630 0.014583
0 0.874074 0.588021 0.035185 0.018750
0 0.015741 0.330729 0.031481 0.017708
0 0.712037 0.506771 0.033333 0.016667
0 0.200926 0.693750 0.033333 0.023958
0 0.279630 0.371354 0.025926 0.012500
0 0.044444 0.367188 0.031481 0.015625
0 0.048148 0.640625 0.031481 0.017708
0 0.539815 0.583333 0.046296 0.026042
0 0.704630 0.284896 0.031481 0.018750
0 0.346296 0.524479 0.040741 0.022917
0 0.233333 0.683854 0.044444 0.023958
0 0.873148 0.541146 0.033333 0.018750
0 0.587963 0.493750 0.042593 0.025000
0 0.853704 0.393750 0.042593 0.023958
0 0.428704 0.740625 0.029630 0.016667
0 0.672222 0.727083 0.035185 0.020833
0 0.875926 0.396875 0.027778 0.018750
0 0.483333 0.769271 0.027778 0.016667
0 0.576852 0.229167 0.040741 0.022917
0 0.729630 0.553125 0.044444 0.023958
0 0.639815 0.730729 0.035185 0.019792
0 0.443519 0.264062 0.029630 0.018750
0 0.103704 0.478646 0.025926 0.013542
0 0.676852 0.295312 0.022222 0.013542
0 0.700926 0.528646 0.035185 0.018750
0 0.768519 0.287500 0.020370 0.014583
0 0.129630 0.264583 0.029630 0.014583
0 0.199074 0.694792 0.031481 0.020833
0 0.346296 0.691146 0.029630 0.016667
0 0.300926 0.439063 0.037037 0.020833
0 0.751852 0.499479 0.022222 0.011458
0 0.106481 0.677604 0.027778 0.014583
0 0.263889 0.781771 0.042593 0.025000
0 0.347222 0.365104 0.040741 0.022917
0 0.160185 0.294792 0.031481 0.016667
0 0.876852 0.352604 0.025926 0.014583
0 0.830556 0.590104 0.035185 0.019792
0 0.690741 0.275521 0.040741 0.023958
0 0.323148 0.657813 0.038889 0.018750
0 0.871296 0.586458 0.038889 0.017708
0 0.898148 0.525000 0.033333 0.019792
0 0.355556 0.717708 0.029630 0.018750
0 0.715741 0.700000 0.042593 0.023958
0 0.379630 0.389062 0.040741 0.021875
0 0.750926 0.514062 0.037037 0.020833
0 0.446296 0.672396 0.035185 0.019792
0 0.396296 0.778646 0.031481 0.018750
0 0.894444 0.574479 0.031481 0.018750
0 0.587037 0.730208 0.040741 0.020833
0 0.825000 0.445833 0.042593 0.023958
0 0.698148 0.262500 0.033333 0.017708
0 0.424074 0.667708 0.035185 0.019792
0 0.324074 0.668750 0.035185 0.014583
0 0.687963 0.560417 0.031481 0.018750
0 0.130556 0.681771 0.029630 0.015625
0 0.696296 0.584375 0.029630 0.015625
0 0.758333 0.295312 0.031481 0.017708
0 0.820370 0.532292 0.037037 0.020833
0 0.454630 0.775521 0.027778 0.015625
0 0.553704 0.555208 0.040741 0.022917
0 0.895370 0.554167 0.029630 0.017708
0 0.168519 0.652083 0.037037 0.018750
0 0.352778 0.679688 0.025926 0.013542
0 0.702778 0.712500 0.029630 0.015625
0 0.281481 0.648958 0.027778 0.015625
0 0.862037 0.584375 0.027778 0.016667
0 0.748148 0.646875 0.024074 0.014583
0 0.852778 0.571875 0.027778 0.016667
0 0.507407 0.224479 0.024074 0.012500
0 0.300000 0.372396 0.022222 0.009375
0 0.357407 0.549479 0.018519 0.011458
0 0.467593 0.456771 0.035185 0.021875
0 0.134259 0.276562 0.024074 0.011458
0 0.743519 0.301563 0.024074 0.016667
0 0.495370 0.640104 0.029630 0.015625
0 0.679630 0.539062 0.029630 0.017708
0 0.652778 0.560937 0.027778 0.017708
0 0.059259 0.451562 0.025926 0.014583
0 0.853704 0.366146 0.027778 0.013542
0 0.838889 0.548958 0.037037 0.019792
