0 0.460185 0.685417 0.025926 0.014583
0 0.166667 0.662500 0.037037 0.019792
0 0.996296 0.453646 0.027778 0.018750
0 0.748148 0.660417 0.033333 0.020833
0 0.161111 0.694271 0.031481 0.017708
0 0.181481 0.669792 0.029630 0.016667
0 0.648148 0.549479 0.022222 0.012500
0 0.840741 0.660417 0.037037 0.019792
0 0.008333 0.383333 0.016667 0.013542
0 0.113889 0.670312 0.038889 0.019792
0 0.662963 0.285938 0.025926 0.013542
0 0.121296 0.695312 0.033333 0.019792
0 0.779630 0.666146 0.040741 0.025000
0 0.389815 0.553646 0.024074 0.013542
0 0.168519 0.646875 0.025926 0.013542
0 0.546296 0.694792 0.035185 0.020833
0 0.987037 0.484896 0.022222 0.012500
0 0.267593 0.346875 0.033333 0.017708
0 0.991667 0.588021 0.012963 0.019792
0 0.000000 0.000000 0.000000 0.000000
0 0.511111 0.650521 0.040741 0.022917
0 0.350000 0.255208 0.018519 0.020833
0 0.257407 0.325521 0.035185 0.017708
0 0.920370 0.216667 0.042593 0.025000
0 0.781481 0.763021 0.027778 0.016667
0 1.000926 0.375521 0.031481 0.022917
0 0.992593 0.721875 0.012963 0.019792
0 0.735185 0.734896 0.031481 0.016667
0 0.987963 0.398438 0.020370 0.022917
0 0.975000 0.487500 0.044444 0.025000
0 0.992593 0.550521 0.011111 0.017708
0 0.577778 0.682292 0.040741 0.022917
0 0.672222 0.519271 0.040741 0.021875
0 0.987037 0.272917 0.031481 0.015625
0 0.884259 0.576562 0.050000 0.027083
0 0.302778 0.639583 0.029630 0.017708
0 0.283333 0.361979 0.027778 0.016667
0 0.316667 0.475000 0.025926 0.014583
0 0.985185 0.518229 0.027778 0.017708
0 0.448148 0.261979 0.031481 0.018750
0 0.547222 0.693750 0.038889 0.022917
0 0.559259 0.780729 0.037037 0.021875
0 0.662963 0.687500 0.031481 0.017708
0 0.632407 0.433854 0.037037 0.021875
0 0.364815 0.675521 0.024074 0.016667
0 0.726852 0.358333 0.040741 0.023958
0 0.460185 0.292187 0.025926 0.013542
0 0.988889 0.335417 0.029630 0.017708
0 0.995370 0.597917 0.007407 0.021875
0 0.992593 0.266667 0.012963 0.022917
0 0.664815 0.654167 0.037037 0.019792
0 0.987037 0.589583 0.025926 0.020833
0 1.004630 0.502604 0.051852 0.025000
0 0.664815 0.714063 0.031481 0.018750
0 0.993519 0.689583 0.011111 0.020833
0 0.754630 0.380729 0.044444 0.022917
0 0.995370 0.488021 0.005556 0.018750
0 0.779630 0.665625 0.040741 0.025000
0 0.700926 0.773438 0.031481 0.017708
0 0.993519 0.594271 0.012963 0.020833
0 0.939815 0.723437 0.042593 0.022917
0 0.995370 0.415625 0.005556 0.015625
0 1.003704 0.259896 0.025926 0.015625
0 0.748148 0.660937 0.035185 0.020833
0 0.659259 0.665104 0.035185 0.016667
0 0.993519 0.547917 0.025926 0.018750
0 0.392593 0.680208 0.029630 0.016667
0 1.007407 0.573438 0.025926 0.016667
0 0.983333 0.281250 0.025926 0.015625
0 0.993519 0.515104 0.011111 0.019792
0 0.753704 0.771354 0.025926 0.014583
0 0.920370 0.548438 0.040741 0.022917
0 0.410185 0.673958 0.020370 0.012500
0 0.991667 0.697917 0.027778 0.016667
0 0.626852 0.645833 0.022222 0.015625
0 0.991667 0.578125 0.016667 0.018750
0 0.993519 0.544271 0.033333 0.018750
0 0.651852 0.538021 0.029630 0.015625
0 0.303704 0.304688 0.018519 0.009375
0 1.002778 0.287500 0.022222 0.014583
0 0.847222 0.634896 0.033333 0.015625
0 0.280556 0.447396 0.027778 0.016667
0 0.990741 0.545833 0.016667 0.026042
0 0.659259 0.253125 0.029630 0.019792
0 0.980556 0.722917 0.031481 0.018750
0 0.995370 0.539062 0.007407 0.020833
