0 0.304630 0.714063 0.035185 0.020833
0 0.292593 0.553646 0.022222 0.012500
0 0.728704 0.343229 0.031481 0.017708
0 0.097222 0.448958 0.025926 0.010417
0 0.336111 0.156250 0.022222 0.014583
0 0.884259 0.510417 0.024074 0.013542
0 0.076852 0.415625 0.037037 0.020833
0 0.088889 0.541146 0.029630 0.014583
0 0.110185 0.537500 0.035185 0.017708
0 0.449074 0.517708 0.016667 0.010417
0 0.141667 0.534896 0.029630 0.016667
0 0.535185 0.483854 0.022222 0.014583
0 0.466667 0.284896 0.033333 0.020833
0 0.170370 0.246875 0.033333 0.020833
0 0.171296 0.246354 0.033333 0.018750
0 0.173148 0.534375 0.035185 0.019792
0 0.972222 0.716146 0.029630 0.013542
0 0.222222 0.214583 0.035185 0.021875
0 0.966667 0.430208 0.024074 0.013542
0 0.202778 0.264583 0.031481 0.017708
0 0.330556 0.138542 0.024074 0.013542
0 0.247222 0.430208 0.035185 0.019792
0 0.248148 0.444792 0.035185 0.017708
0 0.207407 0.535417 0.031481 0.018750
0 0.285185 0.702604 0.027778 0.017708
0 0.281481 0.318750 0.031481 0.015625
0 0.255556 0.320312 0.027778 0.016667
0 0.455556 0.232292 0.031481 0.017708
0 0.447222 0.273958 0.031481 0.017708
0 0.273148 0.443750 0.025926 0.016667
0 0.222222 0.513542 0.014815 0.009375
0 0.258333 0.706771 0.029630 0.019792
0 0.323148 0.151562 0.022222 0.014583
0 0.645370 0.368229 0.035185 0.017708
0 0.281481 0.605729 0.029630 0.017708
0 0.324074 0.151042 0.024074 0.014583
0 0.231481 0.523438 0.022222 0.012500
0 0.255556 0.486979 0.029630 0.017708
0 0.366667 0.421354 0.048148 0.029167
0 0.313889 0.684375 0.033333 0.021875
0 0.252778 0.521354 0.025926 0.015625
0 0.377778 0.449479 0.048148 0.027083
0 0.406481 0.433854 0.044444 0.028125
0 0.366667 0.583854 0.014815 0.018750
0 0.439815 0.692187 0.031481 0.018750
0 0.439815 0.452604 0.048148 0.026042
0 0.440741 0.671354 0.033333 0.020833
0 0.380556 0.553125 0.031481 0.014583
0 0.460185 0.708333 0.031481 0.021875
0 0.407407 0.719792 0.027778 0.015625
0 0.437963 0.286458 0.025926 0.013542
0 0.422222 0.729167 0.035185 0.019792
0 0.611111 0.589583 0.018519 0.010417
0 0.880556 0.306250 0.022222 0.014583
0 0.525000 0.690625 0.025926 0.012500
0 0.600000 0.502604 0.029630 0.018750
0 0.995370 0.308854 0.005556 0.016667
0 0.592593 0.480729 0.027778 0.019792
0 0.866667 0.303125 0.040741 0.026042
0 0.816667 0.575521 0.020370 0.013542
0 0.975926 0.187500 0.011111 0.007292
0 0.987037 0.308333 0.024074 0.015625
0 0.764815 0.707292 0.018519 0.010417
0 0.875000 0.307292 0.029630 0.012500
0 0.886111 0.303646 0.029630 0.015625
0 0.982407 0.705208 0.031481 0.015625
0 0.884259 0.291146 0.022222 0.012500
0 0.993519 0.390625 0.014815 0.009375
0 0.817593 0.577604 0.012963 0.006250
0 0.870370 0.511458 0.025926 0.014583
0 0.918519 0.308854 0.024074 0.013542
0 0.868519 0.576042 0.025926 0.013542
0 0.912963 0.301042 0.024074 0.013542
0 0.916667 0.507812 0.029630 0.016667
0 0.925000 0.480729 0.016667 0.009375
0 0.868519 0.576042 0.025926 0.013542
0 0.915741 0.507292 0.027778 0.015625
0 0.934259 0.280729 0.024074 0.014583
0 0.920370 0.496875 0.018519 0.012500
0 0.886111 0.303646 0.029630 0.015625
0 0.951852 0.496875 0.025926 0.014583
0 0.894444 0.311979 0.022222 0.012500
0 0.942593 0.484896 0.025926 0.014583
0 0.883333 0.322396 0.024074 0.014583
0 0.986111 0.474479 0.018519 0.009375
0 0.987037 0.308333 0.025926 0.014583
0 0.995370 0.460938 0.005556 0.013542
0 0.987963 0.308333 0.022222 0.015625
0 0.996296 0.397917 0.005556 0.017708
