0 0.123148 0.513021 0.016667 0.009375
0 0.346296 0.232292 0.029630 0.016667
0 0.336111 0.273438 0.027778 0.016667
0 0.154630 0.442708 0.029630 0.016667
0 0.151852 0.704167 0.031481 0.017708
0 0.197222 0.153646 0.025926 0.014583
0 0.530556 0.368229 0.033333 0.017708
0 0.170370 0.604167 0.031481 0.017708
0 0.191667 0.710417 0.035185 0.020833
0 0.212963 0.158333 0.024074 0.014583
0 0.142593 0.520833 0.024074 0.013542
0 0.157407 0.485417 0.031481 0.016667
0 0.237963 0.421875 0.048148 0.028125
0 0.201852 0.680729 0.035185 0.020833
0 0.737963 0.308854 0.022222 0.014583
0 0.485185 0.586979 0.018519 0.010417
0 0.323148 0.724479 0.035185 0.020833
0 0.329630 0.286979 0.033333 0.016667
0 0.720370 0.341667 0.025926 0.015625
0 0.302778 0.715104 0.025926 0.015625
0 0.357407 0.629687 0.029630 0.015625
0 0.340741 0.704688 0.033333 0.021875
0 0.164815 0.518229 0.024074 0.014583
0 0.250000 0.450000 0.048148 0.026042
0 0.275926 0.434896 0.044444 0.028125
0 0.272222 0.550521 0.029630 0.013542
0 0.261111 0.581250 0.014815 0.018750
0 0.318519 0.689583 0.033333 0.018750
0 0.312037 0.452604 0.046296 0.026042
0 0.319444 0.668229 0.033333 0.019792
0 0.997222 0.473958 0.003704 0.008333
0 0.993519 0.681771 0.011111 0.014583
0 0.995370 0.661979 0.005556 0.011458
0 0.994444 0.639583 0.007407 0.014583
0 0.997222 0.670312 0.003704 0.015625
0 0.996296 0.391667 0.007407 0.017708
0 0.987963 0.662500 0.022222 0.027083
0 0.930556 0.306250 0.025926 0.015625
0 0.993519 0.483854 0.011111 0.016667
0 0.881481 0.307812 0.024074 0.014583
0 0.871296 0.471875 0.020370 0.011458
0 0.784259 0.320833 0.022222 0.014583
0 0.838889 0.482292 0.022222 0.013542
0 0.787037 0.310937 0.022222 0.014583
0 0.849074 0.493750 0.024074 0.014583
0 0.996296 0.662500 0.007407 0.019792
0 0.776852 0.305729 0.022222 0.012500
0 0.812963 0.492708 0.020370 0.012500
0 0.826852 0.280208 0.024074 0.015625
0 0.807407 0.504167 0.027778 0.015625
0 0.762963 0.570833 0.024074 0.013542
0 0.816667 0.478646 0.018519 0.010417
0 0.809259 0.504167 0.027778 0.015625
0 0.810185 0.299479 0.024074 0.013542
0 0.763889 0.571875 0.024074 0.014583
0 0.819444 0.306771 0.024074 0.013542
0 0.775000 0.507292 0.031481 0.013542
0 0.862963 0.486979 0.024074 0.013542
0 0.690741 0.565625 0.016667 0.007292
0 0.946296 0.390104 0.014815 0.009375
0 0.765741 0.293229 0.024074 0.012500
0 0.850000 0.698958 0.029630 0.016667
0 0.765741 0.307292 0.031481 0.019792
0 0.727778 0.309896 0.031481 0.012500
0 0.623148 0.701562 0.020370 0.010417
0 0.881481 0.307812 0.024074 0.014583
0 0.868519 0.186979 0.011111 0.007292
0 0.687963 0.570833 0.018519 0.012500
0 0.721296 0.307292 0.035185 0.022917
0 0.997222 0.626042 0.024074 0.017708
0 0.482407 0.478646 0.027778 0.016667
0 0.904630 0.306250 0.025926 0.014583
0 0.485185 0.501563 0.029630 0.017708
0 0.997222 0.460417 0.014815 0.010417
0 0.406481 0.686458 0.027778 0.013542
0 0.008333 0.536458 0.016667 0.017708
0 0.368519 0.513542 0.020370 0.012500
0 0.040741 0.533854 0.027778 0.015625
0 0.425000 0.481771 0.020370 0.013542
0 0.360185 0.283333 0.035185 0.021875
0 0.076852 0.242188 0.018519 0.017708
0 0.072222 0.245312 0.031481 0.021875
0 0.070370 0.533333 0.037037 0.019792
0 0.831481 0.709375 0.027778 0.013542
0 0.108333 0.215625 0.037037 0.021875
0 0.869444 0.427604 0.024074 0.015625
0 0.103704 0.264062 0.031481 0.018750
0 0.205556 0.140625 0.024074 0.013542
0 0.125000 0.430208 0.035185 0.020833
0 0.130556 0.444271 0.037037 0.017708
0 0.104630 0.533333 0.031481 0.018750
0 0.173148 0.700000 0.027778 0.017708
0 0.182407 0.317188 0.031481 0.014583
0 0.159259 0.318750 0.029630 0.018750
