0 0.550000 0.202083 0.011111 0.007292
0 0.563889 0.321354 0.018519 0.013542
0 0.990741 0.327083 0.014815 0.014583
0 0.249074 0.359375 0.027778 0.015625
0 0.250926 0.715104 0.031481 0.013542
0 0.275000 0.557292 0.029630 0.017708
0 0.996296 0.551042 0.007407 0.012500
0 0.990741 0.702083 0.018519 0.016667
0 0.316667 0.327604 0.029630 0.017708
0 0.354630 0.322917 0.031481 0.017708
0 0.390741 0.714583 0.029630 0.017708
0 0.011111 0.602604 0.020370 0.009375
0 0.337963 0.324479 0.025926 0.016667
0 0.019444 0.704167 0.033333 0.019792
0 0.974074 0.472396 0.027778 0.011458
0 0.081481 0.516667 0.031481 0.015625
0 0.579630 0.320312 0.024074 0.013542
0 0.078704 0.478646 0.024074 0.009375
0 0.956481 0.657813 0.029630 0.016667
0 0.301852 0.322917 0.022222 0.015625
0 0.391667 0.585417 0.022222 0.014583
0 0.993519 0.275000 0.011111 0.016667
0 0.363889 0.309375 0.029630 0.016667
0 0.612037 0.405729 0.024074 0.012500
0 0.373148 0.577083 0.024074 0.016667
0 0.562963 0.500000 0.018519 0.010417
0 0.440741 0.520833 0.029630 0.015625
0 0.424074 0.576042 0.025926 0.011458
0 0.996296 0.436979 0.005556 0.015625
0 0.530556 0.321875 0.022222 0.012500
0 0.419444 0.584375 0.024074 0.014583
0 0.520370 0.313021 0.024074 0.014583
0 0.995370 0.725521 0.007407 0.022917
0 0.994444 0.604167 0.025926 0.011458
0 0.456481 0.517708 0.029630 0.015625
0 0.994444 0.527604 0.009259 0.010417
0 0.486111 0.491667 0.022222 0.012500
0 0.421296 0.584375 0.025926 0.014583
0 0.993519 0.693750 0.011111 0.015625
0 0.457407 0.517708 0.025926 0.015625
0 0.465741 0.513021 0.018519 0.012500
0 0.498148 0.294271 0.024074 0.015625
0 0.488889 0.506250 0.024074 0.014583
0 0.477778 0.320833 0.025926 0.013542
0 0.995370 0.698958 0.005556 0.018750
0 0.527778 0.506250 0.024074 0.013542
0 0.498148 0.324479 0.022222 0.013542
0 0.525000 0.496354 0.022222 0.010417
0 0.500926 0.334375 0.020370 0.012500
0 0.992593 0.761979 0.016667 0.037500
0 0.553704 0.484375 0.022222 0.011458
0 0.564815 0.321875 0.020370 0.013542
0 0.996296 0.280208 0.003704 0.016667
0 0.637963 0.497917 0.025926 0.015625
0 0.608333 0.319792 0.022222 0.015625
0 0.918519 0.689063 0.035185 0.019792
0 0.690741 0.409896 0.027778 0.017708
0 0.637963 0.426042 0.020370 0.010417
0 0.996296 0.516667 0.003704 0.018750
0 0.993519 0.711458 0.016667 0.018750
0 0.966667 0.738021 0.035185 0.019792
0 0.996296 0.541146 0.020370 0.011458
0 0.996296 0.667188 0.022222 0.013542
0 0.993519 0.736458 0.012963 0.020833
0 0.991667 0.723437 0.014815 0.020833
0 0.994444 0.365104 0.009259 0.015625
0 0.993519 0.316146 0.012963 0.014583
0 0.993519 0.682813 0.012963 0.016667
0 0.992593 0.390625 0.007407 0.013542
0 0.993519 0.744792 0.009259 0.020833
0 0.995370 0.406771 0.009259 0.015625
0 0.992593 0.679688 0.012963 0.016667
0 0.994444 0.601562 0.011111 0.026042
0 0.988889 0.818750 0.018519 0.031250
0 0.990741 0.253646 0.018519 0.010417
0 0.990741 0.755729 0.016667 0.022917
0 0.996296 0.723437 0.005556 0.014583
0 0.994444 0.711979 0.009259 0.014583
0 0.993519 0.772396 0.012963 0.015625
0 0.999074 0.436458 0.000000 0.000000
0 0.991667 0.601042 0.014815 0.028125
0 0.995370 0.597396 0.009259 0.019792
0 0.991667 0.722396 0.012963 0.020833
0 0.992593 0.489063 0.012963 0.016667
0 0.996296 0.512500 0.007407 0.018750
