0 0.997222 0.668750 0.003704 0.015625
0 0.995370 0.390104 0.005556 0.017708
0 0.987963 0.663021 0.022222 0.027083
0 0.861111 0.309896 0.024074 0.014583
0 0.852778 0.473438 0.020370 0.011458
0 0.908333 0.307812 0.024074 0.014583
0 0.981481 0.485938 0.029630 0.015625
0 0.997222 0.474479 0.003704 0.008333
0 0.993519 0.681250 0.011111 0.014583
0 0.995370 0.662500 0.005556 0.011458
0 0.994444 0.642188 0.009259 0.014583
0 0.337037 0.632812 0.031481 0.015625
0 0.050926 0.535937 0.037037 0.019792
0 0.809259 0.710938 0.029630 0.014583
0 0.086111 0.219792 0.037037 0.021875
0 0.851852 0.428646 0.024074 0.014583
0 0.084259 0.267188 0.031481 0.017708
0 0.182407 0.144792 0.024074 0.013542
0 0.102778 0.433333 0.035185 0.019792
0 0.108333 0.447917 0.035185 0.017708
0 0.086111 0.536979 0.033333 0.018750
0 0.152778 0.703125 0.025926 0.016667
0 0.163889 0.320833 0.029630 0.015625
0 0.139815 0.322396 0.027778 0.018750
0 0.323148 0.235417 0.031481 0.015625
0 0.315741 0.277083 0.029630 0.015625
0 0.133333 0.446354 0.029630 0.017708
0 0.104630 0.517188 0.016667 0.009375
0 0.132407 0.707812 0.029630 0.017708
0 0.173148 0.157812 0.025926 0.014583
0 0.522222 0.372917 0.025926 0.019792
0 0.151852 0.607812 0.031481 0.017708
0 0.172222 0.714063 0.035185 0.020833
0 0.188889 0.162500 0.022222 0.014583
0 0.125926 0.523958 0.024074 0.012500
0 0.138889 0.488542 0.033333 0.016667
0 0.213889 0.425521 0.048148 0.028125
0 0.183333 0.684375 0.035185 0.021875
0 0.148148 0.521875 0.025926 0.014583
0 0.227778 0.453646 0.048148 0.025000
0 0.252778 0.438021 0.046296 0.028125
0 0.241667 0.584375 0.014815 0.019792
0 0.763889 0.322396 0.024074 0.015625
0 0.299074 0.692187 0.033333 0.018750
0 0.820370 0.483333 0.022222 0.012500
0 0.767593 0.313542 0.020370 0.013542
0 0.829630 0.495312 0.024074 0.014583
0 0.996296 0.664062 0.007407 0.019792
0 0.753704 0.308333 0.020370 0.011458
0 0.793519 0.494271 0.020370 0.012500
0 0.804630 0.282292 0.024074 0.013542
0 0.787037 0.505729 0.027778 0.015625
0 0.744444 0.572396 0.024074 0.013542
0 0.797222 0.480208 0.018519 0.010417
0 0.788889 0.506250 0.025926 0.015625
0 0.794444 0.302604 0.027778 0.014583
0 0.745370 0.572917 0.024074 0.013542
0 0.799074 0.308854 0.024074 0.014583
0 0.755556 0.508854 0.031481 0.013542
0 0.844444 0.488021 0.024074 0.013542
0 0.671296 0.567708 0.016667 0.008333
0 0.924074 0.391667 0.016667 0.009375
0 0.742593 0.296354 0.024074 0.012500
0 0.828704 0.700000 0.029630 0.013542
0 0.743519 0.310417 0.031481 0.019792
0 0.703704 0.312500 0.029630 0.012500
0 0.698148 0.543229 0.024074 0.014583
0 0.600000 0.703646 0.020370 0.011458
0 0.860185 0.309375 0.024074 0.013542
0 0.846296 0.190104 0.011111 0.008333
0 0.667593 0.572396 0.018519 0.012500
0 0.693519 0.309896 0.033333 0.021875
0 0.997222 0.629167 0.024074 0.017708
0 0.462037 0.481250 0.025926 0.014583
0 0.884259 0.308333 0.025926 0.014583
0 0.464815 0.504167 0.029630 0.017708
0 0.996296 0.457292 0.014815 0.010417
0 0.386111 0.689063 0.027778 0.013542
0 0.715741 0.311979 0.020370 0.014583
0 0.462963 0.589583 0.018519 0.010417
0 0.306481 0.727604 0.035185 0.019792
0 0.308333 0.290625 0.031481 0.017708
0 0.693519 0.344271 0.025926 0.015625
0 0.285185 0.718750 0.025926 0.015625
0 0.320370 0.707292 0.035185 0.021875
0 0.253704 0.553646 0.029630 0.013542
0 0.299074 0.671875 0.033333 0.020833
0 0.288889 0.455729 0.046296 0.025000
0 0.353704 0.515625 0.018519 0.012500
0 0.021296 0.536979 0.025926 0.015625
0 0.405556 0.484896 0.022222 0.012500
0 0.340741 0.286458 0.035185 0.019792
0 0.057407 0.245312 0.020370 0.016667
0 0.052778 0.248958 0.031481 0.020833
