0 0.991667 0.574479 0.016667 0.018750
0 0.680556 0.644271 0.024074 0.015625
0 0.996296 0.688542 0.035185 0.020833
0 0.453704 0.673438 0.020370 0.013542
0 0.971296 0.545833 0.042593 0.022917
0 0.799074 0.768229 0.024074 0.013542
0 0.993519 0.526042 0.011111 0.019792
0 1.003704 0.277604 0.025926 0.016667
0 1.007407 0.569792 0.029630 0.018750
0 0.990741 0.540625 0.016667 0.026042
0 0.316667 0.447917 0.027778 0.015625
0 0.899074 0.631250 0.031481 0.015625
0 1.002778 0.292187 0.022222 0.015625
0 0.698148 0.536458 0.027778 0.015625
0 0.436111 0.679167 0.029630 0.015625
0 0.993519 0.534896 0.031481 0.018750
0 1.005556 0.536458 0.027778 0.020833
0 0.711111 0.663021 0.035185 0.015625
0 0.711111 0.711979 0.033333 0.019792
0 0.994444 0.674479 0.011111 0.021875
0 0.806481 0.380208 0.042593 0.023958
0 0.996296 0.478646 0.005556 0.018750
0 0.829630 0.662500 0.037037 0.025000
0 0.747222 0.770312 0.031481 0.018750
0 0.993519 0.593750 0.012963 0.020833
0 0.983333 0.718750 0.031481 0.020833
0 0.996296 0.411458 0.005556 0.015625
0 1.003704 0.266667 0.027778 0.015625
0 0.795370 0.657292 0.035185 0.020833
0 0.991667 0.589063 0.012963 0.019792
0 0.716667 0.652083 0.037037 0.019792
0 0.985185 0.590104 0.025926 0.020833
0 1.005556 0.498437 0.062963 0.030208
0 0.565741 0.648958 0.042593 0.023958
0 0.375000 0.266667 0.027778 0.014583
0 0.296296 0.327083 0.033333 0.016667
0 0.500000 0.684375 0.025926 0.014583
0 0.987963 0.388542 0.020370 0.022917
0 0.866667 0.659896 0.027778 0.015625
0 0.687963 0.547917 0.020370 0.012500
0 0.227778 0.670312 0.029630 0.014583
0 0.780556 0.732292 0.031481 0.017708
0 0.992593 0.704167 0.011111 0.017708
0 1.000926 0.368750 0.033333 0.023958
0 0.825926 0.759896 0.027778 0.015625
0 0.304630 0.348438 0.033333 0.015625
0 0.943519 0.257812 0.035185 0.018750
0 0.962963 0.217708 0.040741 0.022917
0 0.995370 0.529167 0.007407 0.020833
0 0.990741 0.727083 0.016667 0.016667
0 0.688889 0.254167 0.031481 0.018750
0 0.351852 0.476042 0.024074 0.014583
0 0.998148 0.515104 0.024074 0.018750
0 0.504630 0.264583 0.033333 0.019792
0 0.600926 0.691667 0.037037 0.022917
0 0.710185 0.685417 0.029630 0.017708
0 0.681481 0.433333 0.035185 0.021875
0 0.408333 0.674479 0.027778 0.016667
0 0.608333 0.778646 0.035185 0.021875
0 0.779630 0.358333 0.040741 0.025000
0 0.987963 0.335417 0.029630 0.017708
0 0.000000 0.000000 0.000000 0.000000
0 0.995370 0.590104 0.007407 0.023958
0 0.993519 0.489063 0.011111 0.021875
0 0.992593 0.540104 0.011111 0.017708
0 0.631481 0.678646 0.042593 0.022917
0 0.718519 0.518229 0.040741 0.022917
0 0.987963 0.272396 0.031481 0.015625
0 0.931481 0.573958 0.048148 0.027083
0 0.345370 0.639062 0.029630 0.016667
0 0.322222 0.363542 0.027778 0.014583
0 0.600926 0.691146 0.037037 0.021875
0 0.993519 0.480729 0.020370 0.012500
0 1.007407 0.453125 0.027778 0.017708
0 0.219444 0.646875 0.022222 0.012500
0 0.427778 0.554167 0.022222 0.013542
0 0.829630 0.662500 0.038889 0.023958
0 0.170370 0.695312 0.033333 0.019792
0 0.685185 0.286458 0.020370 0.013542
0 0.166667 0.670312 0.037037 0.019792
0 0.039815 0.384896 0.016667 0.012500
0 0.432407 0.500000 0.020370 0.011458
0 0.208333 0.693750 0.029630 0.017708
0 0.798148 0.657813 0.031481 0.020833
0 0.218519 0.661458 0.035185 0.020833
