0 0.389815 0.582292 0.018519 0.010417
0 0.630556 0.298438 0.035185 0.015625
0 0.320370 0.682813 0.027778 0.013542
0 0.981481 0.447396 0.016667 0.010417
0 0.396296 0.495833 0.031481 0.017708
0 0.816667 0.292187 0.024074 0.014583
0 0.394444 0.472396 0.031481 0.016667
0 0.997222 0.623958 0.024074 0.017708
0 0.601852 0.295833 0.031481 0.019792
0 0.614815 0.561979 0.022222 0.014583
0 0.775000 0.172917 0.011111 0.008333
0 0.794444 0.294271 0.022222 0.013542
0 0.528704 0.692708 0.022222 0.011458
0 0.625000 0.532292 0.025926 0.015625
0 0.625000 0.298958 0.037037 0.015625
0 0.665741 0.295833 0.031481 0.019792
0 0.762963 0.686458 0.029630 0.016667
0 0.664815 0.281771 0.024074 0.012500
0 0.855556 0.376563 0.016667 0.010417
0 0.608333 0.556250 0.016667 0.008333
0 0.786111 0.474479 0.024074 0.013542
0 0.695370 0.496875 0.031481 0.013542
0 0.737037 0.294792 0.022222 0.014583
0 0.687963 0.560417 0.024074 0.013542
0 0.735185 0.286979 0.022222 0.010417
0 0.726852 0.492708 0.027778 0.015625
0 0.736111 0.467187 0.020370 0.011458
0 0.687037 0.560417 0.025926 0.013542
0 0.726852 0.492708 0.027778 0.015625
0 0.737963 0.266146 0.024074 0.013542
0 0.732407 0.480729 0.020370 0.013542
0 0.684259 0.295312 0.022222 0.012500
0 0.996296 0.666667 0.007407 0.018750
0 0.772222 0.481250 0.024074 0.014583
0 0.705556 0.299479 0.020370 0.012500
0 0.760185 0.469792 0.022222 0.013542
0 0.702778 0.309896 0.020370 0.013542
0 0.795370 0.459375 0.020370 0.011458
0 0.796296 0.294792 0.024074 0.014583
0 0.917593 0.470833 0.027778 0.015625
0 0.843519 0.291667 0.024074 0.015625
0 0.988889 0.666667 0.022222 0.026042
0 0.983333 0.380729 0.031481 0.017708
0 0.997222 0.494792 0.003704 0.017708
0 0.991667 0.653125 0.014815 0.015625
0 0.997222 0.664062 0.003704 0.015625
0 0.995370 0.725521 0.005556 0.016667
0 0.993519 0.647396 0.007407 0.015625
0 0.995370 0.663542 0.007407 0.013542
0 0.996296 0.448437 0.007407 0.020833
0 0.992593 0.686458 0.011111 0.014583
0 0.997222 0.470833 0.003704 0.008333
0 0.084259 0.604688 0.031481 0.017708
0 0.002778 0.532813 0.005556 0.018750
0 0.737963 0.697396 0.029630 0.013542
0 0.006481 0.213542 0.012963 0.023958
0 0.795370 0.414583 0.024074 0.013542
0 0.010185 0.262500 0.020370 0.018750
0 0.080556 0.136979 0.025926 0.014583
0 0.020370 0.430208 0.038889 0.020833
0 0.026852 0.444271 0.037037 0.018750
0 0.021296 0.534896 0.035185 0.018750
0 0.088889 0.700521 0.027778 0.016667
0 0.092593 0.314583 0.033333 0.015625
0 0.068519 0.316146 0.029630 0.017708
0 0.242593 0.226042 0.029630 0.016667
0 0.237963 0.268229 0.029630 0.017708
0 0.052778 0.443229 0.031481 0.017708
0 0.043519 0.516146 0.016667 0.010417
0 0.073148 0.704688 0.031481 0.018750
0 0.070370 0.150000 0.025926 0.014583
0 0.437963 0.362500 0.033333 0.020833
0 0.108333 0.710938 0.035185 0.021875
0 0.089815 0.153646 0.024074 0.014583
0 0.069444 0.521354 0.024074 0.014583
0 0.075000 0.485417 0.035185 0.017708
0 0.125926 0.420312 0.051852 0.028125
0 0.118519 0.681250 0.037037 0.022917
0 0.091667 0.518750 0.025926 0.014583
0 0.141667 0.448958 0.050000 0.026042
0 0.164815 0.432812 0.046296 0.028125
0 0.178704 0.579167 0.014815 0.018750
0 0.228704 0.687500 0.031481 0.017708
0 0.205556 0.450000 0.046296 0.025000
0 0.229630 0.666667 0.033333 0.020833
0 0.186111 0.548958 0.027778 0.013542
0 0.253704 0.701562 0.035185 0.021875
0 0.268519 0.626563 0.033333 0.016667
0 0.228704 0.713542 0.025926 0.016667
0 0.599074 0.332813 0.025926 0.015625
0 0.232407 0.282813 0.031481 0.016667
0 0.254630 0.721354 0.035185 0.020833
