0 1.001852 0.700521 0.018519 0.016667
0 0.558333 0.490104 0.020370 0.011458
0 0.384259 0.568750 0.020370 0.015625
0 0.618519 0.395313 0.024074 0.013542
0 0.375000 0.296875 0.027778 0.016667
0 0.423148 0.705208 0.029630 0.016667
0 0.367593 0.310417 0.031481 0.019792
0 0.328704 0.315625 0.029630 0.017708
0 0.996296 0.555208 0.007407 0.012500
0 0.295370 0.549479 0.025926 0.015625
0 0.268519 0.708854 0.027778 0.014583
0 0.273148 0.351562 0.031481 0.016667
0 0.991667 0.320833 0.014815 0.013542
0 0.570370 0.309896 0.022222 0.014583
0 0.548148 0.190104 0.011111 0.007292
0 0.403704 0.576562 0.024074 0.014583
0 0.314815 0.310937 0.022222 0.017708
0 0.979630 0.643229 0.033333 0.018750
0 0.108333 0.485417 0.031481 0.014583
0 0.585185 0.308333 0.024074 0.014583
0 0.099074 0.507812 0.033333 0.017708
0 0.982407 0.459375 0.029630 0.013542
0 0.037963 0.696354 0.037037 0.020833
0 0.350000 0.312500 0.027778 0.017708
0 0.037037 0.595313 0.020370 0.009375
0 0.531481 0.309896 0.022222 0.013542
0 0.437963 0.575521 0.025926 0.014583
0 0.523148 0.302083 0.024074 0.014583
0 0.995370 0.738021 0.007407 0.022917
0 0.453704 0.511458 0.027778 0.012500
0 0.996296 0.443750 0.005556 0.015625
0 0.993519 0.676042 0.012963 0.016667
0 0.472222 0.507292 0.027778 0.015625
0 0.994444 0.526042 0.009259 0.011458
0 0.498148 0.481771 0.022222 0.012500
0 0.437963 0.575521 0.025926 0.013542
0 0.993519 0.696354 0.011111 0.015625
0 0.472222 0.507292 0.027778 0.015625
0 0.483333 0.504167 0.018519 0.012500
0 0.501852 0.282813 0.024074 0.016667
0 0.500000 0.496354 0.024074 0.014583
0 0.479630 0.310417 0.025926 0.014583
0 0.995370 0.694271 0.005556 0.018750
0 0.539815 0.496354 0.024074 0.014583
0 0.500000 0.313542 0.022222 0.012500
0 0.536111 0.485938 0.024074 0.011458
0 0.501852 0.324479 0.020370 0.012500
0 0.991667 0.757292 0.016667 0.040625
0 0.564815 0.474479 0.022222 0.012500
0 0.569444 0.310417 0.020370 0.014583
0 0.997222 0.271875 0.005556 0.015625
0 0.654630 0.486979 0.027778 0.015625
0 0.613889 0.308333 0.022222 0.015625
0 0.943519 0.675521 0.033333 0.020833
0 0.704630 0.397917 0.031481 0.017708
0 0.653704 0.424479 0.020370 0.010417
0 0.991667 0.589583 0.016667 0.028125
0 0.997222 0.514062 0.003704 0.017708
0 0.990741 0.695833 0.016667 0.017708
0 0.988889 0.722396 0.024074 0.019792
0 0.995370 0.527604 0.020370 0.011458
0 0.987963 0.668229 0.022222 0.012500
0 0.996296 0.731250 0.007407 0.017708
0 0.991667 0.723958 0.014815 0.020833
0 0.994444 0.362500 0.009259 0.015625
0 0.993519 0.321875 0.012963 0.014583
0 0.970370 0.384896 0.009259 0.013542
0 0.993519 0.748958 0.009259 0.019792
0 0.995370 0.406250 0.009259 0.015625
0 0.992593 0.684896 0.012963 0.017708
0 0.994444 0.591667 0.011111 0.027083
0 0.993519 0.275521 0.011111 0.015625
0 0.996296 0.510938 0.007407 0.020833
0 0.996296 0.728646 0.005556 0.014583
0 0.994444 0.725521 0.009259 0.014583
0 0.993519 0.768750 0.012963 0.016667
0 0.995370 0.588542 0.009259 0.019792
0 0.987963 0.722917 0.022222 0.019792
0 0.997222 0.475521 0.003704 0.012500
0 0.999074 0.435937 0.000000 0.000000
