0 0.009259 0.672396 0.018519 0.020833
0 0.592593 0.286458 0.024074 0.012500
0 0.016667 0.697396 0.033333 0.018750
0 0.973148 0.642708 0.025926 0.014583
0 0.988889 0.552083 0.035185 0.019792
0 0.540741 0.540104 0.027778 0.015625
0 0.210185 0.304688 0.018519 0.009375
0 0.908333 0.286979 0.022222 0.015625
0 0.724074 0.638542 0.035185 0.016667
0 0.859259 0.533333 0.025926 0.014583
0 0.195370 0.446875 0.025926 0.015625
0 0.987037 0.540625 0.024074 0.026042
0 0.989815 0.579688 0.018519 0.020833
0 0.918519 0.283333 0.025926 0.017708
0 0.423148 0.698438 0.035185 0.022917
0 0.550926 0.691667 0.029630 0.017708
0 0.515741 0.435417 0.037037 0.020833
0 0.988889 0.493229 0.022222 0.011458
0 0.270370 0.677604 0.027778 0.016667
0 0.455556 0.784896 0.042593 0.022917
0 0.593519 0.360417 0.042593 0.025000
0 0.353704 0.282292 0.027778 0.014583
0 0.985185 0.334375 0.029630 0.017708
0 0.996296 0.584896 0.007407 0.020833
0 0.918519 0.264583 0.038889 0.025000
0 0.543519 0.658333 0.037037 0.020833
0 0.987963 0.587500 0.024074 0.018750
0 0.995370 0.509375 0.005556 0.018750
0 0.556481 0.718229 0.033333 0.018750
0 0.934259 0.695833 0.042593 0.025000
0 0.622222 0.383333 0.046296 0.022917
0 0.985185 0.507812 0.029630 0.021875
0 0.662963 0.671354 0.040741 0.020833
0 0.594444 0.778125 0.029630 0.018750
0 0.993519 0.580208 0.011111 0.019792
0 0.818519 0.729167 0.044444 0.020833
0 0.996296 0.431771 0.007407 0.017708
0 0.926852 0.251563 0.027778 0.015625
0 0.636111 0.664583 0.035185 0.019792
0 0.540741 0.669271 0.035185 0.014583
0 0.871296 0.553646 0.022222 0.017708
0 0.297222 0.682813 0.029630 0.016667
0 0.893519 0.578125 0.024074 0.015625
0 0.313889 0.262500 0.029630 0.017708
0 0.993519 0.522917 0.012963 0.020833
0 0.647222 0.775521 0.025926 0.015625
0 0.795370 0.552604 0.040741 0.022917
0 0.314815 0.677083 0.022222 0.013542
0 0.901852 0.707812 0.024074 0.014583
0 0.503704 0.651563 0.027778 0.016667
0 0.193519 0.361979 0.029630 0.015625
0 0.422222 0.699479 0.037037 0.022917
0 0.906481 0.487500 0.022222 0.012500
0 0.176852 0.345833 0.031481 0.015625
0 0.991667 0.583854 0.012963 0.019792
0 -0.075926 0.337500 0.000000 0.000000
0 0.388889 0.654167 0.038889 0.019792
0 0.212037 0.254688 0.018519 0.019792
0 0.164815 0.325000 0.033333 0.017708
0 0.369444 0.688021 0.027778 0.015625
0 0.719444 0.665104 0.033333 0.018750
0 0.057407 0.648958 0.025926 0.013542
0 0.565741 0.555208 0.024074 0.012500
0 0.300926 0.554688 0.024074 0.014583
0 0.656481 0.668229 0.031481 0.019792
0 0.077778 0.671354 0.031481 0.017708
0 0.055556 0.695833 0.033333 0.017708
0 0.637037 0.664062 0.035185 0.020833
0 0.937037 0.438021 0.029630 0.019792
0 0.051852 0.664062 0.038889 0.019792
0 0.208333 0.641146 0.031481 0.018750
0 0.765741 0.580729 0.050000 0.027083
0 0.921296 0.273958 0.031481 0.015625
0 0.556481 0.521875 0.038889 0.021875
0 0.458333 0.685937 0.040741 0.025000
0 0.991667 0.538542 0.014815 0.021875
0 0.843519 0.490625 0.046296 0.026042
0 0.987037 0.378646 0.018519 0.021875
0 0.628704 0.739062 0.031481 0.016667
0 0.897222 0.724479 0.037037 0.019792
0 1.000000 0.383333 0.031481 0.021875
0 0.676852 0.767708 0.025926 0.016667
0 0.801852 0.217708 0.040741 0.023958
0 0.958333 0.547917 0.046296 0.025000
0 0.863889 0.728646 0.035185 0.019792
0 0.582407 0.252604 0.031481 0.018750
0 0.236111 0.475521 0.024074 0.013542
0 0.885185 0.521875 0.035185 0.018750
0 0.935185 0.277604 0.020370 0.014583
