0 0.601852 0.311979 0.024074 0.015625
0 0.558333 0.313542 0.020370 0.013542
0 0.997222 0.280208 0.005556 0.016667
0 0.627778 0.491146 0.027778 0.015625
0 0.901852 0.681771 0.033333 0.019792
0 0.680556 0.403125 0.029630 0.017708
0 0.630556 0.418750 0.020370 0.010417
0 1.000000 0.514062 0.001852 0.002083
0 0.985185 0.705208 0.027778 0.020833
0 0.949074 0.730729 0.037037 0.019792
0 0.995370 0.544271 0.020370 0.011458
0 0.991667 0.670312 0.020370 0.012500
0 0.984259 0.730208 0.029630 0.018750
0 0.991667 0.719792 0.014815 0.020833
0 0.995370 0.361979 0.009259 0.014583
0 0.993519 0.311979 0.012963 0.014583
0 0.993519 0.684896 0.012963 0.017708
0 0.994444 0.385417 0.009259 0.013542
0 0.993519 0.740104 0.009259 0.019792
0 0.995370 0.398958 0.009259 0.015625
0 0.992593 0.675000 0.011111 0.015625
0 0.994444 0.596875 0.011111 0.026042
0 0.988889 0.815625 0.018519 0.031250
0 0.989815 0.253646 0.018519 0.010417
0 0.993519 0.275000 0.011111 0.015625
0 0.994444 0.510417 0.011111 0.015625
0 0.990741 0.751563 0.016667 0.022917
0 0.996296 0.723437 0.005556 0.014583
0 0.994444 0.559375 0.009259 0.021875
0 0.994444 0.714063 0.009259 0.014583
0 0.993519 0.777083 0.012963 0.016667
0 0.996296 0.707812 0.005556 0.010417
0 0.999074 0.436458 0.000000 0.000000
0 0.992593 0.595833 0.014815 0.027083
0 0.994444 0.598437 0.009259 0.019792
0 0.992593 0.719271 0.012963 0.019792
0 0.987037 0.482812 0.025926 0.015625
0 0.525000 0.313542 0.022222 0.012500
0 0.328704 0.317188 0.025926 0.017708
0 0.016667 0.693750 0.033333 0.020833
0 0.963889 0.466146 0.025926 0.011458
0 0.074074 0.508333 0.031481 0.014583
0 0.571296 0.312500 0.025926 0.014583
0 0.074074 0.469792 0.025926 0.009375
0 0.941667 0.650521 0.031481 0.015625
0 0.293519 0.315104 0.022222 0.015625
0 0.384259 0.577083 0.020370 0.013542
0 0.543519 0.193229 0.009259 0.007292
0 0.557407 0.313542 0.018519 0.013542
0 0.990741 0.325521 0.016667 0.014583
0 0.234259 0.352083 0.027778 0.015625
0 0.244444 0.705208 0.027778 0.012500
0 0.266667 0.549479 0.029630 0.017708
0 0.995370 0.546354 0.005556 0.012500
0 0.989815 0.700521 0.018519 0.016667
0 0.307407 0.319792 0.029630 0.017708
0 0.346296 0.315104 0.031481 0.018750
0 0.378704 0.706250 0.029630 0.017708
0 0.353704 0.301563 0.029630 0.016667
0 0.604630 0.398438 0.022222 0.013542
0 0.366667 0.568750 0.024074 0.015625
0 0.555556 0.492708 0.018519 0.010417
0 0.432407 0.514062 0.027778 0.013542
0 0.416667 0.568229 0.025926 0.011458
0 0.996296 0.429688 0.005556 0.015625
0 0.412037 0.576562 0.024074 0.014583
0 0.515741 0.304688 0.024074 0.014583
0 0.995370 0.721875 0.007407 0.022917
0 0.994444 0.598958 0.025926 0.011458
0 0.448148 0.510938 0.029630 0.017708
0 0.994444 0.529167 0.009259 0.011458
0 0.475926 0.483854 0.020370 0.012500
0 0.412963 0.576562 0.025926 0.014583
0 0.993519 0.692187 0.011111 0.015625
0 0.448148 0.510417 0.025926 0.015625
0 0.459259 0.505208 0.018519 0.012500
0 0.491667 0.285938 0.024074 0.015625
0 0.480556 0.498437 0.024074 0.014583
0 0.472222 0.313021 0.024074 0.014583
0 0.995370 0.695312 0.005556 0.017708
0 0.519444 0.498958 0.024074 0.013542
0 0.492593 0.316146 0.022222 0.013542
0 0.516667 0.489063 0.022222 0.011458
0 0.496296 0.327083 0.022222 0.012500
0 0.991667 0.754687 0.016667 0.037500
0 0.546296 0.477083 0.022222 0.011458
