0 0.812037 0.527604 0.037037 0.021875
0 0.735185 0.542188 0.031481 0.017708
0 0.775926 0.298958 0.020370 0.014583
0 0.133333 0.283854 0.027778 0.016667
0 0.258333 0.723958 0.033333 0.023958
0 0.399074 0.714583 0.031481 0.017708
0 0.350000 0.457292 0.037037 0.020833
0 0.812037 0.513542 0.020370 0.010417
0 0.127778 0.704688 0.029630 0.014583
0 0.308333 0.810937 0.042593 0.022917
0 0.411111 0.382292 0.042593 0.023958
0 0.210185 0.304688 0.027778 0.015625
0 0.895370 0.366146 0.029630 0.016667
0 0.872222 0.601562 0.035185 0.019792
0 0.737963 0.290625 0.040741 0.026042
0 0.382407 0.680729 0.037037 0.019792
0 0.915741 0.598958 0.037037 0.019792
0 0.950926 0.536458 0.033333 0.019792
0 0.406481 0.742188 0.031481 0.018750
0 0.775926 0.715104 0.042593 0.025000
0 0.441667 0.405729 0.040741 0.021875
0 0.505556 0.693750 0.035185 0.019792
0 0.447222 0.802604 0.031481 0.019792
0 0.936111 0.585417 0.031481 0.018750
0 0.656481 0.750000 0.042593 0.021875
0 0.889815 0.458333 0.044444 0.025000
0 0.745370 0.277083 0.029630 0.016667
0 0.487037 0.688542 0.038889 0.018750
0 0.382407 0.693229 0.035185 0.015625
0 0.722222 0.573438 0.031481 0.017708
0 0.154630 0.709375 0.029630 0.016667
0 0.731481 0.597396 0.024074 0.015625
0 0.766667 0.307292 0.029630 0.018750
0 0.875000 0.544271 0.037037 0.020833
0 0.501852 0.797917 0.029630 0.015625
0 0.620370 0.572917 0.042593 0.022917
0 0.937037 0.565104 0.029630 0.016667
0 0.311111 0.389583 0.027778 0.012500
0 0.176852 0.704167 0.024074 0.013542
0 0.404630 0.703646 0.020370 0.010417
0 0.742593 0.727083 0.024074 0.014583
0 0.340741 0.673958 0.025926 0.015625
0 0.902778 0.594792 0.031481 0.017708
0 0.807407 0.661979 0.025926 0.014583
0 0.893519 0.583333 0.029630 0.015625
0 0.505556 0.239063 0.024074 0.013542
0 0.344444 0.389583 0.020370 0.008333
0 0.406481 0.563021 0.027778 0.015625
0 0.514815 0.472917 0.038889 0.022917
0 0.151852 0.301563 0.020370 0.010417
0 0.749074 0.310937 0.025926 0.016667
0 0.560185 0.659375 0.027778 0.015625
0 0.712963 0.552604 0.029630 0.017708
0 0.699074 0.575000 0.027778 0.016667
0 0.060185 0.471875 0.025926 0.015625
0 0.875000 0.385417 0.027778 0.013542
0 0.894444 0.560937 0.037037 0.019792
0 0.660185 0.510938 0.042593 0.025000
0 0.919444 0.405729 0.042593 0.021875
0 0.480556 0.763021 0.031481 0.016667
0 0.737037 0.744271 0.035185 0.020833
0 0.937963 0.408854 0.027778 0.019792
0 0.531481 0.790625 0.029630 0.017708
0 0.623148 0.244271 0.042593 0.025000
0 0.787963 0.566667 0.042593 0.025000
0 0.705556 0.747917 0.033333 0.019792
0 0.444444 0.278646 0.031481 0.019792
0 0.103704 0.499479 0.025926 0.014583
0 0.725926 0.309375 0.020370 0.013542
0 0.232407 0.714063 0.029630 0.015625
0 0.743519 0.300000 0.031481 0.015625
0 0.769444 0.521875 0.033333 0.018750
0 0.030556 0.370312 0.031481 0.016667
0 0.917593 0.599479 0.033333 0.018750
0 -0.075000 0.337500 0.000000 0.000000
0 0.224074 0.679688 0.037037 0.018750
0 0.034259 0.281250 0.016667 0.017708
0 0.019444 0.348438 0.033333 0.017708
0 0.925000 0.553125 0.031481 0.018750
0 0.293519 0.710938 0.042593 0.025000
0 0.397222 0.543750 0.038889 0.022917
0 0.600000 0.601042 0.048148 0.028125
0 0.065741 0.667188 0.031481 0.019792
0 0.050000 0.385417 0.029630 0.015625
0 0.258333 0.724479 0.035185 0.023958
