0 0.287963 0.504687 0.029630 0.016667
0 0.913889 0.525521 0.022222 0.010417
0 0.326852 0.478646 0.022222 0.012500
0 0.258333 0.571875 0.029630 0.015625
0 0.993519 0.686458 0.011111 0.015625
0 0.287963 0.506250 0.027778 0.017708
0 0.303704 0.501563 0.018519 0.013542
0 0.994444 0.538542 0.024074 0.012500
0 0.995370 0.318750 0.020370 0.010417
0 0.792593 0.691667 0.035185 0.021875
0 0.505556 0.387500 0.016667 0.008333
0 0.899074 0.522917 0.024074 0.013542
0 0.467593 0.427083 0.011111 0.007292
0 0.487037 0.410938 0.020370 0.012500
0 0.500000 0.394792 0.029630 0.017708
0 0.720370 0.669792 0.035185 0.020833
0 0.444444 0.304167 0.024074 0.014583
0 0.461111 0.483854 0.027778 0.015625
0 0.904630 0.281771 0.024074 0.016667
0 0.412963 0.305208 0.025926 0.014583
0 0.399074 0.470313 0.024074 0.012500
0 0.993519 0.771354 0.012963 0.029167
0 0.360185 0.320312 0.022222 0.012500
0 0.375926 0.482292 0.024074 0.012500
0 0.352778 0.310417 0.022222 0.012500
0 0.372222 0.492708 0.024074 0.013542
0 0.996296 0.668229 0.005556 0.017708
0 0.331481 0.306250 0.022222 0.014583
0 0.333333 0.492708 0.024074 0.015625
0 0.330556 0.279167 0.024074 0.016667
0 0.990741 0.707812 0.014815 0.020833
0 0.994444 0.529687 0.009259 0.022917
0 0.962037 0.698958 0.031481 0.017708
0 0.993519 0.781771 0.012963 0.016667
0 0.994444 0.341667 0.009259 0.021875
0 0.994444 0.622917 0.009259 0.018750
0 0.994444 0.706250 0.007407 0.014583
0 0.987037 0.462500 0.024074 0.014583
0 0.992593 0.619792 0.012963 0.023958
0 0.993519 0.788021 0.012963 0.019792
0 0.994444 0.631250 0.009259 0.020833
0 0.994444 0.641146 0.007407 0.013542
0 0.989815 0.704688 0.018519 0.018750
0 0.991667 0.539062 0.014815 0.031250
0 0.999074 0.670833 0.033333 0.014583
0 0.822222 0.470313 0.029630 0.016667
0 0.990741 0.729167 0.016667 0.023958
0 0.842593 0.497917 0.024074 0.013542
0 0.992593 0.270833 0.011111 0.016667
0 0.989815 0.235417 0.018519 0.010417
0 0.991667 0.761979 0.014815 0.008333
0 0.990741 0.766667 0.018519 0.017708
0 0.990741 0.764583 0.016667 0.027083
0 0.994444 0.557292 0.009259 0.025000
0 0.889815 0.662500 0.029630 0.017708
0 0.863889 0.385417 0.031481 0.016667
0 0.994444 0.726562 0.011111 0.020833
0 0.837963 0.369792 0.029630 0.015625
0 0.989815 0.683854 0.016667 0.022917
0 0.875000 0.291667 0.025926 0.015625
0 0.844444 0.350000 0.031481 0.017708
0 0.992593 0.723437 0.014815 0.018750
0 0.797222 0.717187 0.029630 0.017708
0 0.997222 0.734896 0.016667 0.026042
0 0.845370 0.684375 0.033333 0.017708
0 0.976852 0.572917 0.020370 0.012500
0 0.991667 0.677604 0.016667 0.029167
0 0.761111 0.717187 0.033333 0.019792
0 0.995370 0.670312 0.007407 0.022917
0 0.044444 0.348438 0.033333 0.016667
0 0.102778 0.702604 0.022222 0.012500
0 0.405556 0.307292 0.020370 0.013542
0 0.093519 0.546354 0.031481 0.017708
0 0.935185 0.534896 0.020370 0.012500
0 0.814815 0.692708 0.027778 0.016667
0 0.114815 0.315625 0.033333 0.018750
0 0.148148 0.310417 0.040741 0.020833
0 0.185185 0.701562 0.031481 0.016667
0 0.162037 0.296354 0.033333 0.017708
0 0.458333 0.390104 0.022222 0.012500
0 0.915741 0.310417 0.031481 0.016667
0 0.200926 0.559896 0.020370 0.011458
0 0.412037 0.485417 0.020370 0.011458
0 0.271296 0.508333 0.020370 0.013542
0 0.260185 0.563021 0.024074 0.010417
0 0.997222 0.401562 0.005556 0.014583
0 0.385185 0.306771 0.022222 0.012500
0 0.258333 0.571354 0.029630 0.014583
0 0.372222 0.298438 0.025926 0.014583
