0 0.993519 0.522917 0.009259 0.011458
0 0.795370 0.295833 0.024074 0.014583
0 0.351852 0.474479 0.031481 0.016667
0 0.997222 0.631250 0.024074 0.017708
0 0.565741 0.297396 0.025926 0.016667
0 0.585185 0.566667 0.022222 0.014583
0 0.758333 0.175000 0.011111 0.007292
0 0.773148 0.296875 0.024074 0.014583
0 0.653704 0.340625 0.035185 0.019792
0 0.486111 0.698958 0.024074 0.014583
0 0.573148 0.537500 0.025926 0.016667
0 1.000926 0.642188 0.016667 0.015625
0 0.584259 0.302083 0.031481 0.016667
0 0.626852 0.297917 0.031481 0.018750
0 0.710185 0.695833 0.025926 0.016667
0 0.627778 0.283333 0.024074 0.013542
0 0.825000 0.380729 0.016667 0.010417
0 0.567593 0.561458 0.018519 0.008333
0 0.759259 0.479167 0.024074 0.013542
0 0.662963 0.501042 0.029630 0.014583
0 0.719444 0.297917 0.022222 0.013542
0 0.653704 0.565625 0.024074 0.014583
0 0.715741 0.289583 0.022222 0.013542
0 0.694444 0.497396 0.027778 0.016667
0 0.708333 0.471875 0.022222 0.011458
0 0.652778 0.565625 0.025926 0.013542
0 0.694444 0.497396 0.029630 0.016667
0 0.714815 0.268750 0.022222 0.013542
0 0.703704 0.485938 0.020370 0.013542
0 0.664815 0.298438 0.024074 0.012500
0 0.996296 0.670833 0.007407 0.018750
0 0.744444 0.486458 0.024074 0.013542
0 0.687037 0.302083 0.020370 0.013542
0 0.732407 0.476042 0.022222 0.014583
0 0.686111 0.312500 0.020370 0.013542
0 0.768519 0.464062 0.022222 0.011458
0 0.775000 0.297917 0.024074 0.014583
0 0.887037 0.476562 0.027778 0.014583
0 0.822222 0.295312 0.024074 0.014583
0 0.989815 0.670312 0.020370 0.025000
0 0.953704 0.385937 0.037037 0.018750
0 0.997222 0.501042 0.003704 0.017708
0 0.991667 0.664062 0.014815 0.016667
0 0.997222 0.671875 0.003704 0.015625
0 0.989815 0.663542 0.016667 0.010417
0 0.995370 0.730208 0.005556 0.016667
0 0.993519 0.655208 0.009259 0.016667
0 0.995370 0.340104 0.009259 0.013542
0 0.987963 0.344271 0.012963 0.013542
0 0.994444 0.650521 0.007407 0.011458
0 1.005556 0.405729 0.014815 0.022917
0 0.996296 0.384375 0.007407 0.012500
0 0.994444 0.667188 0.007407 0.013542
0 0.996296 0.454688 0.007407 0.020833
0 0.993519 0.691667 0.012963 0.015625
0 0.997222 0.477083 0.003704 0.009375
0 0.200926 0.267708 0.027778 0.017708
0 0.009259 0.442188 0.018519 0.017708
0 0.009259 0.515625 0.018519 0.012500
0 0.020370 0.705208 0.033333 0.018750
0 0.024074 0.147396 0.025926 0.014583
0 0.395370 0.365104 0.035185 0.021875
0 0.030556 0.605208 0.031481 0.017708
0 0.050000 0.711979 0.035185 0.020833
0 0.044444 0.151562 0.024074 0.014583
0 0.039815 0.519792 0.025926 0.013542
0 0.037963 0.484896 0.033333 0.018750
0 0.065741 0.419792 0.051852 0.028125
0 0.062037 0.682292 0.038889 0.022917
0 0.031481 0.701562 0.027778 0.017708
0 0.062037 0.518229 0.024074 0.014583
0 0.053704 0.313542 0.029630 0.015625
0 0.030556 0.314583 0.025926 0.015625
0 0.205556 0.225000 0.035185 0.016667
0 0.350926 0.497396 0.029630 0.016667
0 0.994444 0.453125 0.016667 0.011458
0 0.262963 0.685937 0.029630 0.014583
0 0.600926 0.300000 0.024074 0.015625
0 0.332407 0.584375 0.020370 0.009375
0 0.208333 0.724479 0.033333 0.019792
0 0.197222 0.282292 0.031481 0.016667
0 0.542593 0.334375 0.025926 0.015625
0 0.178704 0.715625 0.027778 0.016667
0 0.211111 0.629167 0.033333 0.016667
0 0.193519 0.704688 0.035185 0.021875
0 0.137963 0.548958 0.027778 0.012500
0 0.168519 0.669271 0.035185 0.020833
0 0.149074 0.450000 0.048148 0.026042
0 0.165741 0.690104 0.029630 0.017708
0 0.130556 0.579167 0.012963 0.018750
0 0.106481 0.432812 0.050000 0.029167
0 0.083333 0.448958 0.050000 0.026042
