0 0.672222 0.477604 0.024074 0.011458
0 0.686111 0.310417 0.024074 0.014583
0 0.997222 0.268229 0.005556 0.016667
0 0.777778 0.491667 0.027778 0.015625
0 0.730556 0.308854 0.024074 0.015625
0 0.990741 0.679167 0.016667 0.020833
0 0.840741 0.401562 0.031481 0.018750
0 0.783333 0.428125 0.020370 0.010417
0 0.997222 0.509375 0.003704 0.017708
0 0.991667 0.677604 0.016667 0.016667
0 0.997222 0.704167 0.003704 0.016667
0 0.988889 0.668229 0.018519 0.011458
0 0.996296 0.736979 0.007407 0.016667
0 0.992593 0.684896 0.011111 0.018750
0 0.995370 0.352083 0.009259 0.014583
0 0.993519 0.340104 0.012963 0.013542
0 0.993519 0.661458 0.009259 0.012500
0 0.983333 0.384896 0.009259 0.013542
0 0.995370 0.392188 0.007407 0.013542
0 0.993519 0.676042 0.009259 0.016667
0 0.993519 0.597396 0.011111 0.028125
0 0.995370 0.468750 0.007407 0.020833
0 0.996296 0.701562 0.005556 0.013542
0 0.995370 0.707292 0.009259 0.013542
0 0.999074 0.435937 0.000000 0.000000
0 0.996296 0.478125 0.003704 0.010417
0 0.992593 0.708333 0.012963 0.017708
0 0.994444 0.527604 0.009259 0.011458
0 0.607407 0.484896 0.022222 0.012500
0 0.548148 0.578646 0.024074 0.014583
0 0.588889 0.510938 0.027778 0.016667
0 0.598148 0.506771 0.016667 0.010417
0 0.621296 0.282292 0.025926 0.015625
0 0.606481 0.498958 0.024074 0.014583
0 0.585185 0.309375 0.025926 0.015625
0 0.996296 0.675000 0.007407 0.017708
0 0.647222 0.499479 0.024074 0.014583
0 0.605556 0.314063 0.020370 0.013542
0 0.637037 0.488542 0.022222 0.012500
0 0.605556 0.324479 0.020370 0.013542
0 0.630556 0.302083 0.027778 0.014583
0 0.012963 0.588542 0.012963 0.016667
0 0.019444 0.703125 0.033333 0.018750
0 0.014815 0.460938 0.029630 0.025000
0 0.022222 0.682292 0.035185 0.021875
0 0.015741 0.557813 0.025926 0.012500
0 0.046296 0.718229 0.038889 0.021875
0 0.069444 0.641146 0.035185 0.018750
0 0.050926 0.727083 0.033333 0.016667
0 0.386111 0.347396 0.025926 0.015625
0 0.088889 0.290625 0.033333 0.017708
0 0.093519 0.735417 0.037037 0.019792
0 0.187037 0.597396 0.020370 0.010417
0 0.486111 0.312500 0.025926 0.018750
0 0.141667 0.698958 0.037037 0.018750
0 0.990741 0.463542 0.016667 0.012500
0 0.227778 0.508854 0.031481 0.017708
0 0.703704 0.308854 0.024074 0.014583
0 0.587963 0.510417 0.025926 0.016667
0 0.232407 0.484896 0.031481 0.015625
0 0.996296 0.647917 0.024074 0.017708
0 0.449074 0.310417 0.025926 0.017708
0 0.495370 0.578125 0.024074 0.014583
0 0.669444 0.188021 0.011111 0.007292
0 0.685185 0.309896 0.022222 0.015625
0 0.993519 0.323437 0.011111 0.010417
0 0.475926 0.353646 0.027778 0.015625
0 0.374074 0.712500 0.029630 0.015625
0 0.432407 0.551562 0.027778 0.016667
0 0.996296 0.563542 0.007407 0.013542
0 1.000926 0.667708 0.018519 0.016667
0 0.466667 0.315625 0.031481 0.018750
0 0.510185 0.310417 0.031481 0.019792
0 0.568519 0.711979 0.027778 0.017708
0 0.512037 0.296354 0.025926 0.015625
0 0.724074 0.396875 0.020370 0.012500
0 0.475000 0.570833 0.024074 0.014583
0 0.663889 0.492188 0.024074 0.013542
0 0.562037 0.513542 0.027778 0.015625
0 0.638889 0.310417 0.022222 0.014583
0 0.548148 0.578125 0.025926 0.014583
