0 0.312963 0.292187 0.024074 0.014583
0 0.312037 0.473438 0.025926 0.015625
0 0.772222 0.277604 0.029630 0.014583
0 0.280556 0.292708 0.027778 0.014583
0 0.265741 0.458854 0.025926 0.014583
0 0.994444 0.796875 0.009259 0.022917
0 0.237037 0.306250 0.024074 0.013542
0 0.253704 0.473438 0.025926 0.012500
0 0.228704 0.295833 0.022222 0.012500
0 0.237037 0.481250 0.024074 0.013542
0 0.913889 0.645833 0.038889 0.019792
0 0.205556 0.291667 0.025926 0.013542
0 0.198148 0.480729 0.025926 0.014583
0 0.198148 0.264583 0.027778 0.015625
0 0.167593 0.488021 0.022222 0.013542
0 0.152778 0.495833 0.022222 0.012500
0 0.992593 0.698438 0.011111 0.015625
0 0.125926 0.558854 0.020370 0.011458
0 0.190741 0.466146 0.022222 0.011458
0 0.778704 0.520312 0.020370 0.011458
0 0.142593 0.492708 0.027778 0.016667
0 0.961111 0.540104 0.024074 0.011458
0 0.996296 0.627083 0.007407 0.020833
0 0.246296 0.283333 0.024074 0.013542
0 0.115741 0.558333 0.027778 0.014583
0 0.261111 0.293750 0.020370 0.012500
0 0.918519 0.385937 0.033333 0.016667
0 0.113889 0.550521 0.024074 0.010417
0 0.126852 0.495312 0.020370 0.013542
0 0.284259 0.475000 0.020370 0.012500
0 0.050000 0.547396 0.022222 0.012500
0 0.329630 0.378646 0.020370 0.012500
0 0.012963 0.280208 0.025926 0.017708
0 0.008333 0.688542 0.016667 0.017708
0 0.003704 0.294271 0.007407 0.018750
0 0.990741 0.718229 0.016667 0.022917
0 0.700000 0.492708 0.024074 0.012500
0 0.992593 0.265625 0.012963 0.018750
0 0.988889 0.232292 0.020370 0.011458
0 0.990741 0.768229 0.014815 0.008333
0 0.989815 0.755208 0.018519 0.018750
0 0.991667 0.732292 0.014815 0.025000
0 0.993519 0.548958 0.011111 0.018750
0 0.994444 0.651563 0.009259 0.023958
0 0.724074 0.656771 0.031481 0.017708
0 0.710185 0.381771 0.029630 0.016667
0 0.993519 0.712500 0.009259 0.019792
0 0.687963 0.365104 0.027778 0.015625
0 0.991667 0.666667 0.014815 0.019792
0 0.734259 0.286979 0.027778 0.015625
0 0.691667 0.345313 0.031481 0.017708
0 0.874074 0.705729 0.029630 0.014583
0 0.650000 0.685417 0.022222 0.011458
0 0.616667 0.709375 0.027778 0.016667
0 0.997222 0.686979 0.014815 0.023958
0 0.653704 0.677604 0.033333 0.018750
0 0.657407 0.663021 0.018519 0.009375
0 0.803704 0.571875 0.024074 0.014583
0 0.991667 0.686979 0.014815 0.028125
0 0.580556 0.710417 0.031481 0.018750
0 0.995370 0.308333 0.022222 0.011458
0 0.600926 0.685417 0.035185 0.020833
0 0.352778 0.377604 0.016667 0.010417
0 0.762037 0.517708 0.022222 0.012500
0 0.326852 0.416146 0.014815 0.009375
0 0.364815 0.401562 0.020370 0.010417
0 0.347222 0.384896 0.031481 0.018750
0 0.546296 0.663021 0.031481 0.019792
0 0.992593 0.713021 0.014815 0.019792
0 0.677778 0.465104 0.029630 0.016667
0 0.995370 0.638021 0.031481 0.014583
0 1.000000 0.674479 0.033333 0.014583
0 0.992593 0.528646 0.014815 0.028125
0 0.825000 0.699479 0.037037 0.017708
0 0.995370 0.639583 0.005556 0.011458
0 0.994444 0.665104 0.009259 0.019792
0 0.992593 0.759896 0.014815 0.026042
0 0.993519 0.774479 0.011111 0.018750
0 0.995370 0.616667 0.009259 0.020833
0 0.993519 0.421354 0.012963 0.023958
0 0.994444 0.714583 0.009259 0.017708
0 0.994444 0.653125 0.011111 0.019792
0 0.994444 0.256771 0.009259 0.014583
0 0.994444 0.380208 0.009259 0.022917
0 0.989815 0.792708 0.020370 0.017708
0 0.791667 0.693750 0.029630 0.018750
0 0.993519 0.464583 0.009259 0.022917
