0 0.995370 0.551042 0.025926 0.012500
0 0.313889 0.510417 0.029630 0.016667
0 0.935185 0.531250 0.022222 0.010417
0 0.350000 0.483854 0.020370 0.012500
0 0.282407 0.577083 0.031481 0.015625
0 0.993519 0.680208 0.011111 0.015625
0 0.312963 0.511458 0.027778 0.017708
0 0.326852 0.506250 0.020370 0.013542
0 0.354630 0.285417 0.024074 0.016667
0 0.355556 0.497917 0.024074 0.015625
0 0.351852 0.310937 0.024074 0.015625
0 0.996296 0.672917 0.005556 0.017708
0 0.395370 0.498437 0.024074 0.014583
0 0.373148 0.315625 0.022222 0.014583
0 0.397222 0.487500 0.025926 0.011458
0 0.378704 0.326042 0.020370 0.014583
0 0.992593 0.767708 0.012963 0.031250
0 0.422222 0.475521 0.025926 0.012500
0 0.437037 0.310937 0.027778 0.014583
0 0.930556 0.288021 0.027778 0.015625
0 0.487037 0.489063 0.025926 0.015625
0 0.468519 0.309896 0.024074 0.015625
0 0.750926 0.675000 0.035185 0.019792
0 0.528704 0.400521 0.029630 0.018750
0 0.508333 0.416667 0.022222 0.012500
0 0.495370 0.431771 0.011111 0.006250
0 0.478704 0.395833 0.024074 0.013542
0 0.429630 0.312500 0.022222 0.013542
0 0.941667 0.317708 0.031481 0.018750
0 0.072222 0.354687 0.033333 0.016667
0 0.138889 0.708854 0.022222 0.012500
0 0.122222 0.552083 0.031481 0.016667
0 0.951852 0.540104 0.020370 0.012500
0 0.849074 0.698438 0.027778 0.016667
0 0.145370 0.321875 0.031481 0.018750
0 0.178704 0.316667 0.038889 0.020833
0 0.219444 0.707812 0.029630 0.016667
0 0.192593 0.302083 0.033333 0.016667
0 0.226852 0.565625 0.020370 0.011458
0 0.433333 0.490625 0.020370 0.011458
0 0.297222 0.513542 0.022222 0.013542
0 0.286111 0.568750 0.024074 0.010417
0 0.996296 0.408854 0.003704 0.015625
0 0.405556 0.311458 0.022222 0.012500
0 0.282407 0.577083 0.031481 0.014583
0 0.392593 0.304167 0.024074 0.015625
0 0.995370 0.674479 0.007407 0.022917
0 0.994444 0.636979 0.007407 0.014583
0 0.846296 0.475521 0.027778 0.016667
0 0.991667 0.553125 0.016667 0.032292
0 1.000926 0.702604 0.012963 0.017708
0 0.994444 0.627604 0.009259 0.020833
0 0.919444 0.527604 0.024074 0.013542
0 0.534259 0.392708 0.014815 0.009375
0 0.826852 0.697396 0.035185 0.019792
0 0.995370 0.323437 0.020370 0.010417
0 0.792593 0.722396 0.033333 0.018750
0 0.991667 0.678646 0.016667 0.030208
0 0.996296 0.568750 0.020370 0.011458
0 0.879630 0.689583 0.033333 0.017708
0 0.997222 0.744792 0.016667 0.026042
0 0.828704 0.722396 0.029630 0.017708
0 0.992593 0.722396 0.012963 0.018750
0 0.872222 0.356250 0.029630 0.017708
0 0.898148 0.297917 0.027778 0.015625
0 0.989815 0.691146 0.016667 0.023958
0 0.864815 0.375521 0.027778 0.014583
0 0.994444 0.717708 0.011111 0.020833
0 0.890741 0.391146 0.031481 0.015625
0 0.917593 0.667708 0.031481 0.017708
0 0.994444 0.559375 0.009259 0.025000
0 0.990741 0.770312 0.018519 0.028125
0 0.990741 0.769271 0.016667 0.017708
0 0.991667 0.760417 0.014815 0.008333
0 0.989815 0.243229 0.020370 0.010417
0 0.992593 0.273438 0.011111 0.016667
0 0.866667 0.503646 0.025926 0.013542
0 0.990741 0.732812 0.018519 0.023958
0 0.991667 0.705208 0.016667 0.020833
0 0.994444 0.535937 0.009259 0.023958
0 0.987963 0.703646 0.024074 0.017708
0 0.992593 0.779687 0.012963 0.016667
0 0.995370 0.333854 0.009259 0.021875
0 0.994444 0.623437 0.009259 0.017708
0 0.995370 0.702083 0.007407 0.013542
0 1.019444 0.467187 0.014815 0.010417
0 0.993519 0.627083 0.012963 0.023958
0 0.993519 0.785417 0.012963 0.019792
