0 0.725000 0.694271 0.033333 0.017708
0 0.996296 0.808333 0.027778 0.016667
0 0.992593 0.546875 0.012963 0.025000
0 0.999074 0.679167 0.035185 0.014583
0 0.996296 0.649479 0.031481 0.014583
0 0.888889 0.619271 0.027778 0.018750
0 0.847222 0.535937 0.024074 0.012500
0 0.029630 0.502604 0.029630 0.015625
0 0.681481 0.518750 0.022222 0.011458
0 0.081481 0.475521 0.022222 0.011458
0 0.025926 0.571875 0.024074 0.014583
0 0.914815 0.690104 0.024074 0.014583
0 0.045370 0.506250 0.024074 0.014583
0 0.061111 0.497917 0.024074 0.015625
0 0.076852 0.270833 0.027778 0.015625
0 0.992593 0.750521 0.012963 0.026042
0 0.991667 0.663542 0.014815 0.025000
0 0.995370 0.656250 0.005556 0.010417
0 0.800926 0.382812 0.027778 0.016667
0 0.148148 0.299479 0.020370 0.012500
0 0.011111 0.571354 0.022222 0.016667
0 0.131481 0.289583 0.025926 0.012500
0 0.994444 0.634375 0.007407 0.019792
0 0.550000 0.662500 0.020370 0.010417
0 0.548148 0.677604 0.035185 0.017708
0 0.997222 0.667708 0.014815 0.023958
0 0.517593 0.709896 0.029630 0.017708
0 0.545370 0.685937 0.022222 0.012500
0 1.037963 0.625521 0.114815 0.064583
0 0.775926 0.699479 0.029630 0.014583
0 0.574074 0.344792 0.031481 0.016667
0 0.621296 0.286979 0.025926 0.015625
0 0.925000 0.661458 0.048148 0.021875
0 0.574074 0.364583 0.027778 0.014583
0 0.962037 0.704167 0.040741 0.022917
0 0.596296 0.381250 0.029630 0.016667
0 0.625926 0.654687 0.029630 0.016667
0 0.994444 0.631250 0.009259 0.025000
0 0.993519 0.545833 0.011111 0.019792
0 0.986111 0.692187 0.027778 0.025000
0 0.993519 0.535937 0.011111 0.021875
0 0.990741 0.754687 0.018519 0.018750
0 0.994444 0.665104 0.007407 0.012500
0 0.990741 0.766667 0.014815 0.008333
0 0.945370 0.233854 0.018519 0.012500
0 0.991667 0.733333 0.014815 0.014583
0 0.936111 0.269792 0.033333 0.018750
0 0.598148 0.492708 0.024074 0.013542
0 0.997222 0.528646 0.022222 0.017708
0 0.961111 0.705208 0.044444 0.023958
0 0.992593 0.710417 0.012963 0.017708
0 0.994444 0.444792 0.009259 0.020833
0 0.693519 0.690104 0.027778 0.016667
0 0.894444 0.781771 0.031481 0.020833
0 0.994444 0.371354 0.009259 0.022917
0 0.994444 0.261458 0.009259 0.014583
0 0.985185 0.652083 0.011111 0.019792
0 0.993519 0.725000 0.009259 0.018750
0 0.993519 0.532292 0.012963 0.023958
0 0.993519 0.413021 0.012963 0.022917
0 0.700000 0.568750 0.027778 0.013542
0 0.993519 0.778646 0.011111 0.018750
0 1.000926 0.663542 0.022222 0.014583
0 0.572222 0.465104 0.029630 0.016667
0 0.992593 0.684896 0.014815 0.028125
0 0.481481 0.711979 0.031481 0.018750
0 0.912963 0.293750 0.024074 0.012500
0 0.495370 0.685937 0.035185 0.020833
0 0.238889 0.382292 0.018519 0.011458
0 0.662963 0.515625 0.022222 0.012500
0 0.216667 0.421875 0.018519 0.011458
0 0.260185 0.406771 0.022222 0.011458
0 0.231481 0.389062 0.033333 0.018750
0 0.444444 0.666146 0.031481 0.017708
0 0.199074 0.296875 0.025926 0.014583
0 0.203704 0.480208 0.027778 0.015625
0 0.647222 0.277604 0.029630 0.014583
0 0.163889 0.298438 0.025926 0.015625
0 0.161111 0.467187 0.025926 0.012500
0 0.921296 0.792188 0.044444 0.025000
0 0.125000 0.313021 0.022222 0.013542
0 0.143519 0.480208 0.025926 0.011458
0 0.115741 0.303125 0.022222 0.013542
0 0.131481 0.490104 0.025926 0.014583
0 0.808333 0.639583 0.037037 0.020833
0 0.092593 0.298438 0.025926 0.014583
0 0.091667 0.490104 0.025926 0.015625
