0 0.343519 0.273438 0.016667 0.007292
0 0.355556 0.142187 0.022222 0.014583
0 0.748148 0.689063 0.033333 0.017708
0 0.314815 0.325000 0.025926 0.015625
0 0.706481 0.650000 0.025926 0.015625
0 0.155556 0.535937 0.031481 0.017708
0 0.131481 0.540104 0.029630 0.013542
0 0.116667 0.412500 0.038889 0.020833
0 0.918519 0.485417 0.024074 0.013542
0 0.345370 0.136979 0.024074 0.014583
0 0.137037 0.445833 0.025926 0.010417
0 0.755556 0.323958 0.031481 0.018750
0 0.316667 0.545833 0.025926 0.014583
0 0.183333 0.235937 0.029630 0.019792
0 0.482407 0.507292 0.016667 0.010417
0 0.175000 0.531250 0.029630 0.018750
0 0.576852 0.469792 0.024074 0.014583
0 0.481481 0.269271 0.027778 0.018750
0 0.172222 0.240104 0.027778 0.018750
0 0.172222 0.239583 0.027778 0.018750
0 0.211111 0.530729 0.037037 0.019792
0 1.001852 0.693750 0.025926 0.012500
0 0.239815 0.204167 0.035185 0.021875
0 0.989815 0.413542 0.020370 0.013542
0 0.212037 0.255729 0.031481 0.019792
0 0.350000 0.123958 0.025926 0.014583
0 0.294444 0.422917 0.033333 0.020833
0 0.296296 0.438021 0.035185 0.018750
0 0.244444 0.530729 0.031481 0.018750
0 0.350926 0.696875 0.029630 0.018750
0 0.296296 0.309375 0.031481 0.016667
0 0.269444 0.310937 0.027778 0.018750
0 0.473148 0.216667 0.031481 0.017708
0 0.471296 0.259375 0.031481 0.017708
0 0.316667 0.435937 0.025926 0.017708
0 0.257407 0.506250 0.014815 0.008333
0 0.320370 0.701562 0.029630 0.018750
0 0.345370 0.136979 0.024074 0.015625
0 0.679630 0.352604 0.035185 0.021875
0 0.337037 0.599479 0.031481 0.017708
0 0.373148 0.707812 0.035185 0.020833
0 0.346296 0.137500 0.025926 0.015625
0 0.253704 0.517708 0.022222 0.012500
0 0.283333 0.480729 0.027778 0.017708
0 0.423148 0.411458 0.048148 0.028125
0 0.378704 0.678646 0.029630 0.021875
0 0.276852 0.514062 0.024074 0.014583
0 0.434259 0.440104 0.048148 0.027083
0 0.464815 0.422917 0.046296 0.028125
0 0.497222 0.441146 0.048148 0.026042
0 0.512037 0.660937 0.033333 0.020833
0 0.535185 0.697396 0.033333 0.022917
0 0.468519 0.709896 0.025926 0.015625
0 0.465741 0.272917 0.025926 0.013542
0 0.479630 0.718229 0.035185 0.019792
0 0.678704 0.573958 0.018519 0.010417
0 0.933333 0.283854 0.022222 0.014583
0 0.595370 0.677083 0.024074 0.011458
0 0.645370 0.486979 0.029630 0.017708
0 0.995370 0.283854 0.005556 0.015625
0 0.632407 0.464062 0.025926 0.016667
0 0.932407 0.279687 0.042593 0.028125
0 0.874074 0.559896 0.018519 0.013542
0 0.972222 0.161458 0.011111 0.007292
0 0.990741 0.283854 0.016667 0.015625
0 0.852778 0.688021 0.018519 0.010417
0 0.934259 0.283854 0.027778 0.011458
0 0.916667 0.284375 0.022222 0.012500
0 0.995370 0.688542 0.007407 0.015625
0 0.912963 0.267708 0.024074 0.012500
0 0.892593 0.579688 0.012963 0.006250
0 0.927778 0.491667 0.025926 0.014583
0 0.916667 0.285938 0.020370 0.011458
0 0.905556 0.552604 0.024074 0.013542
0 0.925926 0.278646 0.022222 0.013542
0 0.950000 0.482812 0.029630 0.016667
0 0.957407 0.456771 0.014815 0.008333
0 0.906481 0.553125 0.025926 0.014583
0 0.949074 0.482812 0.027778 0.016667
0 0.942593 0.255729 0.025926 0.014583
0 0.954630 0.472396 0.016667 0.011458
0 0.920370 0.284375 0.025926 0.012500
0 0.977778 0.472396 0.025926 0.014583
0 0.950000 0.290104 0.022222 0.012500
0 0.966667 0.459896 0.024074 0.014583
0 0.996296 0.396354 0.005556 0.016667
0 0.993519 0.282813 0.025926 0.014583
0 0.995370 0.431250 0.007407 0.014583
0 0.990741 0.283333 0.016667 0.014583
0 0.989815 0.451042 0.018519 0.012500
0 0.933333 0.298438 0.025926 0.015625
