0 0.193519 0.655729 0.027778 0.015625
0 0.006481 0.282292 0.012963 0.015625
0 1.006481 0.519792 0.031481 0.023958
0 0.483333 0.683854 0.029630 0.015625
0 1.008333 0.568750 0.035185 0.021875
0 1.005556 0.294271 0.029630 0.018750
0 0.994444 0.523958 0.011111 0.017708
0 0.849074 0.771354 0.022222 0.013542
0 0.993519 0.545312 0.009259 0.022917
0 0.501852 0.677604 0.022222 0.012500
0 0.993519 0.688542 0.035185 0.020833
0 0.740741 0.647917 0.024074 0.016667
0 0.991667 0.576042 0.014815 0.017708
0 0.993519 0.542188 0.031481 0.018750
0 1.003704 0.297396 0.024074 0.015625
0 0.958333 0.635417 0.029630 0.014583
0 0.361111 0.454688 0.027778 0.015625
0 0.990741 0.537500 0.016667 0.026042
0 1.003704 0.284896 0.027778 0.015625
0 0.852778 0.661458 0.037037 0.022917
0 0.769444 0.665625 0.035185 0.015625
0 0.261111 0.698438 0.029630 0.018750
0 0.996296 0.402083 0.005556 0.014583
0 0.993519 0.719271 0.011111 0.022917
0 0.992593 0.602083 0.012963 0.021875
0 0.797222 0.773438 0.031481 0.018750
0 0.887963 0.666146 0.038889 0.022917
0 0.996296 0.454167 0.005556 0.016667
0 0.874074 0.389062 0.044444 0.022917
0 0.993519 0.655208 0.012963 0.022917
0 0.762963 0.715104 0.033333 0.018750
0 1.007407 0.504167 0.074074 0.036458
0 0.985185 0.597396 0.027778 0.021875
0 0.775000 0.655729 0.037037 0.018750
0 0.986111 0.270313 0.025926 0.019792
0 0.994444 0.606250 0.007407 0.022917
0 0.986111 0.341667 0.029630 0.016667
0 0.848148 0.367188 0.042593 0.021875
0 0.661111 0.782292 0.031481 0.020833
0 0.454630 0.679167 0.025926 0.015625
0 0.741667 0.440104 0.037037 0.019792
0 0.763889 0.688542 0.031481 0.017708
0 0.661111 0.694792 0.038889 0.022917
0 0.577778 0.276042 0.033333 0.020833
0 0.998148 0.522396 0.024074 0.018750
0 0.393519 0.482812 0.024074 0.013542
0 0.733333 0.265104 0.029630 0.020833
0 0.991667 0.727604 0.016667 0.015625
0 0.996296 0.522396 0.007407 0.020833
0 0.994444 0.221875 0.009259 0.018750
0 0.875000 0.763542 0.025926 0.015625
0 0.993519 0.714063 0.011111 0.015625
0 0.831481 0.735417 0.031481 0.016667
0 0.987963 0.406771 0.020370 0.022917
0 0.993519 0.503125 0.011111 0.022917
0 0.993519 0.541667 0.011111 0.017708
0 0.692593 0.682292 0.048148 0.022917
0 0.776852 0.524479 0.040741 0.021875
0 0.995370 0.286458 0.029630 0.014583
0 0.982407 0.579167 0.035185 0.026042
0 0.390741 0.643750 0.029630 0.016667
0 0.372222 0.371875 0.027778 0.014583
0 0.660185 0.694792 0.037037 0.021875
0 1.003704 0.491667 0.020370 0.011458
0 0.350926 0.356250 0.029630 0.015625
0 0.992593 0.594792 0.014815 0.019792
0 0.000000 0.000000 0.000000 0.000000
0 0.626852 0.651563 0.042593 0.020833
0 0.418519 0.278125 0.027778 0.015625
0 0.348148 0.336458 0.031481 0.017708
0 0.543519 0.689063 0.025926 0.013542
0 0.921296 0.663021 0.025926 0.014583
0 0.749074 0.554688 0.020370 0.011458
0 0.280556 0.675000 0.027778 0.014583
0 0.853704 0.661458 0.031481 0.020833
0 1.007407 0.463021 0.029630 0.018750
0 0.276852 0.666667 0.037037 0.019792
0 0.276852 0.651563 0.024074 0.013542
0 0.474074 0.559375 0.025926 0.013542
0 0.887037 0.666146 0.038889 0.025000
0 0.224074 0.700000 0.033333 0.018750
0 0.721296 0.297917 0.024074 0.013542
0 0.225000 0.675000 0.035185 0.020833
0 0.032407 0.370312 0.024074 0.012500
0 0.470370 0.506771 0.022222 0.012500
0 0.024074 0.406250 0.025926 0.013542
0 0.080556 0.392188 0.020370 0.011458
0 0.009259 0.375521 0.018519 0.017708
