0 0.064815 0.736979 0.038889 0.020833
0 0.349074 0.348958 0.025926 0.015625
0 0.024074 0.728646 0.031481 0.017708
0 0.017593 0.536979 0.027778 0.013542
0 0.016667 0.719271 0.033333 0.020833
0 0.036111 0.642708 0.035185 0.018750
0 0.058333 0.292187 0.031481 0.017708
0 0.999074 0.435937 0.000000 0.000000
0 0.151852 0.599479 0.022222 0.010417
0 0.455556 0.314583 0.025926 0.018750
0 0.113889 0.699479 0.038889 0.020833
0 0.989815 0.464583 0.016667 0.012500
0 0.197222 0.509896 0.031481 0.017708
0 0.675000 0.310937 0.022222 0.014583
0 0.200926 0.486458 0.031481 0.017708
0 0.995370 0.647917 0.024074 0.017708
0 0.419444 0.312500 0.025926 0.017708
0 0.471296 0.580729 0.022222 0.013542
0 0.640741 0.190625 0.011111 0.007292
0 0.657407 0.312500 0.022222 0.015625
0 0.992593 0.323958 0.011111 0.011458
0 0.432407 0.355729 0.025926 0.014583
0 0.346296 0.713542 0.027778 0.016667
0 0.400926 0.553646 0.027778 0.017708
0 0.995370 0.561458 0.005556 0.012500
0 1.000926 0.670312 0.018519 0.016667
0 0.435185 0.317188 0.031481 0.018750
0 0.477778 0.312500 0.031481 0.019792
0 0.535185 0.712500 0.027778 0.016667
0 0.996296 0.479167 0.003704 0.010417
0 0.480556 0.297917 0.025926 0.014583
0 0.696296 0.398438 0.020370 0.012500
0 0.450000 0.572396 0.024074 0.013542
0 0.636111 0.493750 0.022222 0.013542
0 0.535185 0.516146 0.022222 0.013542
0 0.612037 0.311979 0.022222 0.013542
0 0.519444 0.579688 0.025926 0.014583
0 0.604630 0.303646 0.024074 0.014583
0 0.559259 0.511979 0.025926 0.016667
0 0.994444 0.528125 0.009259 0.011458
0 0.579630 0.486458 0.024074 0.012500
0 0.521296 0.579688 0.025926 0.014583
0 0.560185 0.512500 0.025926 0.016667
0 0.568519 0.508333 0.016667 0.011458
0 0.592593 0.284375 0.024074 0.015625
0 0.578704 0.500521 0.024074 0.014583
0 0.558333 0.311458 0.024074 0.015625
0 0.995370 0.678125 0.005556 0.017708
0 0.619444 0.501042 0.024074 0.014583
0 0.578704 0.315625 0.020370 0.014583
0 0.616667 0.490104 0.025926 0.012500
0 0.579630 0.325521 0.020370 0.013542
0 0.644444 0.478646 0.022222 0.011458
0 0.656481 0.312500 0.022222 0.014583
0 0.996296 0.268229 0.003704 0.016667
0 0.748148 0.492708 0.027778 0.014583
0 0.701852 0.310937 0.024074 0.015625
0 0.989815 0.680208 0.018519 0.021875
0 0.808333 0.403125 0.031481 0.018750
0 0.751852 0.430208 0.020370 0.011458
0 0.997222 0.503646 0.003704 0.017708
0 0.990741 0.685417 0.014815 0.016667
0 0.997222 0.707292 0.003704 0.016667
0 0.988889 0.666667 0.018519 0.012500
0 0.995370 0.739062 0.005556 0.016667
0 0.992593 0.692708 0.011111 0.018750
0 0.994444 0.353646 0.009259 0.014583
0 0.993519 0.338021 0.012963 0.013542
0 0.992593 0.714583 0.014815 0.017708
0 0.993519 0.661458 0.009259 0.013542
0 0.966667 0.386458 0.009259 0.012500
0 0.995370 0.398438 0.007407 0.013542
0 0.989815 0.682813 0.009259 0.016667
0 0.993519 0.595313 0.011111 0.028125
0 0.996296 0.472917 0.007407 0.020833
0 0.996296 0.709375 0.005556 0.014583
0 0.994444 0.711979 0.009259 0.013542
