0 0.083333 0.452083 0.024074 0.010417
0 0.323148 0.161458 0.022222 0.014583
0 0.874074 0.514583 0.029630 0.013542
0 0.062963 0.418750 0.038889 0.019792
0 0.075000 0.544271 0.029630 0.015625
0 0.097222 0.540104 0.033333 0.017708
0 0.442593 0.520833 0.016667 0.010417
0 0.130556 0.538021 0.027778 0.016667
0 0.522222 0.486979 0.020370 0.013542
0 0.456481 0.289062 0.031481 0.019792
0 0.162963 0.250000 0.035185 0.019792
0 0.161111 0.250000 0.033333 0.021875
0 0.162037 0.537500 0.035185 0.018750
0 0.956481 0.720833 0.027778 0.013542
0 0.210185 0.218750 0.033333 0.021875
0 0.959259 0.434896 0.022222 0.013542
0 0.193519 0.268229 0.031481 0.017708
0 0.317593 0.144271 0.024074 0.013542
0 0.232407 0.433333 0.035185 0.020833
0 0.915741 0.484896 0.016667 0.009375
0 0.860185 0.580208 0.025926 0.013542
0 0.906481 0.511458 0.027778 0.015625
0 0.925926 0.285417 0.024074 0.014583
0 0.911111 0.501042 0.018519 0.011458
0 0.874074 0.308854 0.033333 0.016667
0 0.944444 0.502083 0.025926 0.014583
0 0.884259 0.316146 0.022222 0.012500
0 0.934259 0.489583 0.024074 0.014583
0 0.875926 0.326562 0.024074 0.014583
0 0.975926 0.479167 0.018519 0.009375
0 0.979630 0.313021 0.024074 0.014583
0 0.995370 0.464583 0.007407 0.014583
0 0.999074 0.310937 0.016667 0.015625
0 0.996296 0.405729 0.005556 0.017708
0 0.368519 0.556250 0.031481 0.014583
0 0.234259 0.447917 0.037037 0.017708
0 0.195370 0.538021 0.031481 0.017708
0 0.271296 0.705208 0.029630 0.017708
0 0.272222 0.322917 0.029630 0.015625
0 0.246296 0.323958 0.027778 0.017708
0 0.444444 0.236979 0.031481 0.017708
0 0.436111 0.278125 0.027778 0.015625
0 0.259259 0.446875 0.027778 0.017708
0 0.211111 0.517188 0.014815 0.009375
0 0.245370 0.709896 0.029630 0.019792
0 0.309259 0.155729 0.024074 0.014583
0 0.634259 0.371875 0.031481 0.016667
0 0.268519 0.608854 0.031481 0.017708
0 0.290741 0.716667 0.035185 0.020833
0 0.311111 0.156771 0.024074 0.015625
0 0.223148 0.526042 0.022222 0.012500
0 0.245370 0.490625 0.029630 0.016667
0 0.350926 0.425000 0.046296 0.029167
0 0.300000 0.687500 0.033333 0.021875
0 0.244444 0.524479 0.024074 0.014583
0 0.362037 0.453125 0.046296 0.026042
0 0.390741 0.437500 0.046296 0.028125
0 0.354630 0.588021 0.014815 0.019792
0 0.424074 0.695833 0.031481 0.018750
0 0.425000 0.456250 0.046296 0.026042
0 0.425926 0.675000 0.033333 0.020833
0 0.445370 0.711458 0.033333 0.020833
0 0.462037 0.635938 0.029630 0.015625
0 0.395370 0.723437 0.027778 0.016667
0 0.853704 0.342187 0.024074 0.015625
0 0.427778 0.290625 0.027778 0.014583
0 0.411111 0.732292 0.037037 0.020833
0 0.596296 0.593229 0.018519 0.010417
0 0.862963 0.311458 0.022222 0.014583
0 0.510185 0.693750 0.024074 0.012500
0 0.587037 0.506250 0.029630 0.017708
0 0.996296 0.310937 0.005556 0.015625
0 0.579630 0.483854 0.025926 0.017708
0 0.849074 0.307812 0.038889 0.025000
0 0.800926 0.578125 0.018519 0.013542
0 0.967593 0.192708 0.012963 0.007292
0 0.979630 0.313021 0.024074 0.014583
0 0.747222 0.711979 0.018519 0.010417
0 0.856481 0.311458 0.029630 0.012500
0 0.874074 0.308854 0.033333 0.016667
0 0.967593 0.710417 0.029630 0.014583
0 0.873148 0.296354 0.022222 0.012500
0 0.997222 0.392708 0.014815 0.009375
0 0.801852 0.578125 0.014815 0.007292
0 0.861111 0.515625 0.024074 0.014583
0 0.912037 0.314063 0.024074 0.013542
0 0.860185 0.580208 0.024074 0.013542
0 0.905556 0.306250 0.025926 0.012500
0 0.907407 0.511979 0.027778 0.016667
