0 0.994444 0.525000 0.009259 0.011458
0 0.632407 0.481250 0.022222 0.012500
0 0.572222 0.575521 0.024074 0.014583
0 0.612037 0.507292 0.027778 0.015625
0 0.622222 0.503646 0.016667 0.010417
0 0.643519 0.278646 0.027778 0.015625
0 0.629630 0.495833 0.024074 0.013542
0 0.606481 0.305729 0.024074 0.015625
0 0.995370 0.678125 0.005556 0.017708
0 0.670370 0.496354 0.024074 0.014583
0 0.626852 0.310937 0.020370 0.013542
0 0.660185 0.484896 0.022222 0.012500
0 0.626852 0.320833 0.020370 0.013542
0 0.695370 0.473958 0.024074 0.011458
0 0.708333 0.306250 0.022222 0.015625
0 0.996296 0.268229 0.003704 0.016667
0 0.803704 0.488542 0.027778 0.015625
0 0.753704 0.304688 0.024074 0.015625
0 0.990741 0.678646 0.018519 0.021875
0 0.867593 0.397917 0.033333 0.018750
0 0.809259 0.425000 0.020370 0.011458
0 0.997222 0.506250 0.003704 0.017708
0 0.991667 0.674479 0.016667 0.016667
0 0.997222 0.699479 0.003704 0.016667
0 0.988889 0.668229 0.018519 0.011458
0 0.996296 0.735938 0.007407 0.016667
0 0.992593 0.681250 0.009259 0.018750
0 0.995370 0.349479 0.009259 0.014583
0 0.992593 0.344271 0.011111 0.013542
0 0.994444 0.661458 0.009259 0.012500
0 0.996296 0.382292 0.009259 0.012500
0 0.995370 0.391667 0.007407 0.012500
0 0.994444 0.679688 0.009259 0.016667
0 0.996296 0.466146 0.007407 0.020833
0 0.996296 0.698958 0.005556 0.014583
0 0.994444 0.704167 0.007407 0.013542
0 0.996296 0.483854 0.003704 0.010417
0 0.991667 0.707292 0.012963 0.016667
0 0.496296 0.568229 0.022222 0.013542
0 0.687963 0.489063 0.024074 0.013542
0 0.585185 0.510417 0.025926 0.015625
0 0.660185 0.306771 0.024074 0.012500
0 0.573148 0.575521 0.024074 0.013542
0 0.652778 0.299479 0.025926 0.014583
0 0.612963 0.507812 0.025926 0.016667
0 0.536111 0.306250 0.031481 0.019792
0 0.599074 0.708333 0.027778 0.018750
0 0.747222 0.393229 0.020370 0.012500
0 0.538889 0.292708 0.025926 0.015625
0 0.009259 0.437500 0.018519 0.027083
0 0.040741 0.584375 0.012963 0.016667
0 0.050926 0.698438 0.031481 0.018750
0 0.037037 0.456250 0.046296 0.026042
0 0.054630 0.677083 0.035185 0.020833
0 0.044444 0.554167 0.027778 0.012500
0 0.077778 0.713021 0.037037 0.021875
0 0.101852 0.636458 0.035185 0.017708
0 0.079630 0.722917 0.031481 0.016667
0 0.418519 0.343750 0.025926 0.015625
0 0.115741 0.286979 0.031481 0.017708
0 0.121296 0.731250 0.035185 0.020833
0 0.217593 0.593750 0.020370 0.010417
0 0.512963 0.308333 0.024074 0.016667
0 0.168519 0.694271 0.033333 0.018750
0 0.990741 0.461979 0.016667 0.011458
0 0.256481 0.505208 0.031481 0.016667
0 0.726852 0.305729 0.022222 0.015625
0 0.260185 0.481771 0.029630 0.016667
0 0.995370 0.645312 0.024074 0.017708
0 0.476852 0.306771 0.027778 0.018750
0 0.516667 0.576042 0.024074 0.013542
0 0.692593 0.184375 0.011111 0.008333
0 0.708333 0.306771 0.022222 0.015625
0 0.993519 0.318229 0.011111 0.009375
0 0.512037 0.348958 0.029630 0.015625
0 0.399074 0.708854 0.027778 0.015625
0 0.462037 0.547917 0.027778 0.017708
0 0.996296 0.564583 0.007407 0.013542
0 1.001852 0.662500 0.018519 0.016667
0 0.493519 0.311458 0.031481 0.017708
