0 0.215741 0.672396 0.029630 0.016667
0 0.000000 0.000000 0.000000 0.000000
0 0.991667 0.589583 0.012963 0.019792
0 0.293519 0.351042 0.033333 0.018750
0 0.989815 0.483333 0.020370 0.012500
0 0.587963 0.693229 0.038889 0.022917
0 0.312037 0.365104 0.027778 0.015625
0 0.333333 0.641146 0.029630 0.017708
0 0.920370 0.575521 0.048148 0.026042
0 0.992593 0.272917 0.031481 0.015625
0 0.707407 0.519792 0.040741 0.022917
0 0.618519 0.680729 0.042593 0.023958
0 0.993519 0.547396 0.012963 0.017708
0 0.997222 0.486458 0.011111 0.021875
0 0.988889 0.388021 0.020370 0.022917
0 0.425926 0.501042 0.022222 0.011458
0 0.030556 0.386458 0.016667 0.012500
0 0.151852 0.672917 0.037037 0.019792
0 0.679630 0.288021 0.022222 0.013542
0 0.157407 0.697396 0.033333 0.018750
0 0.817593 0.664583 0.038889 0.023958
0 0.417593 0.555208 0.022222 0.012500
0 0.205556 0.648958 0.022222 0.012500
0 0.203704 0.663542 0.037037 0.019792
0 1.001852 0.450000 0.025926 0.017708
0 0.787037 0.659375 0.031481 0.020833
0 0.195370 0.696354 0.031481 0.017708
0 0.552778 0.650521 0.042593 0.023958
0 0.680556 0.549479 0.020370 0.012500
0 0.854630 0.661458 0.025926 0.015625
0 0.489815 0.686458 0.025926 0.014583
0 0.286111 0.328646 0.033333 0.016667
0 0.396296 0.259896 0.018519 0.020833
0 0.959259 0.547396 0.040741 0.021875
0 0.699074 0.687500 0.031481 0.017708
0 0.669444 0.434375 0.037037 0.020833
0 0.397222 0.676562 0.027778 0.016667
0 0.596296 0.780208 0.038889 0.021875
0 0.766667 0.359375 0.042593 0.023958
0 0.987037 0.335938 0.029630 0.016667
0 0.995370 0.592187 0.007407 0.022917
0 0.992593 0.264583 0.012963 0.022917
0 0.703704 0.653646 0.037037 0.019792
0 0.985185 0.591146 0.025926 0.020833
0 1.006481 0.499479 0.061111 0.030208
0 0.700000 0.713542 0.031481 0.019792
0 0.993519 0.677604 0.011111 0.020833
0 0.794444 0.381771 0.042593 0.022917
0 0.995370 0.482292 0.005556 0.018750
0 0.442593 0.675000 0.020370 0.012500
0 0.490741 0.265625 0.033333 0.019792
0 0.998148 0.513542 0.024074 0.018750
0 0.341667 0.477604 0.024074 0.014583
0 0.680556 0.256250 0.029630 0.018750
0 0.990741 0.727604 0.016667 0.016667
0 0.995370 0.531250 0.007407 0.021875
0 0.952778 0.219271 0.040741 0.023958
0 0.816667 0.761979 0.029630 0.015625
0 1.000000 0.369792 0.033333 0.023958
0 0.993519 0.708854 0.011111 0.018750
0 0.769444 0.733854 0.031481 0.017708
0 0.988889 0.690104 0.037037 0.020833
0 0.667593 0.646354 0.024074 0.015625
0 0.991667 0.574479 0.016667 0.018750
0 0.991667 0.539583 0.031481 0.018750
0 0.687037 0.538021 0.027778 0.015625
0 0.333333 0.308333 0.018519 0.009375
0 1.003704 0.293750 0.022222 0.014583
0 0.885185 0.632292 0.033333 0.015625
0 0.307407 0.449479 0.027778 0.015625
0 0.989815 0.540625 0.016667 0.026042
0 0.587037 0.693750 0.038889 0.022917
0 0.817593 0.664583 0.037037 0.025000
0 0.736111 0.771875 0.031481 0.017708
0 0.993519 0.593750 0.012963 0.020833
0 0.977778 0.720833 0.042593 0.020833
0 0.996296 0.414062 0.005556 0.015625
0 1.002778 0.267708 0.029630 0.016667
0 0.785185 0.658854 0.037037 0.020833
0 0.699074 0.664062 0.035185 0.016667
0 1.003704 0.542708 0.025926 0.019792
0 0.424074 0.681250 0.029630 0.015625
0 1.008333 0.570312 0.029630 0.018750
0 0.993519 0.278646 0.025926 0.015625
0 0.993519 0.526042 0.011111 0.019792
0 0.787963 0.769792 0.024074 0.014583
