0 0.004630 0.683333 0.009259 0.021875
0 0.007407 0.418229 0.014815 0.028125
0 0.017593 0.516667 0.024074 0.013542
0 0.016667 0.450000 0.033333 0.025000
0 0.027778 0.432812 0.050000 0.029167
0 0.068519 0.579688 0.012963 0.018750
0 0.084259 0.692708 0.031481 0.017708
0 0.072222 0.451042 0.050000 0.027083
0 0.087963 0.671875 0.035185 0.020833
0 0.072222 0.549479 0.027778 0.012500
0 0.112037 0.708333 0.035185 0.021875
0 0.133333 0.631771 0.033333 0.017708
0 0.108333 0.719792 0.025926 0.014583
0 0.458333 0.338021 0.024074 0.015625
0 0.142593 0.282292 0.033333 0.017708
0 0.148148 0.726042 0.033333 0.020833
0 0.252778 0.588021 0.020370 0.010417
0 0.542593 0.303646 0.025926 0.017708
0 0.194444 0.689063 0.035185 0.017708
0 0.991667 0.458854 0.016667 0.011458
0 0.286111 0.500000 0.031481 0.016667
0 0.753704 0.300521 0.024074 0.015625
0 0.287963 0.475521 0.029630 0.014583
0 0.996296 0.641146 0.024074 0.017708
0 0.506481 0.301042 0.029630 0.017708
0 0.539815 0.570833 0.022222 0.013542
0 0.719444 0.178646 0.011111 0.008333
0 0.734259 0.301563 0.024074 0.015625
0 0.994444 0.315104 0.011111 0.009375
0 0.554630 0.344271 0.031481 0.016667
0 0.426852 0.703646 0.025926 0.016667
0 0.497222 0.542708 0.027778 0.017708
0 0.995370 0.565625 0.005556 0.012500
0 1.000926 0.655729 0.016667 0.015625
0 0.524074 0.306250 0.031481 0.018750
0 0.567593 0.301042 0.033333 0.018750
0 0.633333 0.703125 0.027778 0.017708
0 0.569444 0.286458 0.024074 0.014583
0 0.775000 0.387500 0.018519 0.011458
0 0.520370 0.564583 0.024074 0.012500
0 0.712963 0.484375 0.024074 0.013542
0 0.612037 0.505729 0.027778 0.014583
0 0.684259 0.301563 0.024074 0.012500
0 0.599074 0.570833 0.024074 0.014583
0 0.677778 0.293750 0.025926 0.013542
0 0.639815 0.502083 0.027778 0.016667
0 0.994444 0.523438 0.009259 0.011458
0 0.997222 0.688021 0.003704 0.016667
0 0.658333 0.476562 0.022222 0.012500
0 0.600000 0.570833 0.025926 0.014583
0 0.640741 0.502604 0.025926 0.015625
0 0.672222 0.273438 0.027778 0.015625
0 0.656481 0.491146 0.022222 0.013542
0 0.630556 0.301042 0.024074 0.016667
0 0.996296 0.675000 0.007407 0.018750
0 0.696296 0.491667 0.024074 0.014583
0 0.650000 0.305729 0.020370 0.013542
0 0.686111 0.481250 0.022222 0.012500
0 0.650000 0.316667 0.022222 0.013542
0 0.722222 0.468750 0.022222 0.011458
0 0.734259 0.301563 0.024074 0.015625
0 0.997222 0.267708 0.005556 0.016667
0 0.833333 0.482812 0.027778 0.015625
0 0.780556 0.300521 0.024074 0.014583
0 0.989815 0.675521 0.018519 0.022917
0 0.898148 0.392188 0.033333 0.019792
0 0.838889 0.419792 0.020370 0.011458
0 0.997222 0.505208 0.003704 0.017708
0 0.991667 0.671354 0.014815 0.016667
0 0.990741 0.666146 0.018519 0.010417
0 0.995370 0.734375 0.005556 0.016667
0 0.993519 0.672396 0.011111 0.017708
0 0.994444 0.346354 0.007407 0.014583
0 0.992593 0.346875 0.011111 0.013542
0 0.994444 0.658854 0.009259 0.012500
0 1.003704 0.383333 0.011111 0.016667
0 0.995370 0.388542 0.005556 0.012500
0 0.994444 0.675521 0.009259 0.015625
0 0.996296 0.460938 0.007407 0.020833
0 0.996296 0.693229 0.005556 0.013542
0 0.992593 0.700521 0.012963 0.016667
0 0.997222 0.480729 0.005556 0.010417
