0 0.678704 0.660937 0.027778 0.014583
0 0.174074 0.237500 0.029630 0.018750
0 0.300000 0.548958 0.027778 0.014583
0 0.739815 0.334375 0.031481 0.018750
0 0.109259 0.444792 0.025926 0.010417
0 0.340741 0.147917 0.022222 0.014583
0 0.898148 0.500000 0.024074 0.013542
0 0.088889 0.410938 0.037037 0.019792
0 0.100926 0.538542 0.029630 0.014583
0 0.124074 0.534896 0.035185 0.017708
0 0.456481 0.513021 0.016667 0.011458
0 0.151852 0.530729 0.029630 0.017708
0 0.550926 0.477083 0.022222 0.014583
0 0.470370 0.276562 0.027778 0.017708
0 0.165741 0.241146 0.029630 0.018750
0 0.170370 0.239063 0.037037 0.018750
0 0.185185 0.530729 0.035185 0.019792
0 1.002778 0.705729 0.025926 0.012500
0 0.225926 0.207813 0.035185 0.021875
0 0.975000 0.420312 0.020370 0.013542
0 0.202778 0.257812 0.031481 0.018750
0 0.336111 0.130208 0.024074 0.014583
0 0.262963 0.425000 0.035185 0.020833
0 0.264815 0.439063 0.035185 0.016667
0 0.218519 0.531250 0.031481 0.018750
0 0.309259 0.698438 0.029630 0.017708
0 0.283333 0.312500 0.027778 0.016667
0 0.258333 0.314063 0.029630 0.018750
0 0.460185 0.223958 0.031481 0.017708
0 0.454630 0.266146 0.031481 0.017708
0 0.287963 0.438542 0.025926 0.017708
0 0.235185 0.508333 0.014815 0.008333
0 0.280556 0.703125 0.031481 0.018750
0 0.328704 0.142708 0.024074 0.014583
0 0.659259 0.361458 0.037037 0.020833
0 0.301852 0.601042 0.031481 0.017708
0 0.329630 0.709375 0.035185 0.020833
0 0.329630 0.142708 0.024074 0.014583
0 0.237963 0.519271 0.022222 0.012500
0 0.262963 0.482292 0.031481 0.016667
0 0.387037 0.415104 0.050000 0.029167
0 0.337037 0.680729 0.033333 0.021875
0 0.259259 0.516667 0.027778 0.014583
0 0.398148 0.443229 0.048148 0.026042
0 0.427778 0.427604 0.048148 0.028125
0 0.462037 0.445833 0.048148 0.025000
0 0.467593 0.665625 0.033333 0.020833
0 0.487963 0.702083 0.033333 0.021875
0 0.429630 0.714583 0.025926 0.015625
0 0.449074 0.279167 0.025926 0.013542
0 0.442593 0.723437 0.035185 0.020833
0 0.637037 0.582292 0.018519 0.010417
0 0.905556 0.296354 0.022222 0.014583
0 0.551852 0.683854 0.024074 0.012500
0 0.616667 0.494792 0.031481 0.017708
0 0.995370 0.298438 0.005556 0.016667
0 0.607407 0.472396 0.025926 0.016667
0 0.896296 0.292187 0.042593 0.026042
0 0.848148 0.568750 0.018519 0.012500
0 0.977778 0.176042 0.011111 0.006250
0 0.987963 0.298958 0.016667 0.014583
0 0.800926 0.699479 0.018519 0.010417
0 0.900000 0.296875 0.027778 0.012500
0 0.902778 0.294271 0.024074 0.013542
0 0.999074 0.693750 0.007407 0.015625
0 0.896296 0.281250 0.022222 0.012500
0 0.999074 0.382292 0.014815 0.009375
0 0.850000 0.578646 0.014815 0.006250
0 0.889815 0.504167 0.025926 0.014583
0 0.924074 0.296875 0.020370 0.011458
0 0.885185 0.566146 0.025926 0.014583
0 0.917593 0.291667 0.024074 0.014583
0 0.931481 0.497396 0.027778 0.016667
0 0.940741 0.470313 0.016667 0.009375
0 0.885185 0.566146 0.025926 0.014583
0 0.931481 0.497396 0.027778 0.016667
0 0.938889 0.270313 0.024074 0.013542
0 0.934259 0.486979 0.016667 0.011458
0 0.900000 0.294271 0.027778 0.013542
0 0.962963 0.486979 0.024074 0.014583
0 0.914815 0.303646 0.022222 0.013542
0 0.954630 0.475000 0.025926 0.014583
0 0.900000 0.310937 0.024074 0.014583
0 0.986111 0.462500 0.020370 0.014583
0 0.990741 0.297396 0.024074 0.013542
0 0.995370 0.452083 0.007407 0.014583
0 0.989815 0.297917 0.020370 0.014583
0 0.996296 0.398958 0.005556 0.016667
