0 0.365741 0.661979 0.035185 0.021875
0 0.664815 0.498958 0.037037 0.020833
0 0.148148 0.675000 0.044444 0.026042
0 0.264815 0.513542 0.040741 0.022917
0 0.456481 0.571354 0.048148 0.027083
0 0.633333 0.266146 0.035185 0.019792
0 0.799074 0.526042 0.035185 0.018750
0 0.491667 0.480208 0.042593 0.026042
0 0.760185 0.374479 0.044444 0.023958
0 0.361111 0.730729 0.029630 0.016667
0 0.598148 0.715625 0.035185 0.020833
0 0.801852 0.379688 0.035185 0.019792
0 0.417593 0.758854 0.027778 0.016667
0 0.483333 0.209375 0.038889 0.023958
0 0.650000 0.538542 0.044444 0.023958
0 0.562963 0.719271 0.033333 0.020833
0 0.379630 0.249479 0.031481 0.019792
0 0.045370 0.470313 0.025926 0.013542
0 0.587037 0.277083 0.022222 0.013542
0 0.635185 0.517188 0.035185 0.017708
0 0.707407 0.269271 0.022222 0.013542
0 0.059259 0.253125 0.025926 0.014583
0 0.121296 0.688021 0.033333 0.018750
0 0.272222 0.681771 0.029630 0.016667
0 0.212037 0.426563 0.038889 0.020833
0 0.677778 0.483333 0.029630 0.017708
0 0.043519 0.669271 0.025926 0.014583
0 0.198148 0.773958 0.042593 0.025000
0 0.239815 0.350000 0.038889 0.022917
0 0.091667 0.283333 0.035185 0.017708
0 0.819444 0.334896 0.025926 0.014583
0 0.763889 0.575521 0.035185 0.018750
0 0.602778 0.256250 0.040741 0.027083
0 0.239815 0.647917 0.038889 0.019792
0 0.806481 0.573438 0.037037 0.018750
0 0.822222 0.508854 0.033333 0.019792
0 0.285185 0.709375 0.031481 0.018750
0 0.641667 0.688021 0.040741 0.025000
0 0.277778 0.373437 0.042593 0.021875
0 0.328704 0.768750 0.031481 0.017708
0 0.829630 0.559896 0.033333 0.019792
0 0.507407 0.719271 0.040741 0.020833
0 0.735185 0.428646 0.044444 0.025000
0 0.610185 0.243229 0.033333 0.019792
0 0.341667 0.657813 0.035185 0.018750
0 0.243519 0.659375 0.035185 0.014583
0 0.625000 0.547917 0.029630 0.018750
0 0.068519 0.674479 0.029630 0.017708
0 0.626852 0.571875 0.025926 0.017708
0 0.696296 0.277083 0.031481 0.017708
0 0.740741 0.517188 0.037037 0.021875
0 0.389815 0.765625 0.029630 0.016667
0 0.462963 0.542188 0.042593 0.021875
0 0.827778 0.539062 0.033333 0.018750
0 0.204630 0.360417 0.025926 0.011458
0 0.083333 0.644792 0.038889 0.017708
0 0.277778 0.669792 0.029630 0.015625
0 0.646296 0.700521 0.029630 0.015625
0 0.198148 0.638021 0.031481 0.018750
0 0.796296 0.569792 0.025926 0.012500
0 0.694444 0.634375 0.025926 0.015625
0 0.785185 0.557813 0.027778 0.015625
0 0.440741 0.208854 0.024074 0.013542
0 0.235185 0.361458 0.025926 0.010417
0 0.300000 0.539583 0.022222 0.012500
0 0.386111 0.443750 0.031481 0.018750
0 0.066667 0.264583 0.024074 0.013542
0 0.684259 0.284375 0.024074 0.014583
0 0.409259 0.627604 0.031481 0.017708
0 0.614815 0.526563 0.031481 0.019792
0 0.587963 0.547917 0.027778 0.018750
0 0.003704 0.443750 0.007407 0.013542
0 0.784259 0.346875 0.027778 0.014583
0 0.762963 0.533854 0.037037 0.019792
