0 0.298148 0.309375 0.024074 0.013542
0 0.654630 0.675521 0.035185 0.020833
0 0.405556 0.307292 0.022222 0.014583
0 0.412037 0.485417 0.027778 0.015625
0 0.858333 0.289062 0.025926 0.015625
0 0.373148 0.308333 0.027778 0.014583
0 0.357407 0.472396 0.024074 0.012500
0 0.993519 0.785417 0.011111 0.026042
0 0.325926 0.322917 0.022222 0.013542
0 0.333333 0.483854 0.024074 0.012500
0 0.318519 0.313021 0.020370 0.013542
0 0.328704 0.494271 0.024074 0.013542
0 0.996296 0.657292 0.007407 0.019792
0 0.289815 0.494271 0.025926 0.015625
0 0.293519 0.282292 0.024074 0.015625
0 0.262037 0.501563 0.020370 0.013542
0 0.242593 0.506771 0.029630 0.016667
0 0.992593 0.694271 0.011111 0.015625
0 0.212037 0.572396 0.025926 0.014583
0 0.284259 0.480208 0.022222 0.011458
0 0.867593 0.533333 0.020370 0.010417
0 0.239815 0.505729 0.029630 0.016667
0 1.009259 0.542708 0.024074 0.011458
0 0.995370 0.660937 0.007407 0.021875
0 0.338889 0.301042 0.025926 0.014583
0 0.212963 0.572396 0.029630 0.014583
0 0.350000 0.309375 0.020370 0.013542
0 0.996296 0.391667 0.003704 0.014583
0 0.210185 0.564063 0.024074 0.010417
0 0.225000 0.508854 0.020370 0.014583
0 0.370370 0.487500 0.020370 0.012500
0 0.150926 0.560417 0.018519 0.011458
0 0.420370 0.393229 0.022222 0.013542
0 0.117593 0.297917 0.033333 0.017708
0 0.117593 0.701042 0.031481 0.016667
0 0.101852 0.311458 0.038889 0.020833
0 0.069444 0.316146 0.031481 0.018750
0 0.741667 0.698438 0.029630 0.017708
0 0.884259 0.542188 0.018519 0.011458
0 0.039815 0.545833 0.031481 0.016667
0 0.045370 0.702083 0.033333 0.014583
0 0.008333 0.347917 0.016667 0.017708
0 0.811111 0.391667 0.029630 0.014583
0 0.449074 0.397396 0.029630 0.018750
0 0.450000 0.414583 0.020370 0.010417
0 0.425000 0.428646 0.012963 0.007292
0 0.850926 0.529167 0.022222 0.013542
0 0.450000 0.389062 0.014815 0.009375
0 0.717593 0.697917 0.035185 0.020833
0 0.995370 0.320833 0.020370 0.010417
0 0.691667 0.723437 0.031481 0.019792
0 0.991667 0.693229 0.014815 0.029167
0 0.908333 0.581771 0.020370 0.011458
0 0.770370 0.690625 0.031481 0.018750
0 0.997222 0.719792 0.016667 0.025000
0 0.727778 0.722917 0.029630 0.017708
0 0.980556 0.719792 0.029630 0.015625
0 0.792593 0.356250 0.031481 0.016667
0 0.828704 0.298958 0.027778 0.015625
0 0.989815 0.692187 0.016667 0.021875
0 0.786111 0.375521 0.025926 0.014583
0 0.993519 0.726562 0.011111 0.021875
0 0.828704 0.669271 0.031481 0.017708
0 0.994444 0.659896 0.009259 0.025000
0 0.993519 0.553646 0.009259 0.017708
0 0.991667 0.744271 0.016667 0.027083
0 0.989815 0.764583 0.016667 0.018750
0 0.991667 0.765625 0.014815 0.008333
0 0.989815 0.234896 0.020370 0.011458
0 0.992593 0.271875 0.012963 0.018750
0 0.793519 0.504167 0.025926 0.013542
0 0.989815 0.730729 0.016667 0.023958
0 0.991667 0.711458 0.014815 0.019792
0 0.994444 0.511458 0.009259 0.022917
0 0.898148 0.707292 0.029630 0.017708
0 0.991667 0.785937 0.012963 0.017708
0 0.994444 0.358333 0.009259 0.022917
0 0.994444 0.260937 0.007407 0.014583
0 0.994444 0.639062 0.011111 0.018750
0 0.994444 0.713542 0.007407 0.015625
0 0.993519 0.432292 0.012963 0.023958
0 0.994444 0.622396 0.011111 0.021875
0 0.993519 0.783333 0.012963 0.019792
0 0.994444 0.657292 0.009259 0.019792
0 0.995370 0.655729 0.007407 0.012500
0 0.932407 0.713021 0.035185 0.018750
0 0.992593 0.534375 0.014815 0.029167
0 1.000000 0.684375 0.033333 0.014583
0 0.772222 0.476562 0.027778 0.016667
