0 0.759259 0.479167 0.024074 0.013542
0 0.997222 0.477083 0.003704 0.009375
0 0.993519 0.692187 0.012963 0.015625
0 0.996296 0.454167 0.007407 0.020833
0 0.994444 0.667708 0.007407 0.013542
0 0.995370 0.383854 0.007407 0.012500
0 1.005556 0.404687 0.014815 0.021875
0 0.995370 0.650521 0.009259 0.011458
0 0.989815 0.343750 0.011111 0.013542
0 0.995370 0.341146 0.009259 0.014583
0 0.993519 0.656250 0.009259 0.016667
0 0.995370 0.730729 0.005556 0.016667
0 0.990741 0.663542 0.016667 0.010417
0 0.997222 0.672917 0.003704 0.016667
0 0.990741 0.663542 0.014815 0.016667
0 0.997222 0.500521 0.003704 0.016667
0 0.952778 0.385937 0.038889 0.018750
0 0.988889 0.669792 0.020370 0.025000
0 0.822222 0.295312 0.024074 0.015625
0 0.886111 0.476562 0.027778 0.015625
0 0.997222 0.267188 0.005556 0.016667
0 0.775000 0.297917 0.022222 0.014583
0 0.767593 0.463542 0.022222 0.011458
0 0.687037 0.311979 0.022222 0.013542
0 0.733333 0.475521 0.022222 0.013542
0 0.687037 0.301563 0.020370 0.013542
0 0.743519 0.486458 0.024074 0.014583
0 0.996296 0.671354 0.007407 0.019792
0 0.666667 0.297917 0.024074 0.013542
0 0.702778 0.485417 0.020370 0.013542
0 0.714815 0.268750 0.022222 0.014583
0 0.693519 0.497396 0.027778 0.016667
0 0.651852 0.565104 0.025926 0.013542
0 0.707407 0.471875 0.022222 0.012500
0 0.994444 0.522917 0.009259 0.011458
0 0.693519 0.497396 0.027778 0.016667
0 0.715741 0.289062 0.020370 0.013542
0 0.652778 0.565104 0.025926 0.013542
0 0.720370 0.297396 0.022222 0.013542
0 0.662037 0.501042 0.029630 0.015625
0 0.565741 0.561458 0.018519 0.009375
0 0.824074 0.380729 0.016667 0.011458
0 0.043519 0.150521 0.024074 0.015625
0 0.048148 0.710938 0.035185 0.020833
0 0.029630 0.603646 0.031481 0.017708
0 0.393519 0.364583 0.033333 0.021875
0 0.023148 0.146875 0.025926 0.015625
0 0.021296 0.703646 0.037037 0.017708
0 0.009259 0.515104 0.018519 0.012500
0 0.200926 0.266667 0.027778 0.016667
0 0.206481 0.224479 0.035185 0.016667
0 0.260185 0.685417 0.031481 0.015625
0 0.600000 0.300000 0.024074 0.016667
0 0.329630 0.583854 0.018519 0.009375
0 0.206481 0.723958 0.033333 0.019792
0 0.196296 0.282292 0.031481 0.017708
0 0.539815 0.333854 0.025926 0.015625
0 0.176852 0.714583 0.029630 0.016667
0 0.209259 0.628646 0.033333 0.016667
0 0.190741 0.703646 0.033333 0.021875
0 0.008333 0.441146 0.016667 0.017708
0 0.625926 0.282813 0.024074 0.013542
0 0.708333 0.695833 0.025926 0.016667
0 0.626852 0.296875 0.031481 0.018750
0 0.582407 0.301563 0.029630 0.017708
0 1.000926 0.642708 0.016667 0.015625
0 0.570370 0.538021 0.025926 0.016667
0 0.484259 0.698438 0.022222 0.014583
0 0.650000 0.340625 0.035185 0.019792
0 0.774074 0.296354 0.024074 0.014583
0 0.759259 0.174479 0.011111 0.007292
0 0.584259 0.566146 0.022222 0.014583
0 0.564815 0.296875 0.024074 0.016667
0 0.997222 0.631250 0.024074 0.017708
0 0.350926 0.473958 0.031481 0.016667
0 0.795370 0.295833 0.024074 0.014583
0 0.349074 0.496875 0.029630 0.016667
0 0.995370 0.453125 0.014815 0.011458
0 0.136111 0.547917 0.027778 0.012500
0 0.166667 0.668750 0.035185 0.020833
0 0.147222 0.450000 0.048148 0.026042
0 0.162963 0.689063 0.029630 0.016667
0 0.128704 0.578125 0.012963 0.017708
0 0.104630 0.431771 0.050000 0.028125
0 0.082407 0.448437 0.051852 0.026042
0 0.062037 0.517188 0.024074 0.014583
0 0.061111 0.681771 0.038889 0.021875
0 0.064815 0.418750 0.053704 0.028125
0 0.037963 0.483854 0.035185 0.017708
0 0.038889 0.518750 0.025926 0.013542
