0 0.335185 0.714583 0.031481 0.017708
0 0.293519 0.457292 0.037037 0.020833
0 0.747222 0.516667 0.020370 0.010417
0 0.188889 0.722396 0.033333 0.023958
0 0.069444 0.703646 0.029630 0.014583
0 0.243519 0.810937 0.042593 0.023958
0 0.350926 0.382812 0.042593 0.022917
0 0.174074 0.306771 0.027778 0.015625
0 0.843519 0.371354 0.029630 0.016667
0 0.812037 0.605208 0.033333 0.019792
0 0.684259 0.294271 0.038889 0.025000
0 0.316667 0.680729 0.038889 0.018750
0 0.856481 0.603646 0.033333 0.018750
0 0.887963 0.541667 0.035185 0.019792
0 0.342593 0.742188 0.031481 0.017708
0 0.709259 0.717708 0.040741 0.025000
0 0.381481 0.406771 0.040741 0.021875
0 0.748148 0.531250 0.037037 0.020833
0 0.439815 0.694792 0.035185 0.019792
0 0.382407 0.803646 0.031481 0.019792
0 0.875926 0.590104 0.031481 0.018750
0 0.587037 0.751563 0.042593 0.020833
0 0.824074 0.463021 0.042593 0.023958
0 0.689815 0.281771 0.029630 0.016667
0 0.421296 0.690104 0.035185 0.019792
0 0.316667 0.693229 0.035185 0.014583
0 0.668519 0.577083 0.029630 0.017708
0 0.098148 0.707812 0.029630 0.016667
0 0.687963 0.601562 0.029630 0.015625
0 0.725926 0.312500 0.031481 0.017708
0 0.812963 0.548438 0.037037 0.019792
0 0.439815 0.799479 0.029630 0.016667
0 0.554630 0.574479 0.040741 0.022917
0 0.875926 0.569792 0.027778 0.016667
0 0.258333 0.389062 0.027778 0.013542
0 0.119444 0.703125 0.024074 0.013542
0 0.341667 0.703646 0.022222 0.011458
0 0.682407 0.730208 0.027778 0.016667
0 0.274074 0.673438 0.027778 0.015625
0 0.843519 0.598958 0.027778 0.017708
0 0.741667 0.664062 0.025926 0.014583
0 0.834259 0.587500 0.027778 0.015625
0 0.470370 0.241667 0.024074 0.012500
0 0.304630 0.390104 0.022222 0.008333
0 0.360185 0.563542 0.027778 0.015625
0 0.458333 0.475000 0.038889 0.022917
0 0.138889 0.300521 0.022222 0.010417
0 0.708333 0.316667 0.024074 0.017708
0 0.495370 0.660417 0.027778 0.016667
0 0.659259 0.555729 0.029630 0.016667
0 0.636111 0.577604 0.027778 0.016667
0 0.016667 0.469792 0.025926 0.014583
0 0.834259 0.383333 0.027778 0.013542
0 0.831481 0.565625 0.035185 0.019792
0 0.225000 0.709896 0.044444 0.025000
0 0.013889 0.288542 0.016667 0.017708
0 0.157407 0.677604 0.037037 0.018750
0 -0.071296 0.339583 0.001852 0.001042
0 0.855556 0.603125 0.033333 0.019792
0 0.008333 0.341146 0.016667 0.019792
0 0.707407 0.525521 0.031481 0.018750
0 0.197222 0.719792 0.038889 0.028125
0 0.011111 0.382812 0.022222 0.016667
0 0.013889 0.665104 0.027778 0.019792
0 0.537037 0.602604 0.046296 0.027083
0 0.688889 0.303646 0.031481 0.015625
0 0.338889 0.544271 0.040741 0.022917
0 0.862037 0.557813 0.033333 0.018750
0 0.593519 0.513021 0.042593 0.026042
0 0.852778 0.411458 0.042593 0.021875
0 0.416667 0.764062 0.033333 0.016667
0 0.669444 0.746875 0.035185 0.020833
0 0.873148 0.414062 0.027778 0.019792
0 0.467593 0.791667 0.027778 0.017708
0 0.570370 0.247396 0.038889 0.022917
0 0.724074 0.570312 0.046296 0.023958
0 0.637037 0.750521 0.033333 0.019792
0 0.408333 0.280729 0.029630 0.018750
0 0.060185 0.497917 0.025926 0.014583
0 0.670370 0.313542 0.020370 0.012500
0 0.681481 0.545312 0.031481 0.017708
0 0.734259 0.305208 0.020370 0.014583
0 0.092593 0.279167 0.027778 0.016667
