0 0.863889 0.580208 0.012963 0.006250
0 0.893519 0.496354 0.024074 0.014583
0 0.917593 0.288542 0.020370 0.011458
0 0.884259 0.557813 0.027778 0.014583
0 0.916667 0.283854 0.024074 0.013542
0 0.929630 0.488021 0.027778 0.016667
0 0.938889 0.461458 0.016667 0.008333
0 0.884259 0.557292 0.025926 0.013542
0 0.930556 0.488021 0.029630 0.016667
0 0.933333 0.260417 0.025926 0.013542
0 0.937037 0.480208 0.016667 0.011458
0 0.900000 0.286979 0.025926 0.012500
0 0.960185 0.478125 0.027778 0.014583
0 0.920370 0.294792 0.022222 0.012500
0 0.951852 0.465625 0.025926 0.014583
0 0.903704 0.302083 0.024074 0.014583
0 0.981481 0.453125 0.024074 0.014583
0 0.986111 0.288021 0.025926 0.015625
0 0.995370 0.444792 0.007407 0.014583
0 0.985185 0.287500 0.024074 0.015625
0 0.996296 0.398438 0.005556 0.016667
0 0.296296 0.323437 0.027778 0.014583
0 0.681481 0.653125 0.027778 0.015625
0 0.163889 0.232292 0.031481 0.018750
0 0.298148 0.544271 0.025926 0.013542
0 0.736111 0.326562 0.029630 0.017708
0 0.107407 0.442708 0.025926 0.011458
0 0.333333 0.140104 0.022222 0.014583
0 0.897222 0.491667 0.022222 0.013542
0 0.085185 0.408854 0.038889 0.020833
0 0.100926 0.536979 0.031481 0.014583
0 0.124074 0.532292 0.033333 0.016667
0 0.456481 0.507292 0.016667 0.010417
0 0.150000 0.528125 0.029630 0.017708
0 0.550926 0.470833 0.022222 0.015625
0 0.462963 0.270313 0.027778 0.018750
0 0.155556 0.236458 0.029630 0.019792
0 0.159259 0.233854 0.037037 0.018750
0 0.183333 0.528125 0.037037 0.019792
0 1.002778 0.698958 0.025926 0.012500
0 0.217593 0.201563 0.037037 0.021875
0 0.972222 0.421354 0.020370 0.014583
0 0.192593 0.252604 0.031481 0.018750
0 0.328704 0.121875 0.025926 0.014583
0 0.262963 0.420833 0.035185 0.020833
0 0.265741 0.435937 0.033333 0.017708
0 0.217593 0.528125 0.033333 0.017708
0 0.314815 0.694792 0.027778 0.017708
0 0.276852 0.307812 0.029630 0.016667
0 0.250926 0.308854 0.029630 0.018750
0 0.454630 0.217188 0.033333 0.017708
0 0.449074 0.258854 0.031481 0.017708
0 0.287963 0.434375 0.025926 0.017708
0 0.232407 0.505208 0.014815 0.008333
0 0.286111 0.700000 0.031481 0.018750
0 0.322222 0.134375 0.025926 0.014583
0 0.657407 0.354687 0.037037 0.021875
0 0.304630 0.597917 0.029630 0.017708
0 0.336111 0.705729 0.033333 0.021875
0 0.323148 0.134896 0.025926 0.015625
0 0.233333 0.516146 0.022222 0.013542
0 0.260185 0.479167 0.027778 0.017708
0 0.389815 0.409896 0.050000 0.028125
0 0.344444 0.676562 0.033333 0.021875
0 0.255556 0.513021 0.025926 0.014583
0 0.400926 0.439063 0.048148 0.026042
0 0.430556 0.422917 0.048148 0.027083
0 0.465741 0.440625 0.050000 0.027083
0 0.475000 0.660417 0.033333 0.020833
0 0.496296 0.696875 0.033333 0.021875
0 0.435185 0.709375 0.027778 0.015625
0 0.443519 0.272917 0.025926 0.013542
0 0.448148 0.717708 0.035185 0.019792
0 0.643519 0.575521 0.018519 0.010417
0 0.911111 0.286979 0.022222 0.014583
0 0.558333 0.678125 0.024074 0.012500
0 0.617593 0.488542 0.031481 0.017708
0 0.996296 0.289583 0.007407 0.016667
0 0.607407 0.465625 0.025926 0.016667
0 0.901852 0.283333 0.040741 0.027083
0 0.855556 0.565104 0.018519 0.012500
0 0.970370 0.166146 0.011111 0.007292
0 0.982407 0.289062 0.016667 0.014583
0 0.811111 0.691146 0.018519 0.009375
0 0.905556 0.287500 0.029630 0.011458
0 0.900000 0.286979 0.022222 0.012500
0 0.995370 0.693229 0.007407 0.015625
0 0.894444 0.271875 0.024074 0.012500
0 1.000000 0.382292 0.014815 0.009375
