0 0.991667 0.706250 0.014815 0.020833
0 0.994444 0.519271 0.009259 0.022917
0 0.927778 0.704688 0.031481 0.017708
0 0.992593 0.787500 0.012963 0.016667
0 0.994444 0.352083 0.009259 0.022917
0 0.993519 0.628646 0.009259 0.018750
0 0.995370 0.707812 0.009259 0.015625
0 0.993519 0.429167 0.012963 0.023958
0 0.993519 0.621354 0.012963 0.022917
0 0.993519 0.785937 0.012963 0.019792
0 0.994444 0.648958 0.009259 0.020833
0 0.995370 0.648958 0.007407 0.013542
0 0.961111 0.710417 0.033333 0.017708
0 0.991667 0.536458 0.014815 0.030208
0 1.000000 0.677083 0.033333 0.014583
0 0.793519 0.475521 0.027778 0.016667
0 0.990741 0.725521 0.018519 0.023958
0 0.475926 0.391667 0.016667 0.009375
0 0.872222 0.527604 0.022222 0.012500
0 0.446296 0.430208 0.012963 0.007292
0 0.464815 0.416667 0.018519 0.009375
0 0.468519 0.398438 0.031481 0.018750
0 0.684259 0.674479 0.035185 0.019792
0 0.421296 0.308333 0.024074 0.015625
0 0.432407 0.486979 0.025926 0.015625
0 0.876852 0.288542 0.025926 0.015625
0 0.387037 0.309896 0.027778 0.014583
0 0.374074 0.473958 0.025926 0.013542
0 0.992593 0.777604 0.011111 0.028125
0 0.337963 0.324479 0.020370 0.012500
0 0.350000 0.485417 0.024074 0.012500
0 0.330556 0.314583 0.020370 0.013542
0 0.346296 0.496354 0.024074 0.014583
0 0.996296 0.664583 0.005556 0.017708
0 0.309259 0.310417 0.022222 0.013542
0 0.307407 0.495312 0.025926 0.015625
0 0.307407 0.283854 0.025926 0.015625
0 0.277778 0.504167 0.022222 0.013542
0 0.261111 0.508854 0.029630 0.017708
0 0.993519 0.686458 0.011111 0.015625
0 0.230556 0.574479 0.025926 0.014583
0 0.300926 0.481250 0.022222 0.010417
0 0.888889 0.530208 0.022222 0.010417
0 0.259259 0.507812 0.029630 0.016667
0 0.989815 0.537500 0.025926 0.012500
0 0.995370 0.669271 0.007407 0.022917
0 0.350926 0.302604 0.025926 0.014583
0 0.229630 0.573958 0.025926 0.013542
0 0.362037 0.310417 0.020370 0.013542
0 0.996296 0.397396 0.003704 0.014583
0 0.231481 0.566146 0.024074 0.010417
0 0.244444 0.510417 0.022222 0.014583
0 0.387037 0.489063 0.020370 0.011458
0 0.171296 0.562500 0.020370 0.011458
0 0.436111 0.394792 0.020370 0.013542
0 0.015741 0.350521 0.031481 0.016667
0 0.064815 0.706250 0.027778 0.012500
0 0.059259 0.548958 0.031481 0.017708
0 0.906481 0.540625 0.020370 0.012500
0 0.775926 0.697917 0.027778 0.017708
0 0.085185 0.318229 0.031481 0.018750
0 0.118519 0.313542 0.040741 0.020833
0 0.144444 0.705208 0.029630 0.017708
0 0.133333 0.300000 0.033333 0.017708
0 0.995370 0.321875 0.020370 0.010417
0 0.724074 0.721875 0.033333 0.018750
0 0.992593 0.689583 0.016667 0.029167
0 0.940741 0.579688 0.020370 0.011458
0 0.805556 0.689063 0.031481 0.018750
0 0.997222 0.729688 0.016667 0.025000
0 0.760185 0.721354 0.027778 0.018750
0 1.000000 0.717187 0.012963 0.017708
0 0.813889 0.355208 0.031481 0.016667
0 0.846296 0.298438 0.025926 0.015625
0 0.990741 0.689583 0.016667 0.022917
0 0.808333 0.375000 0.029630 0.015625
0 0.994444 0.721354 0.011111 0.021875
0 0.833333 0.390625 0.031481 0.014583
0 0.856481 0.667188 0.031481 0.017708
0 0.992593 0.552604 0.011111 0.017708
0 0.991667 0.752083 0.016667 0.027083
0 0.989815 0.764583 0.016667 0.018750
0 0.991667 0.764062 0.014815 0.008333
0 0.988889 0.235417 0.018519 0.010417
0 0.992593 0.272917 0.012963 0.017708
0 0.814815 0.503125 0.024074 0.013542
0 0.752778 0.696354 0.037037 0.021875
