0 0.000926 0.363021 0.005556 0.015625
0 0.011111 0.639062 0.022222 0.017708
0 0.486111 0.573958 0.048148 0.027083
0 0.647222 0.270313 0.031481 0.019792
0 0.292593 0.517708 0.040741 0.022917
0 0.182407 0.679167 0.042593 0.025000
0 0.823148 0.527083 0.037037 0.019792
0 0.525000 0.482812 0.044444 0.026042
0 0.788889 0.376563 0.042593 0.021875
0 0.389815 0.733854 0.031481 0.017708
0 0.628704 0.716667 0.035185 0.021875
0 0.820370 0.381771 0.033333 0.019792
0 0.445370 0.761458 0.027778 0.017708
0 0.504630 0.215104 0.038889 0.023958
0 0.676852 0.541146 0.044444 0.025000
0 0.595370 0.720833 0.033333 0.020833
0 0.386111 0.255208 0.029630 0.019792
0 0.059259 0.476042 0.025926 0.013542
0 0.610185 0.280729 0.022222 0.013542
0 0.653704 0.517188 0.029630 0.016667
0 0.715741 0.272917 0.020370 0.014583
0 0.071296 0.258854 0.027778 0.014583
0 0.149074 0.689583 0.033333 0.020833
0 0.301852 0.685417 0.029630 0.017708
0 0.237963 0.432292 0.040741 0.022917
0 0.696296 0.486458 0.024074 0.012500
0 0.065741 0.675000 0.025926 0.014583
0 0.225926 0.777083 0.042593 0.027083
0 0.273148 0.355208 0.038889 0.022917
0 0.102778 0.289062 0.033333 0.016667
0 0.828704 0.338021 0.027778 0.015625
0 0.787037 0.576562 0.035185 0.018750
0 0.623148 0.261458 0.042593 0.027083
0 0.273148 0.651563 0.037037 0.019792
0 0.828704 0.574479 0.037037 0.019792
0 0.848148 0.510417 0.035185 0.019792
0 0.313889 0.712500 0.029630 0.018750
0 0.671296 0.688542 0.042593 0.023958
0 0.309259 0.378646 0.042593 0.020833
0 0.692593 0.501042 0.037037 0.021875
0 0.395370 0.664583 0.038889 0.020833
0 0.358333 0.771354 0.031481 0.017708
0 0.850926 0.560417 0.031481 0.018750
0 0.540741 0.720833 0.042593 0.020833
0 0.763889 0.430729 0.042593 0.025000
0 0.630556 0.247917 0.033333 0.018750
0 0.375000 0.660417 0.033333 0.018750
0 0.275926 0.663021 0.031481 0.013542
0 0.644444 0.549479 0.029630 0.017708
0 0.090741 0.679167 0.029630 0.015625
0 0.647222 0.572917 0.027778 0.015625
0 0.705556 0.280208 0.029630 0.017708
0 0.767593 0.518229 0.037037 0.020833
0 0.417593 0.768229 0.029630 0.016667
0 0.494444 0.544792 0.038889 0.022917
0 0.850000 0.540104 0.031481 0.017708
0 0.222222 0.365104 0.025926 0.012500
0 0.117593 0.648958 0.037037 0.018750
0 0.669444 0.702083 0.033333 0.015625
0 0.231481 0.643229 0.031481 0.017708
0 0.819444 0.569792 0.027778 0.018750
0 0.712963 0.634896 0.022222 0.013542
0 0.808333 0.558854 0.029630 0.016667
0 0.446296 0.214583 0.024074 0.013542
0 0.249074 0.366146 0.024074 0.009375
0 0.313889 0.543750 0.020370 0.012500
0 0.409259 0.446875 0.033333 0.018750
0 0.076852 0.270313 0.029630 0.013542
0 0.692593 0.286979 0.024074 0.014583
0 0.443519 0.631250 0.031481 0.017708
0 0.634259 0.527083 0.031481 0.018750
0 0.608333 0.550000 0.027778 0.017708
0 0.012037 0.448958 0.024074 0.013542
0 0.798148 0.350521 0.027778 0.013542
0 0.788889 0.535417 0.037037 0.020833
