0 0.011111 0.533333 0.022222 0.018750
0 0.754630 0.696354 0.029630 0.013542
0 0.018519 0.213021 0.035185 0.021875
0 0.807407 0.414583 0.024074 0.013542
0 0.025000 0.261458 0.031481 0.017708
0 0.103704 0.136458 0.025926 0.014583
0 0.041667 0.428646 0.037037 0.019792
0 0.048148 0.442708 0.037037 0.017708
0 0.038889 0.532813 0.033333 0.017708
0 0.108333 0.698438 0.027778 0.016667
0 0.108333 0.314063 0.027778 0.015625
0 0.084259 0.315104 0.027778 0.017708
0 0.261111 0.226042 0.029630 0.017708
0 0.256481 0.268229 0.027778 0.017708
0 0.074074 0.441667 0.031481 0.017708
0 0.059259 0.514583 0.016667 0.010417
0 0.090741 0.702083 0.031481 0.018750
0 0.094444 0.149479 0.025926 0.014583
0 0.457407 0.362500 0.029630 0.020833
0 0.102778 0.602604 0.029630 0.017708
0 0.125926 0.708854 0.035185 0.020833
0 0.112963 0.153646 0.024074 0.014583
0 0.085185 0.519792 0.024074 0.013542
0 0.091667 0.484375 0.031481 0.016667
0 0.148148 0.419271 0.050000 0.028125
0 0.137037 0.679688 0.037037 0.022917
0 0.106481 0.517188 0.024074 0.014583
0 0.163889 0.447396 0.050000 0.025000
0 0.187037 0.431771 0.046296 0.027083
0 0.196296 0.577604 0.014815 0.018750
0 0.247222 0.685417 0.031481 0.017708
0 0.226852 0.448958 0.044444 0.025000
0 0.249074 0.664062 0.033333 0.019792
0 0.203704 0.547396 0.029630 0.013542
0 0.272222 0.700000 0.033333 0.021875
0 0.287037 0.625000 0.033333 0.016667
0 0.245370 0.711458 0.027778 0.015625
0 0.620370 0.332292 0.025926 0.015625
0 0.250000 0.282292 0.029630 0.016667
0 0.269444 0.719271 0.035185 0.020833
0 0.408333 0.580729 0.018519 0.010417
0 0.649074 0.298438 0.035185 0.015625
0 0.337963 0.681250 0.027778 0.013542
0 0.986111 0.447396 0.014815 0.011458
0 0.413889 0.494792 0.029630 0.016667
0 0.831481 0.292187 0.024074 0.014583
0 0.410185 0.471875 0.031481 0.016667
0 0.996296 0.622917 0.024074 0.017708
0 0.622222 0.296354 0.031481 0.020833
0 0.626852 0.560937 0.022222 0.014583
0 0.790741 0.172917 0.011111 0.008333
0 0.809259 0.294271 0.024074 0.013542
0 0.544444 0.692187 0.022222 0.011458
0 0.641667 0.531771 0.024074 0.015625
0 0.643519 0.298958 0.035185 0.014583
0 0.683333 0.295833 0.031481 0.019792
0 0.778704 0.685937 0.027778 0.016667
0 0.682407 0.281771 0.022222 0.012500
0 0.871296 0.376563 0.016667 0.010417
0 0.624074 0.556250 0.016667 0.008333
0 0.800000 0.474479 0.024074 0.014583
0 0.710185 0.496354 0.029630 0.012500
0 0.750926 0.294271 0.024074 0.013542
0 0.701852 0.560417 0.024074 0.013542
0 0.749074 0.286979 0.020370 0.011458
0 0.741667 0.492708 0.025926 0.015625
0 0.750000 0.467187 0.020370 0.011458
0 0.700926 0.559896 0.025926 0.013542
0 0.740741 0.492188 0.027778 0.015625
0 0.752778 0.266667 0.022222 0.013542
0 0.746296 0.481250 0.020370 0.013542
0 0.700926 0.295312 0.022222 0.012500
0 0.996296 0.664583 0.007407 0.019792
0 0.786111 0.481250 0.025926 0.013542
0 0.718519 0.298958 0.020370 0.013542
0 0.774074 0.469792 0.022222 0.013542
0 0.717593 0.308333 0.022222 0.014583
0 0.808333 0.459375 0.018519 0.010417
0 0.810185 0.294271 0.022222 0.013542
0 0.932407 0.470833 0.027778 0.015625
0 0.858333 0.291667 0.024074 0.015625
0 0.997222 0.470313 0.003704 0.008333
0 0.988889 0.665625 0.022222 0.026042
0 0.990741 0.380729 0.016667 0.017708
0 0.997222 0.665104 0.003704 0.015625
0 0.995370 0.724479 0.005556 0.015625
0 0.994444 0.645833 0.009259 0.014583
0 0.995370 0.663021 0.007407 0.012500
0 0.993519 0.685417 0.011111 0.014583
