0 1.005556 0.504167 0.074074 0.035417
0 0.770370 0.666667 0.031481 0.016667
0 0.854630 0.661458 0.038889 0.021875
0 1.003704 0.285938 0.027778 0.015625
0 0.996296 0.401562 0.005556 0.014583
0 0.993519 0.719792 0.012963 0.022917
0 0.993519 0.602083 0.012963 0.020833
0 0.799074 0.773958 0.031481 0.018750
0 0.888889 0.666667 0.037037 0.023958
0 0.996296 0.454167 0.005556 0.016667
0 0.875926 0.389583 0.044444 0.022917
0 0.993519 0.654167 0.012963 0.022917
0 0.765741 0.715625 0.033333 0.019792
0 0.986111 0.597917 0.025926 0.021875
0 0.776852 0.656250 0.035185 0.019792
0 0.987037 0.270833 0.025926 0.019792
0 0.994444 0.607812 0.007407 0.023958
0 0.990741 0.537500 0.016667 0.026042
0 0.362037 0.455208 0.025926 0.016667
0 0.960185 0.635417 0.029630 0.013542
0 1.002778 0.298958 0.024074 0.016667
0 0.992593 0.542188 0.031481 0.018750
0 0.991667 0.576562 0.014815 0.017708
0 0.743519 0.648438 0.024074 0.016667
0 0.996296 0.688542 0.035185 0.020833
0 0.503704 0.678125 0.022222 0.013542
0 0.994444 0.546354 0.009259 0.022917
0 0.850926 0.771354 0.022222 0.012500
0 0.993519 0.523958 0.011111 0.018750
0 1.006481 0.293750 0.029630 0.018750
0 1.009259 0.568750 0.035185 0.021875
0 0.485185 0.684375 0.029630 0.015625
0 1.007407 0.519792 0.031481 0.023958
0 0.744444 0.440625 0.037037 0.020833
0 0.456481 0.679688 0.025926 0.016667
0 0.662963 0.782813 0.031481 0.020833
0 0.987037 0.342708 0.029630 0.017708
0 0.850926 0.367708 0.044444 0.022917
0 0.008333 0.282813 0.016667 0.016667
0 0.196296 0.656250 0.027778 0.015625
0 0.010185 0.376563 0.020370 0.018750
0 0.082407 0.392188 0.018519 0.010417
0 0.025926 0.406250 0.024074 0.013542
0 0.472222 0.507292 0.022222 0.012500
0 0.036111 0.370833 0.025926 0.012500
0 0.227778 0.675000 0.035185 0.020833
0 0.724074 0.297917 0.024074 0.013542
0 0.226852 0.700000 0.033333 0.017708
0 0.888889 0.666146 0.038889 0.025000
0 0.475926 0.559896 0.024074 0.013542
0 0.280556 0.651563 0.024074 0.012500
0 0.279630 0.666667 0.037037 0.019792
0 1.006481 0.463542 0.027778 0.017708
0 0.854630 0.661458 0.031481 0.020833
0 0.264815 0.698438 0.029630 0.018750
0 0.283333 0.675000 0.027778 0.014583
0 0.750926 0.554688 0.020370 0.011458
0 0.923148 0.663021 0.025926 0.014583
0 0.545370 0.689583 0.025926 0.014583
0 0.350926 0.336979 0.031481 0.017708
0 0.420370 0.279167 0.025926 0.015625
0 0.628704 0.652083 0.042593 0.021875
0 0.000000 0.000000 0.000000 0.000000
0 0.991667 0.595313 0.012963 0.020833
0 0.354630 0.356250 0.027778 0.015625
0 0.995370 0.495312 0.022222 0.012500
0 0.662037 0.694792 0.037037 0.021875
0 0.375000 0.372396 0.027778 0.014583
0 0.393519 0.644271 0.029630 0.017708
0 0.983333 0.579688 0.033333 0.026042
0 0.995370 0.286979 0.029630 0.014583
0 0.777778 0.524479 0.038889 0.021875
0 0.694444 0.682292 0.048148 0.021875
0 0.993519 0.541146 0.011111 0.017708
0 0.993519 0.503646 0.011111 0.021875
0 0.987963 0.407813 0.020370 0.023958
0 0.833333 0.735938 0.029630 0.016667
0 0.993519 0.715104 0.011111 0.016667
0 0.876852 0.763542 0.025926 0.014583
0 0.993519 0.223958 0.009259 0.019792
0 0.995370 0.522917 0.007407 0.020833
0 0.990741 0.727604 0.016667 0.015625
0 0.736111 0.265625 0.031481 0.019792
0 0.395370 0.483333 0.024074 0.013542
0 0.998148 0.521875 0.024074 0.018750
0 0.580556 0.276562 0.033333 0.020833
0 0.662963 0.694792 0.037037 0.021875
0 0.765741 0.689063 0.031481 0.018750
