0 0.920370 0.689583 0.024074 0.014583
0 0.029630 0.571354 0.024074 0.013542
0 0.086111 0.475000 0.022222 0.011458
0 0.686111 0.518750 0.022222 0.011458
0 0.034259 0.502604 0.029630 0.015625
0 0.851852 0.535417 0.025926 0.012500
0 0.895370 0.619271 0.031481 0.018750
0 0.021296 0.506771 0.022222 0.013542
0 0.012963 0.564063 0.024074 0.012500
0 0.805556 0.382292 0.027778 0.015625
0 0.812963 0.639062 0.038889 0.019792
0 0.136111 0.490104 0.025926 0.014583
0 0.012963 0.571354 0.025926 0.015625
0 0.134259 0.289062 0.024074 0.012500
0 0.050926 0.506250 0.024074 0.014583
0 0.065741 0.497917 0.024074 0.014583
0 0.081481 0.270833 0.025926 0.015625
0 0.097222 0.489583 0.025926 0.015625
0 0.152778 0.298958 0.020370 0.013542
0 0.096296 0.298438 0.025926 0.015625
0 0.119444 0.302083 0.024074 0.014583
0 0.578704 0.344792 0.031481 0.017708
0 0.625926 0.286458 0.025926 0.015625
0 0.931481 0.661979 0.046296 0.021875
0 0.579630 0.364063 0.029630 0.014583
0 0.968519 0.704167 0.040741 0.021875
0 0.600926 0.381250 0.029630 0.016667
0 0.630556 0.654687 0.029630 0.016667
0 0.994444 0.632812 0.009259 0.025000
0 0.993519 0.550521 0.011111 0.019792
0 0.988889 0.691667 0.020370 0.025000
0 0.992593 0.536458 0.011111 0.021875
0 0.990741 0.754687 0.018519 0.018750
0 0.994444 0.664583 0.007407 0.012500
0 0.995370 0.766146 0.014815 0.008333
0 0.949074 0.232813 0.018519 0.012500
0 0.991667 0.733333 0.014815 0.014583
0 0.940741 0.268750 0.033333 0.018750
0 0.601852 0.492188 0.024074 0.012500
0 0.998148 0.528646 0.022222 0.017708
0 0.966667 0.704688 0.044444 0.022917
0 0.992593 0.713021 0.012963 0.017708
0 0.994444 0.444271 0.009259 0.021875
0 0.698148 0.689583 0.027778 0.016667
0 0.900000 0.781250 0.033333 0.019792
0 0.994444 0.371875 0.009259 0.022917
0 0.994444 0.261458 0.009259 0.015625
0 0.987963 0.653125 0.011111 0.020833
0 0.993519 0.725521 0.009259 0.018750
0 0.993519 0.529687 0.012963 0.023958
0 0.992593 0.413021 0.011111 0.022917
0 0.995370 0.635938 0.007407 0.019792
0 0.993519 0.777083 0.011111 0.017708
0 0.992593 0.749479 0.012963 0.026042
0 0.991667 0.661458 0.014815 0.025000
0 0.994444 0.654687 0.005556 0.010417
0 0.730556 0.694271 0.035185 0.017708
0 0.996296 0.808333 0.027778 0.016667
0 0.993519 0.552083 0.012963 0.026042
0 1.000000 0.679167 0.035185 0.014583
0 1.000926 0.660937 0.022222 0.015625
0 0.994444 0.648958 0.031481 0.014583
0 0.575926 0.465104 0.027778 0.016667
0 0.925926 0.792708 0.046296 0.025000
0 0.129630 0.312500 0.024074 0.013542
0 0.148148 0.480208 0.027778 0.012500
0 0.781481 0.699479 0.031481 0.014583
0 1.041667 0.622917 0.125926 0.070833
0 0.550000 0.685937 0.022222 0.011458
0 0.522222 0.709896 0.027778 0.017708
0 0.997222 0.665625 0.014815 0.023958
0 0.553704 0.677604 0.035185 0.017708
0 0.554630 0.662500 0.020370 0.010417
0 0.704630 0.568750 0.027778 0.014583
0 0.992593 0.687500 0.014815 0.027083
0 0.487037 0.711458 0.031481 0.018750
0 0.918519 0.293229 0.024074 0.012500
0 0.500926 0.685937 0.035185 0.020833
0 0.243519 0.381771 0.018519 0.010417
0 0.667593 0.515625 0.022222 0.013542
0 0.220370 0.421354 0.018519 0.010417
0 0.264815 0.406771 0.022222 0.011458
0 0.236111 0.389583 0.031481 0.018750
0 0.450000 0.665625 0.031481 0.017708
0 0.202778 0.296875 0.025926 0.014583
0 0.208333 0.480208 0.029630 0.015625
0 0.651852 0.277083 0.029630 0.014583
0 0.168519 0.298438 0.027778 0.015625
0 0.165741 0.467187 0.025926 0.012500
