0 0.359259 0.383333 0.031481 0.018750
0 0.374074 0.399479 0.020370 0.010417
0 0.337963 0.414583 0.014815 0.009375
0 0.773148 0.517188 0.024074 0.013542
0 0.364815 0.376042 0.016667 0.010417
0 0.612037 0.683854 0.035185 0.019792
0 0.994444 0.310417 0.022222 0.011458
0 0.590741 0.708854 0.029630 0.018750
0 0.991667 0.691667 0.014815 0.028125
0 0.813889 0.570833 0.024074 0.013542
0 0.668519 0.661979 0.018519 0.009375
0 0.663889 0.677083 0.033333 0.018750
0 0.996296 0.689063 0.014815 0.025000
0 0.626852 0.708333 0.029630 0.017708
0 0.661111 0.684896 0.022222 0.011458
0 0.885185 0.705729 0.031481 0.015625
0 0.704630 0.344271 0.029630 0.017708
0 0.747222 0.286458 0.029630 0.015625
0 0.990741 0.671875 0.014815 0.020833
0 0.700000 0.364063 0.027778 0.015625
0 0.993519 0.722917 0.009259 0.019792
0 0.724074 0.380729 0.029630 0.015625
0 0.292593 0.291146 0.027778 0.014583
0 0.275926 0.457292 0.025926 0.013542
0 0.993519 0.793229 0.009259 0.023958
0 0.247222 0.304688 0.022222 0.013542
0 0.263889 0.471354 0.025926 0.012500
0 0.238889 0.294792 0.022222 0.013542
0 0.247222 0.479687 0.025926 0.014583
0 0.925000 0.645833 0.040741 0.020833
0 0.217593 0.290104 0.024074 0.014583
0 0.208333 0.478646 0.025926 0.015625
0 0.210185 0.263021 0.027778 0.014583
0 0.176852 0.485938 0.022222 0.014583
0 0.162037 0.493750 0.024074 0.013542
0 0.993519 0.697917 0.011111 0.015625
0 0.136111 0.557292 0.020370 0.012500
0 0.200926 0.464583 0.022222 0.011458
0 0.788889 0.519792 0.020370 0.011458
0 0.153704 0.490104 0.029630 0.016667
0 0.974074 0.540625 0.024074 0.011458
0 0.996296 0.626563 0.007407 0.020833
0 0.257407 0.282292 0.024074 0.013542
0 0.125926 0.556771 0.029630 0.013542
0 0.271296 0.292187 0.020370 0.011458
0 0.931481 0.384896 0.033333 0.015625
0 0.125000 0.548438 0.024074 0.010417
0 0.137963 0.493229 0.022222 0.013542
0 0.293519 0.473438 0.022222 0.012500
0 0.060185 0.544792 0.022222 0.011458
0 0.340741 0.377083 0.020370 0.012500
0 0.021296 0.278646 0.033333 0.017708
0 0.012963 0.685937 0.025926 0.017708
0 0.010185 0.291667 0.020370 0.021875
0 0.777778 0.277083 0.027778 0.014583
0 0.322222 0.471875 0.025926 0.015625
0 0.325000 0.290104 0.025926 0.014583
0 0.556481 0.661979 0.033333 0.019792
0 0.991667 0.523438 0.012963 0.028125
0 0.999074 0.672396 0.033333 0.014583
0 0.996296 0.638542 0.031481 0.014583
0 0.687963 0.464062 0.027778 0.016667
0 0.734259 0.655729 0.031481 0.017708
0 0.994444 0.653646 0.009259 0.023958
0 0.993519 0.546875 0.011111 0.018750
0 0.991667 0.733333 0.014815 0.025000
0 0.989815 0.756771 0.018519 0.018750
0 0.990741 0.765104 0.014815 0.008333
0 0.989815 0.232292 0.020370 0.011458
0 0.992593 0.264062 0.012963 0.018750
0 0.710185 0.492188 0.024074 0.013542
0 0.990741 0.726042 0.018519 0.023958
0 0.992593 0.708333 0.014815 0.018750
0 0.994444 0.469792 0.009259 0.022917
0 0.800926 0.693229 0.027778 0.019792
0 0.995370 0.792188 0.012963 0.016667
0 0.994444 0.373437 0.009259 0.022917
0 0.994444 0.256250 0.009259 0.014583
0 0.994444 0.651042 0.011111 0.018750
0 0.994444 0.719271 0.009259 0.017708
0 0.993519 0.421354 0.012963 0.022917
0 0.995370 0.613542 0.009259 0.020833
0 0.993519 0.780208 0.012963 0.019792
0 0.992593 0.756771 0.014815 0.026042
0 0.995370 0.667708 0.009259 0.019792
0 0.995370 0.643750 0.005556 0.011458
0 0.835185 0.698958 0.035185 0.017708
