0 0.303704 0.325000 0.022222 0.014583
0 0.080556 0.480729 0.025926 0.009375
0 0.959259 0.659375 0.027778 0.016667
0 0.012963 0.605729 0.020370 0.010417
0 0.338889 0.327083 0.025926 0.016667
0 0.020370 0.706250 0.035185 0.020833
0 0.975000 0.473438 0.027778 0.012500
0 0.083333 0.519271 0.031481 0.015625
0 0.579630 0.322396 0.025926 0.014583
0 0.990741 0.253646 0.018519 0.010417
0 0.993519 0.275000 0.011111 0.016667
0 0.996296 0.513021 0.007407 0.020833
0 0.990741 0.756250 0.016667 0.022917
0 0.996296 0.727604 0.005556 0.014583
0 0.993519 0.713542 0.009259 0.014583
0 0.993519 0.771875 0.012963 0.016667
0 0.999074 0.436458 0.000000 0.000000
0 0.991667 0.602083 0.014815 0.027083
0 0.995370 0.595833 0.009259 0.019792
0 0.993519 0.490104 0.011111 0.015625
0 0.992593 0.723437 0.012963 0.020833
0 0.610185 0.321875 0.024074 0.015625
0 0.920370 0.690104 0.033333 0.020833
0 0.692593 0.411458 0.027778 0.017708
0 0.639815 0.428125 0.020370 0.011458
0 0.997222 0.519271 0.003704 0.018750
0 0.996296 0.713021 0.016667 0.018750
0 0.970370 0.739062 0.035185 0.019792
0 0.996296 0.540625 0.020370 0.011458
0 0.999074 0.667708 0.022222 0.013542
0 0.994444 0.737500 0.009259 0.020833
0 0.991667 0.725000 0.014815 0.020833
0 0.994444 0.365104 0.009259 0.014583
0 0.992593 0.316667 0.012963 0.014583
0 0.993519 0.682292 0.012963 0.016667
0 0.993519 0.394792 0.009259 0.012500
0 0.993519 0.745313 0.009259 0.019792
0 0.994444 0.408854 0.007407 0.015625
0 0.993519 0.681250 0.012963 0.016667
0 0.994444 0.602083 0.011111 0.026042
0 0.989815 0.819271 0.020370 0.031250
0 0.996296 0.280208 0.003704 0.016667
0 0.392593 0.587500 0.022222 0.014583
0 0.550926 0.204687 0.011111 0.007292
0 0.565741 0.323437 0.018519 0.013542
0 0.991667 0.325000 0.016667 0.014583
0 0.251852 0.361458 0.027778 0.015625
0 0.251852 0.717708 0.031481 0.013542
0 0.276852 0.559375 0.029630 0.017708
0 0.995370 0.548958 0.005556 0.012500
0 0.993519 0.702604 0.018519 0.016667
0 0.319444 0.330208 0.031481 0.017708
0 0.357407 0.325000 0.029630 0.019792
0 0.393519 0.716667 0.029630 0.017708
0 0.366667 0.311458 0.027778 0.016667
0 0.640741 0.500000 0.027778 0.015625
0 0.612963 0.407813 0.022222 0.012500
0 0.374074 0.579688 0.024074 0.014583
0 0.564815 0.502083 0.018519 0.011458
0 0.441667 0.522396 0.027778 0.014583
0 0.425926 0.578125 0.025926 0.011458
0 0.996296 0.438542 0.005556 0.015625
0 0.531481 0.323437 0.020370 0.013542
0 0.421296 0.586979 0.024074 0.014583
0 0.522222 0.315625 0.024074 0.014583
0 0.995370 0.727083 0.007407 0.022917
0 0.995370 0.605208 0.025926 0.011458
0 0.458333 0.519271 0.029630 0.015625
0 0.994444 0.529167 0.009259 0.011458
0 0.487963 0.493750 0.022222 0.012500
0 0.423148 0.586458 0.025926 0.014583
0 0.993519 0.694271 0.011111 0.015625
0 0.459259 0.519792 0.027778 0.015625
0 0.467593 0.514583 0.018519 0.012500
0 0.500000 0.296354 0.025926 0.015625
0 0.489815 0.508333 0.024074 0.015625
0 0.479630 0.323437 0.025926 0.013542
0 0.996296 0.698958 0.005556 0.018750
0 0.529630 0.508854 0.024074 0.014583
0 0.499074 0.326562 0.022222 0.012500
0 0.526852 0.498437 0.022222 0.011458
0 0.502778 0.336979 0.022222 0.012500
0 0.991667 0.765104 0.016667 0.037500
0 0.555556 0.486458 0.022222 0.011458
0 0.566667 0.323958 0.020370 0.013542
