0 0.585185 0.285938 0.024074 0.012500
0 0.899074 0.487500 0.022222 0.012500
0 0.414815 0.700000 0.037037 0.022917
0 0.185185 0.361979 0.029630 0.015625
0 0.201852 0.641667 0.031481 0.017708
0 0.757407 0.581250 0.048148 0.027083
0 0.912963 0.274479 0.031481 0.015625
0 0.549074 0.522396 0.038889 0.021875
0 0.450926 0.686979 0.040741 0.023958
0 0.991667 0.539583 0.014815 0.022917
0 0.834259 0.490625 0.044444 0.025000
0 0.988889 0.376563 0.020370 0.021875
0 0.622222 0.739583 0.031481 0.016667
0 0.889815 0.724479 0.033333 0.019792
0 1.001852 0.387500 0.031481 0.021875
0 0.671296 0.768229 0.024074 0.015625
0 0.792593 0.217188 0.040741 0.025000
0 0.950000 0.547917 0.048148 0.025000
0 0.858333 0.728125 0.033333 0.018750
0 0.574074 0.252604 0.029630 0.019792
0 0.005556 0.674479 0.011111 0.019792
0 0.012963 0.698438 0.025926 0.019792
0 0.649074 0.668229 0.033333 0.018750
0 0.294444 0.555729 0.024074 0.014583
0 0.050000 0.650000 0.027778 0.014583
0 0.044444 0.665104 0.038889 0.020833
0 0.927778 0.438021 0.029630 0.020833
0 0.629630 0.665104 0.035185 0.020833
0 0.048148 0.697396 0.031481 0.017708
0 0.070370 0.672917 0.031481 0.017708
0 0.560185 0.555729 0.024074 0.012500
0 0.713889 0.665104 0.031481 0.018750
0 0.363889 0.688542 0.027778 0.015625
0 0.155556 0.325000 0.033333 0.017708
0 0.200000 0.255208 0.018519 0.019792
0 0.380556 0.655208 0.037037 0.019792
0 -0.075926 0.337500 0.000000 0.000000
0 0.991667 0.583333 0.012963 0.019792
0 0.167593 0.345833 0.029630 0.014583
0 0.229630 0.476042 0.025926 0.014583
0 0.916667 0.251563 0.027778 0.015625
0 0.995370 0.434896 0.005556 0.017708
0 0.812037 0.729688 0.044444 0.020833
0 0.993519 0.579167 0.011111 0.019792
0 0.587963 0.778646 0.029630 0.018750
0 0.658333 0.673438 0.033333 0.018750
0 0.980556 0.508333 0.038889 0.021875
0 0.612963 0.383333 0.044444 0.021875
0 0.927778 0.695833 0.042593 0.023958
0 0.550000 0.719271 0.033333 0.019792
0 0.995370 0.510417 0.005556 0.018750
0 0.987963 0.584896 0.024074 0.018750
0 0.537037 0.658854 0.037037 0.021875
0 0.910185 0.264062 0.038889 0.025000
0 0.996296 0.581250 0.007407 0.020833
0 0.984259 0.334896 0.029630 0.017708
0 0.345370 0.282292 0.027778 0.014583
0 0.584259 0.360417 0.042593 0.025000
0 0.450000 0.785417 0.044444 0.021875
0 0.263889 0.678646 0.025926 0.015625
0 0.980556 0.493229 0.022222 0.011458
0 0.506481 0.435417 0.037037 0.019792
0 0.544444 0.691667 0.031481 0.017708
0 0.416667 0.699479 0.035185 0.021875
0 0.302778 0.261979 0.029630 0.017708
0 0.926852 0.277083 0.018519 0.014583
0 0.877778 0.521354 0.035185 0.018750
0 0.986111 0.539583 0.024074 0.025000
0 1.003704 0.380729 0.029630 0.014583
0 0.187963 0.447396 0.025926 0.016667
0 0.856481 0.553646 0.025926 0.016667
0 0.851852 0.533333 0.025926 0.014583
0 0.717593 0.639062 0.035185 0.016667
0 0.900000 0.286458 0.024074 0.015625
0 0.201852 0.304688 0.018519 0.009375
0 0.667593 0.452083 0.038889 0.022917
0 0.533333 0.540625 0.027778 0.015625
0 0.983333 0.552083 0.033333 0.019792
0 0.965741 0.643229 0.025926 0.014583
0 0.990741 0.577083 0.018519 0.020833
0 0.496296 0.651563 0.027778 0.016667
0 0.895370 0.707812 0.024074 0.014583
0 0.308333 0.677604 0.022222 0.013542
0 0.787963 0.552604 0.040741 0.021875
0 0.641667 0.775521 0.024074 0.014583
0 0.993519 0.521354 0.012963 0.020833
0 0.911111 0.282813 0.027778 0.017708
0 0.886111 0.578125 0.024074 0.015625
0 0.290741 0.683854 0.029630 0.016667
0 0.864815 0.553646 0.024074 0.018750
0 0.534259 0.669792 0.033333 0.015625
0 0.628704 0.665104 0.033333 0.019792
