0 0.884259 0.289062 0.024074 0.012500
0 0.399074 0.701562 0.029630 0.018750
0 0.992593 0.669792 0.012963 0.025000
0 0.640741 0.566667 0.024074 0.013542
0 0.462963 0.653646 0.022222 0.011458
0 0.461111 0.668750 0.035185 0.018750
0 1.008333 0.505208 0.031481 0.020833
0 0.010185 0.487500 0.020370 0.013542
0 0.025000 0.480208 0.025926 0.014583
0 0.057407 0.255729 0.025926 0.014583
0 0.056481 0.472396 0.025926 0.015625
0 0.080556 0.284375 0.024074 0.013542
0 0.736111 0.639062 0.037037 0.019792
0 0.094444 0.473438 0.025926 0.014583
0 0.103704 0.288021 0.024074 0.014583
0 0.107407 0.464062 0.025926 0.011458
0 0.114815 0.298438 0.022222 0.013542
0 0.828704 0.795833 0.037037 0.025000
0 0.126852 0.452604 0.025926 0.011458
0 0.140741 0.285417 0.027778 0.015625
0 0.612963 0.273958 0.027778 0.016667
0 0.156481 0.465104 0.029630 0.015625
0 0.175926 0.284375 0.025926 0.013542
0 0.366667 0.655729 0.025926 0.016667
0 0.187037 0.376563 0.031481 0.018750
0 0.237963 0.394271 0.018519 0.009375
0 0.183333 0.406250 0.022222 0.013542
0 0.622222 0.512500 0.024074 0.013542
0 0.199074 0.371354 0.022222 0.012500
0 0.408333 0.676562 0.035185 0.020833
0 0.997222 0.534896 0.024074 0.018750
0 0.862037 0.707812 0.040741 0.022917
0 0.960185 0.704688 0.031481 0.015625
0 0.958333 0.448437 0.038889 0.019792
0 0.620370 0.686458 0.025926 0.016667
0 0.807407 0.783854 0.031481 0.020833
0 0.994444 0.379167 0.009259 0.021875
0 0.995370 0.596354 0.009259 0.023958
0 0.994444 0.260937 0.009259 0.015625
0 0.983333 0.670833 0.033333 0.020833
0 1.010185 0.514583 0.096296 0.046875
0 0.954630 0.731771 0.035185 0.018750
0 0.992593 0.556250 0.012963 0.025000
0 0.993519 0.408854 0.012963 0.022917
0 0.996296 0.439583 0.003704 0.015625
0 0.994444 0.667708 0.007407 0.019792
0 0.984259 0.792188 0.029630 0.019792
0 0.992593 0.753646 0.012963 0.025000
0 0.992593 0.672917 0.012963 0.020833
0 0.974074 0.681771 0.033333 0.016667
0 1.011111 0.442188 0.051852 0.038542
0 0.650000 0.692708 0.029630 0.017708
0 1.009259 0.323437 0.048148 0.030208
0 0.993519 0.506250 0.009259 0.017708
0 0.992593 0.792708 0.031481 0.018750
0 0.995370 0.537500 0.009259 0.020833
0 0.668519 0.686458 0.022222 0.013542
0 1.000926 0.686979 0.035185 0.015625
0 0.950926 0.661458 0.022222 0.015625
0 0.994444 0.656250 0.029630 0.013542
0 0.526852 0.459896 0.027778 0.015625
0 0.990741 0.521354 0.018519 0.027083
0 0.552778 0.488021 0.024074 0.013542
0 0.909259 0.272396 0.027778 0.018750
0 0.991667 0.739062 0.016667 0.014583
0 0.995370 0.493229 0.007407 0.021875
0 0.994444 0.223958 0.009259 0.018750
0 0.983333 0.770833 0.014815 0.008333
0 0.994444 0.686979 0.009259 0.014583
0 0.989815 0.759375 0.020370 0.019792
0 0.993519 0.532292 0.012963 0.022917
0 0.901852 0.696875 0.055556 0.025000
0 0.982407 0.534896 0.033333 0.022917
0 0.995370 0.611979 0.009259 0.023958
0 0.557407 0.650000 0.029630 0.017708
0 0.550000 0.375521 0.027778 0.014583
0 0.862037 0.707812 0.042593 0.023958
0 0.993519 0.507812 0.020370 0.011458
0 0.531481 0.359896 0.027778 0.014583
0 0.829630 0.663542 0.044444 0.022917
0 0.590741 0.283333 0.025926 0.014583
0 0.529630 0.340104 0.031481 0.016667
0 0.707407 0.700000 0.027778 0.014583
0 1.012963 0.659896 0.042593 0.023958
0 0.962037 0.566146 0.018519 0.010417
0 0.458333 0.678125 0.024074 0.012500
0 0.436111 0.701042 0.029630 0.018750
0 0.985185 0.670312 0.037037 0.019792
