0 0.363889 0.545833 0.040741 0.022917
0 0.006481 0.346354 0.012963 0.019792
0 0.023148 0.285938 0.016667 0.017708
0 0.185185 0.680208 0.035185 0.019792
0 -0.074074 0.338021 0.001852 0.000000
0 0.881481 0.605208 0.033333 0.018750
0 0.012963 0.369792 0.018519 0.017708
0 0.734259 0.526563 0.031481 0.018750
0 0.218519 0.725521 0.033333 0.023958
0 0.026852 0.384375 0.031481 0.015625
0 0.033333 0.667188 0.033333 0.019792
0 0.564815 0.604688 0.048148 0.028125
0 0.713889 0.305208 0.031481 0.015625
0 0.483333 0.476562 0.038889 0.022917
0 0.775926 0.532813 0.037037 0.020833
0 0.406481 0.408333 0.042593 0.020833
0 0.736111 0.719792 0.042593 0.022917
0 0.369444 0.744271 0.031481 0.018750
0 0.916667 0.542708 0.037037 0.018750
0 0.880556 0.604688 0.035185 0.018750
0 0.345370 0.682813 0.037037 0.019792
0 0.710185 0.296875 0.042593 0.026042
0 0.837037 0.606771 0.033333 0.019792
0 0.866667 0.373437 0.029630 0.016667
0 0.188889 0.305729 0.027778 0.015625
0 0.378704 0.384375 0.040741 0.022917
0 0.271296 0.813021 0.044444 0.025000
0 0.093519 0.705208 0.031481 0.015625
0 0.775000 0.518229 0.020370 0.009375
0 0.318519 0.458854 0.035185 0.020833
0 0.362037 0.716667 0.031481 0.017708
0 0.217593 0.724479 0.031481 0.022917
0 0.111111 0.280729 0.027778 0.016667
0 0.752778 0.306250 0.018519 0.014583
0 0.705556 0.546354 0.031481 0.017708
0 0.696296 0.315104 0.022222 0.013542
0 0.079630 0.499479 0.025926 0.014583
0 0.425926 0.281771 0.029630 0.018750
0 0.665741 0.752083 0.031481 0.020833
0 0.750926 0.571875 0.042593 0.023958
0 0.596296 0.249479 0.040741 0.022917
0 0.494444 0.793750 0.027778 0.017708
0 0.900000 0.415625 0.027778 0.019792
0 0.698148 0.748437 0.035185 0.020833
0 0.442593 0.766146 0.031481 0.017708
0 0.881481 0.413542 0.040741 0.022917
0 0.622222 0.514583 0.040741 0.023958
0 0.887963 0.559375 0.033333 0.018750
0 0.254630 0.711979 0.042593 0.025000
0 0.409259 0.805729 0.031481 0.018750
0 0.900000 0.591146 0.031481 0.018750
0 0.615741 0.754167 0.044444 0.022917
0 0.852778 0.464583 0.042593 0.025000
0 0.714815 0.283854 0.029630 0.016667
0 0.450926 0.692187 0.033333 0.018750
0 0.344444 0.694792 0.033333 0.015625
0 0.690741 0.578125 0.031481 0.017708
0 0.121296 0.709896 0.031481 0.016667
0 0.696296 0.601562 0.024074 0.014583
0 0.744444 0.313542 0.031481 0.017708
0 0.838889 0.550521 0.037037 0.020833
0 0.465741 0.801562 0.029630 0.015625
0 0.582407 0.576042 0.042593 0.021875
0 0.900926 0.570833 0.027778 0.016667
0 0.283333 0.391146 0.027778 0.013542
0 0.144444 0.704688 0.024074 0.013542
0 0.368519 0.706250 0.022222 0.011458
0 0.707407 0.731250 0.025926 0.015625
0 0.303704 0.675521 0.027778 0.016667
0 0.867593 0.601042 0.029630 0.017708
0 0.769444 0.665625 0.025926 0.014583
0 0.859259 0.588542 0.027778 0.015625
0 0.486111 0.243229 0.022222 0.012500
0 0.323148 0.391146 0.022222 0.008333
0 0.380556 0.565104 0.027778 0.015625
0 0.467593 0.696875 0.035185 0.019792
0 0.142593 0.301563 0.020370 0.010417
0 0.725926 0.317188 0.025926 0.016667
0 0.524074 0.663021 0.025926 0.014583
0 0.682407 0.556771 0.029630 0.016667
0 0.662963 0.578125 0.027778 0.016667
0 0.036111 0.471354 0.027778 0.014583
0 0.857407 0.385417 0.027778 0.013542
0 0.857407 0.567187 0.035185 0.020833
