0 0.679630 0.663021 0.029630 0.013542
0 0.175000 0.239583 0.029630 0.019792
0 0.300926 0.549479 0.025926 0.013542
0 0.739815 0.335417 0.031481 0.017708
0 0.109259 0.445833 0.025926 0.010417
0 0.342593 0.149479 0.022222 0.014583
0 0.900000 0.501042 0.024074 0.013542
0 0.088889 0.412500 0.038889 0.020833
0 0.100926 0.539062 0.029630 0.014583
0 0.123148 0.535417 0.033333 0.017708
0 0.456481 0.513542 0.016667 0.010417
0 0.151852 0.531771 0.029630 0.017708
0 0.550926 0.478125 0.022222 0.015625
0 0.471296 0.278125 0.027778 0.017708
0 0.167593 0.243229 0.027778 0.018750
0 0.171296 0.241146 0.035185 0.018750
0 0.184259 0.531250 0.035185 0.019792
0 1.003704 0.707292 0.027778 0.012500
0 0.227778 0.209375 0.035185 0.021875
0 0.978704 0.421354 0.020370 0.013542
0 0.203704 0.259375 0.031481 0.017708
0 0.337037 0.131771 0.024074 0.014583
0 0.904630 0.295312 0.024074 0.013542
0 0.998148 0.695833 0.007407 0.015625
0 0.898148 0.282292 0.022222 0.012500
0 1.000000 0.383333 0.014815 0.009375
0 0.846296 0.578125 0.012963 0.006250
0 0.890741 0.505729 0.025926 0.014583
0 0.926852 0.297917 0.020370 0.011458
0 0.885185 0.567187 0.025926 0.013542
0 0.920370 0.292708 0.022222 0.013542
0 0.931481 0.497917 0.029630 0.015625
0 0.941667 0.471354 0.016667 0.008333
0 0.886111 0.567708 0.025926 0.014583
0 0.932407 0.498958 0.027778 0.016667
0 0.941667 0.271354 0.024074 0.013542
0 0.935185 0.488021 0.016667 0.011458
0 0.901852 0.295312 0.027778 0.013542
0 0.965741 0.488021 0.025926 0.014583
0 0.914815 0.304688 0.022222 0.012500
0 0.955556 0.476042 0.024074 0.014583
0 0.900000 0.311979 0.024074 0.014583
0 0.987963 0.463542 0.020370 0.013542
0 0.994444 0.298958 0.024074 0.014583
0 0.995370 0.452604 0.005556 0.013542
0 0.990741 0.298958 0.016667 0.014583
0 0.996296 0.400521 0.005556 0.016667
0 0.262963 0.426042 0.035185 0.020833
0 0.264815 0.440625 0.035185 0.017708
0 0.218519 0.531771 0.031481 0.017708
0 0.307407 0.699479 0.029630 0.017708
0 0.285185 0.313542 0.029630 0.016667
0 0.259259 0.315104 0.027778 0.018750
0 0.462037 0.225521 0.031481 0.018750
0 0.455556 0.267188 0.031481 0.017708
0 0.287963 0.439583 0.025926 0.017708
0 0.235185 0.509896 0.014815 0.009375
0 0.278704 0.704167 0.029630 0.018750
0 0.330556 0.144271 0.024074 0.014583
0 0.659259 0.362500 0.037037 0.020833
0 0.300926 0.602083 0.031481 0.017708
0 0.327778 0.710417 0.035185 0.020833
0 0.329630 0.144271 0.022222 0.014583
0 0.238889 0.520312 0.022222 0.012500
0 0.262963 0.483333 0.031481 0.016667
0 0.386111 0.416146 0.048148 0.028125
0 0.336111 0.680729 0.033333 0.020833
0 0.259259 0.517708 0.025926 0.015625
0 0.397222 0.444792 0.050000 0.026042
0 0.426852 0.428646 0.048148 0.028125
0 0.466667 0.688021 0.033333 0.018750
0 0.461111 0.446875 0.046296 0.025000
0 0.465741 0.667188 0.033333 0.021875
0 0.397222 0.548438 0.031481 0.014583
0 0.487037 0.703646 0.033333 0.022917
0 0.428704 0.715625 0.025926 0.016667
0 0.449074 0.280729 0.025926 0.013542
0 0.441667 0.724479 0.035185 0.020833
0 0.637037 0.583333 0.018519 0.010417
0 0.905556 0.297396 0.022222 0.014583
0 0.550000 0.685417 0.024074 0.012500
0 0.615741 0.495833 0.029630 0.017708
0 0.995370 0.300000 0.005556 0.016667
0 0.608333 0.473438 0.025926 0.016667
0 0.895370 0.293750 0.040741 0.027083
0 0.845370 0.568229 0.018519 0.012500
0 0.981481 0.177083 0.011111 0.006250
0 0.990741 0.300000 0.016667 0.014583
0 0.799074 0.700521 0.018519 0.009375
0 0.900000 0.298438 0.027778 0.012500
