0 0.038889 0.555208 0.027778 0.012500
0 0.006481 0.438021 0.012963 0.027083
0 0.036111 0.585417 0.012963 0.016667
0 0.045370 0.699479 0.031481 0.018750
0 0.032407 0.457292 0.050000 0.027083
0 0.049074 0.678125 0.035185 0.020833
0 0.072222 0.714583 0.035185 0.021875
0 0.096296 0.638021 0.035185 0.017708
0 0.074074 0.723958 0.033333 0.016667
0 0.413889 0.344792 0.025926 0.015625
0 0.111111 0.288021 0.033333 0.017708
0 0.116667 0.732292 0.035185 0.020833
0 0.213889 0.594792 0.020370 0.010417
0 0.509259 0.309375 0.025926 0.017708
0 0.164815 0.695833 0.035185 0.018750
0 0.991667 0.461979 0.016667 0.011458
0 0.252778 0.505729 0.031481 0.016667
0 0.723148 0.306250 0.022222 0.014583
0 0.255556 0.482812 0.029630 0.015625
0 0.996296 0.645312 0.024074 0.017708
0 0.473148 0.307812 0.027778 0.018750
0 0.513889 0.576562 0.024074 0.013542
0 0.688889 0.185417 0.011111 0.008333
0 0.532407 0.307292 0.031481 0.019792
0 0.594444 0.709375 0.027778 0.017708
0 0.536111 0.293750 0.024074 0.016667
0 0.744444 0.394271 0.020370 0.012500
0 0.493519 0.569271 0.022222 0.013542
0 0.683333 0.489583 0.024074 0.013542
0 0.582407 0.511458 0.025926 0.015625
0 0.657407 0.307812 0.024074 0.013542
0 0.569444 0.576562 0.024074 0.014583
0 0.649074 0.299479 0.025926 0.014583
0 0.609259 0.507812 0.027778 0.016667
0 0.993519 0.525521 0.009259 0.010417
0 0.628704 0.482292 0.022222 0.012500
0 0.568519 0.576042 0.024074 0.014583
0 0.609259 0.508333 0.027778 0.015625
0 0.618519 0.504687 0.016667 0.011458
0 0.641667 0.279167 0.027778 0.015625
0 0.996296 0.678125 0.005556 0.017708
0 0.666667 0.496875 0.024074 0.013542
0 0.624074 0.311458 0.020370 0.013542
0 0.657407 0.485938 0.022222 0.012500
0 0.624074 0.321875 0.022222 0.014583
0 0.691667 0.474479 0.022222 0.011458
0 0.704630 0.307292 0.022222 0.015625
0 0.997222 0.267708 0.005556 0.015625
0 0.800000 0.489063 0.029630 0.015625
0 0.750926 0.305729 0.025926 0.015625
0 0.989815 0.679688 0.016667 0.020833
0 0.864815 0.398958 0.033333 0.019792
0 0.805556 0.425521 0.020370 0.010417
0 0.997222 0.505208 0.003704 0.017708
0 0.991667 0.675000 0.014815 0.016667
0 0.997222 0.701562 0.003704 0.016667
0 0.989815 0.667708 0.018519 0.011458
0 0.996296 0.735938 0.007407 0.016667
0 0.992593 0.680729 0.009259 0.018750
0 0.994444 0.350000 0.007407 0.014583
0 0.992593 0.343750 0.011111 0.013542
0 0.994444 0.661979 0.009259 0.012500
0 0.994444 0.382812 0.009259 0.013542
0 0.995370 0.390625 0.005556 0.012500
0 0.994444 0.679688 0.009259 0.016667
0 0.996296 0.466146 0.007407 0.019792
0 0.996296 0.699479 0.005556 0.014583
0 0.994444 0.705208 0.007407 0.013542
0 0.991667 0.708854 0.012963 0.017708
0 0.996296 0.483333 0.003704 0.010417
0 0.625926 0.496354 0.024074 0.013542
0 0.603704 0.306771 0.024074 0.016667
0 0.457407 0.549479 0.027778 0.017708
0 0.995370 0.563542 0.005556 0.012500
0 1.000926 0.663021 0.018519 0.015625
0 0.489815 0.312500 0.029630 0.018750
0 0.704630 0.307292 0.024074 0.015625
0 0.993519 0.318750 0.011111 0.010417
0 0.507407 0.350521 0.029630 0.015625
0 0.395370 0.709896 0.029630 0.015625
