0 0.062037 0.641146 0.035185 0.017708
0 0.043519 0.727604 0.031481 0.017708
0 0.377778 0.347917 0.025926 0.015625
0 0.081481 0.290625 0.031481 0.017708
0 0.087037 0.735938 0.038889 0.020833
0 0.006481 0.588542 0.012963 0.016667
0 0.015741 0.703646 0.031481 0.019792
0 0.011111 0.460938 0.022222 0.025000
0 0.995370 0.563021 0.005556 0.012500
0 0.179630 0.597917 0.020370 0.010417
0 0.479630 0.312500 0.025926 0.017708
0 0.134259 0.698958 0.037037 0.019792
0 0.989815 0.464583 0.016667 0.012500
0 0.221296 0.508854 0.031481 0.017708
0 0.697222 0.309375 0.022222 0.014583
0 0.225000 0.484896 0.031481 0.015625
0 0.996296 0.650521 0.024074 0.017708
0 0.442593 0.310937 0.025926 0.018750
0 0.489815 0.578125 0.024074 0.014583
0 0.662963 0.188542 0.011111 0.007292
0 0.678704 0.310417 0.022222 0.015625
0 0.993519 0.323958 0.011111 0.010417
0 0.466667 0.353646 0.027778 0.014583
0 0.367593 0.712500 0.029630 0.015625
0 0.425926 0.552083 0.027778 0.017708
0 0.016667 0.681771 0.033333 0.021875
0 0.039815 0.534896 0.029630 0.013542
0 0.037963 0.717708 0.037037 0.021875
0 0.997222 0.478646 0.005556 0.010417
0 1.001852 0.668750 0.018519 0.016667
0 0.460185 0.315625 0.031481 0.018750
0 0.502778 0.310417 0.029630 0.019792
0 0.561111 0.711979 0.029630 0.017708
0 0.505556 0.296875 0.027778 0.015625
0 0.719444 0.397396 0.020370 0.012500
0 0.469444 0.571354 0.024074 0.013542
0 0.657407 0.492708 0.024074 0.013542
0 0.556481 0.514062 0.025926 0.014583
0 0.633333 0.310417 0.022222 0.013542
0 0.541667 0.578646 0.025926 0.015625
0 0.625000 0.302083 0.027778 0.014583
0 0.581481 0.510938 0.025926 0.016667
0 0.993519 0.528646 0.009259 0.011458
0 0.601852 0.484896 0.024074 0.012500
0 0.542593 0.578646 0.025926 0.014583
0 0.582407 0.510938 0.027778 0.016667
0 0.591667 0.507292 0.016667 0.011458
0 0.614815 0.282292 0.025926 0.015625
0 0.600000 0.499479 0.024074 0.014583
0 0.579630 0.309896 0.025926 0.016667
0 0.996296 0.676042 0.007407 0.018750
0 0.640741 0.500000 0.024074 0.014583
0 0.600000 0.314063 0.020370 0.013542
0 0.630556 0.489063 0.022222 0.012500
0 0.600000 0.324479 0.020370 0.013542
0 0.664815 0.477604 0.024074 0.011458
0 0.679630 0.310937 0.022222 0.015625
0 0.997222 0.267708 0.005556 0.015625
0 0.771296 0.492188 0.027778 0.015625
0 0.725000 0.309375 0.025926 0.015625
0 0.990741 0.681250 0.018519 0.021875
0 0.834259 0.402083 0.031481 0.019792
0 0.776852 0.428646 0.020370 0.010417
0 0.997222 0.509896 0.003704 0.017708
0 0.991667 0.679688 0.014815 0.016667
0 0.997222 0.704688 0.003704 0.016667
0 0.988889 0.667708 0.018519 0.011458
0 0.995370 0.739583 0.005556 0.016667
0 0.993519 0.684375 0.011111 0.018750
0 0.994444 0.352604 0.007407 0.014583
0 0.992593 0.339583 0.011111 0.013542
0 0.993519 0.663021 0.009259 0.012500
0 0.979630 0.385417 0.009259 0.012500
0 0.995370 0.392188 0.007407 0.013542
0 0.992593 0.678646 0.009259 0.016667
0 0.993519 0.596875 0.011111 0.028125
0 0.995370 0.468750 0.007407 0.020833
0 0.996296 0.704167 0.005556 0.013542
0 0.994444 0.708333 0.007407 0.013542
0 0.999074 0.435937 0.000000 0.000000
0 0.991667 0.709375 0.012963 0.017708
