0 0.140741 0.690104 0.033333 0.018750
0 0.433333 0.761979 0.027778 0.017708
0 0.506481 0.214062 0.038889 0.022917
0 0.670370 0.542708 0.046296 0.025000
0 0.583333 0.722396 0.033333 0.018750
0 0.392593 0.254167 0.031481 0.018750
0 0.058333 0.472396 0.025926 0.014583
0 0.609259 0.280729 0.022222 0.013542
0 0.655556 0.520312 0.035185 0.016667
0 0.720370 0.273438 0.020370 0.014583
0 0.076852 0.255729 0.027778 0.015625
0 0.802778 0.561458 0.029630 0.016667
0 0.706481 0.636979 0.024074 0.014583
0 0.815741 0.573958 0.031481 0.016667
0 0.219444 0.641667 0.031481 0.016667
0 0.659259 0.704688 0.029630 0.013542
0 0.106481 0.646354 0.038889 0.018750
0 0.223148 0.363021 0.025926 0.012500
0 0.843519 0.543229 0.029630 0.017708
0 0.486111 0.545312 0.040741 0.021875
0 0.404630 0.769271 0.031481 0.017708
0 0.762037 0.521354 0.037037 0.020833
0 0.711111 0.281771 0.031481 0.017708
0 0.641667 0.575521 0.027778 0.016667
0 0.081481 0.676562 0.029630 0.015625
0 0.638889 0.551562 0.029630 0.017708
0 0.263889 0.661979 0.035185 0.014583
0 0.845370 0.564063 0.031481 0.018750
0 0.362037 0.660417 0.033333 0.018750
0 0.632407 0.247917 0.033333 0.018750
0 0.759259 0.432812 0.044444 0.026042
0 0.527778 0.722396 0.040741 0.020833
0 0.602778 0.551562 0.027778 0.017708
0 0.630556 0.529687 0.031481 0.019792
0 0.432407 0.631250 0.033333 0.017708
0 0.698148 0.288021 0.025926 0.015625
0 0.081481 0.266667 0.027778 0.013542
0 0.403704 0.446354 0.031481 0.019792
0 0.311111 0.542708 0.020370 0.012500
0 0.251852 0.364063 0.024074 0.009375
0 0.452778 0.214062 0.024074 0.013542
0 0.290741 0.684375 0.031481 0.016667
0 0.233333 0.429688 0.038889 0.021875
0 0.691667 0.488021 0.024074 0.012500
0 0.058333 0.672396 0.027778 0.014583
0 0.212963 0.776042 0.044444 0.025000
0 0.267593 0.352604 0.037037 0.021875
0 0.106481 0.285938 0.033333 0.016667
0 0.832407 0.339583 0.027778 0.014583
0 0.781481 0.579688 0.035185 0.019792
0 0.624074 0.261458 0.042593 0.026042
0 0.260185 0.651042 0.037037 0.019792
0 0.823148 0.577083 0.037037 0.017708
0 0.843519 0.513542 0.035185 0.020833
0 0.301852 0.711979 0.031481 0.018750
0 0.660185 0.691146 0.042593 0.025000
0 0.303704 0.377083 0.040741 0.021875
0 0.687037 0.503125 0.037037 0.021875
0 0.384259 0.665104 0.037037 0.022917
0 0.344444 0.771875 0.031481 0.018750
0 0.782407 0.538021 0.035185 0.020833
0 0.798148 0.352604 0.027778 0.013542
0 0.012037 0.445312 0.024074 0.012500
0 0.651852 0.270313 0.031481 0.019792
0 0.285185 0.516146 0.042593 0.022917
0 0.168519 0.677604 0.044444 0.025000
0 0.818519 0.530208 0.035185 0.019792
0 0.517593 0.482812 0.044444 0.026042
0 0.785185 0.379167 0.044444 0.022917
0 0.376852 0.733854 0.029630 0.016667
0 0.820370 0.384375 0.033333 0.019792
0 0.617593 0.718750 0.035185 0.020833
0 0.476852 0.574479 0.046296 0.027083
0 0.007407 0.635417 0.014815 0.017708
