0 0.212963 0.228646 0.031481 0.016667
0 0.209259 0.270313 0.027778 0.017708
0 0.002778 0.536458 0.005556 0.015625
0 0.045370 0.705208 0.029630 0.017708
0 0.062963 0.317188 0.031481 0.016667
0 0.037963 0.317708 0.027778 0.015625
0 1.006481 0.416667 0.016667 0.023958
0 0.996296 0.381250 0.007407 0.012500
0 0.994444 0.666146 0.007407 0.013542
0 0.996296 0.453125 0.007407 0.020833
0 0.992593 0.691146 0.011111 0.015625
0 0.997222 0.475521 0.003704 0.009375
0 0.015741 0.445833 0.029630 0.017708
0 0.015741 0.519271 0.018519 0.011458
0 0.033333 0.708854 0.035185 0.018750
0 0.034259 0.151562 0.025926 0.014583
0 0.404630 0.366667 0.037037 0.021875
0 0.044444 0.608333 0.033333 0.017708
0 0.064815 0.715625 0.037037 0.021875
0 0.053704 0.155729 0.024074 0.014583
0 0.044444 0.523438 0.024074 0.013542
0 0.046296 0.487500 0.035185 0.017708
0 0.081481 0.422917 0.051852 0.027083
0 0.077778 0.685937 0.040741 0.022917
0 0.066667 0.521354 0.025926 0.014583
0 0.098148 0.452083 0.051852 0.026042
0 0.121296 0.435937 0.050000 0.029167
0 0.141667 0.582292 0.012963 0.018750
0 0.183333 0.692708 0.031481 0.017708
0 0.162963 0.453125 0.046296 0.027083
0 0.185185 0.671875 0.035185 0.020833
0 0.150000 0.552083 0.027778 0.013542
0 0.209259 0.707812 0.035185 0.022917
0 0.225926 0.631771 0.033333 0.017708
0 0.190741 0.718750 0.027778 0.016667
0 0.556481 0.335938 0.025926 0.015625
0 0.204630 0.285417 0.029630 0.016667
0 0.219444 0.727604 0.033333 0.019792
0 0.347222 0.586458 0.018519 0.010417
0 0.607407 0.302083 0.024074 0.016667
0 0.278704 0.688021 0.029630 0.014583
0 0.981481 0.453646 0.014815 0.011458
0 0.361111 0.499479 0.029630 0.017708
0 0.796296 0.297917 0.025926 0.014583
0 0.361111 0.476042 0.031481 0.016667
0 0.997222 0.630208 0.024074 0.017708
0 0.572222 0.299479 0.027778 0.017708
0 0.590741 0.567187 0.022222 0.014583
0 0.755556 0.177604 0.011111 0.008333
0 0.773148 0.298438 0.024074 0.014583
0 0.675926 0.339583 0.037037 0.019792
0 0.496296 0.699479 0.022222 0.012500
0 0.586111 0.538542 0.025926 0.015625
0 1.000926 0.641146 0.016667 0.015625
0 0.590741 0.303646 0.031481 0.014583
0 0.634259 0.299479 0.031481 0.019792
0 0.724074 0.694792 0.025926 0.017708
0 0.634259 0.285417 0.024074 0.013542
0 0.828704 0.381771 0.016667 0.010417
0 0.575926 0.562500 0.018519 0.009375
0 0.762963 0.480208 0.024074 0.014583
0 0.668519 0.501563 0.031481 0.015625
0 0.718519 0.299479 0.022222 0.014583
0 0.660185 0.566146 0.024074 0.013542
0 0.714815 0.291667 0.022222 0.012500
0 0.700000 0.497917 0.027778 0.015625
0 0.994444 0.522396 0.009259 0.010417
0 0.712037 0.472396 0.020370 0.011458
0 0.659259 0.566146 0.025926 0.013542
0 0.700000 0.497917 0.027778 0.016667
0 0.716667 0.271354 0.024074 0.014583
0 0.708333 0.486979 0.020370 0.013542
0 0.664815 0.300521 0.024074 0.012500
0 0.996296 0.669271 0.007407 0.019792
0 0.748148 0.486979 0.024074 0.014583
0 0.686111 0.304167 0.020370 0.013542
0 0.736111 0.476042 0.022222 0.013542
0 0.686111 0.314063 0.022222 0.012500
0 0.770370 0.464062 0.022222 0.011458
0 0.775000 0.300000 0.022222 0.013542
0 0.890741 0.476562 0.027778 0.015625
0 0.822222 0.296875 0.024074 0.014583
0 0.989815 0.668229 0.020370 0.025000
0 0.955556 0.386458 0.033333 0.018750
0 0.997222 0.501563 0.003704 0.017708
0 0.992593 0.662500 0.014815 0.016667
0 0.997222 0.669792 0.003704 0.015625
0 0.996296 0.727083 0.007407 0.016667
0 0.994444 0.653646 0.009259 0.016667
0 0.994444 0.341146 0.007407 0.014583
