0 0.874074 0.281771 0.033333 0.017708
0 0.991667 0.521875 0.016667 0.021875
0 0.616667 0.775521 0.025926 0.015625
0 0.471296 0.435937 0.037037 0.020833
0 0.943519 0.490104 0.022222 0.010417
0 0.237037 0.680729 0.025926 0.015625
0 0.424074 0.785937 0.042593 0.022917
0 0.544444 0.360417 0.042593 0.023958
0 0.312037 0.283854 0.027778 0.014583
0 0.991667 0.338021 0.029630 0.017708
0 0.985185 0.579167 0.029630 0.019792
0 0.867593 0.263542 0.040741 0.026042
0 0.505556 0.658854 0.037037 0.021875
0 0.980556 0.578646 0.024074 0.018750
0 0.996296 0.505729 0.007407 0.018750
0 0.515741 0.692187 0.031481 0.017708
0 0.615741 0.667708 0.031481 0.019792
0 0.265741 0.557292 0.022222 0.014583
0 0.019444 0.653125 0.027778 0.014583
0 0.016667 0.668750 0.033333 0.019792
0 0.894444 0.434896 0.029630 0.019792
0 0.600000 0.664062 0.038889 0.021875
0 0.019444 0.701562 0.033333 0.017708
0 0.041667 0.676562 0.033333 0.017708
0 0.535185 0.555729 0.024074 0.012500
0 0.687963 0.663542 0.033333 0.017708
0 0.338889 0.690104 0.027778 0.015625
0 0.122222 0.327604 0.033333 0.017708
0 0.156481 0.256771 0.018519 0.018750
0 0.350000 0.656250 0.037037 0.019792
0 -0.075926 0.337500 0.000000 0.000000
0 0.992593 0.576562 0.012963 0.019792
0 0.136111 0.348438 0.027778 0.015625
0 0.868519 0.485938 0.020370 0.013542
0 0.385185 0.700521 0.037037 0.022917
0 0.151852 0.364583 0.029630 0.015625
0 0.175000 0.644271 0.031481 0.018750
0 0.723148 0.580208 0.050000 0.028125
0 0.871296 0.272917 0.031481 0.015625
0 0.515741 0.522917 0.038889 0.021875
0 0.420370 0.687500 0.038889 0.023958
0 0.990741 0.543229 0.014815 0.022917
0 0.796296 0.488542 0.044444 0.023958
0 0.595370 0.739583 0.031481 0.017708
0 0.988889 0.377083 0.020370 0.021875
0 0.860185 0.722396 0.033333 0.020833
0 0.998148 0.389062 0.029630 0.020833
0 0.645370 0.767188 0.024074 0.015625
0 0.750926 0.217188 0.040741 0.023958
0 0.914815 0.544792 0.046296 0.023958
0 0.828704 0.726042 0.033333 0.019792
0 0.540741 0.253646 0.029630 0.019792
0 0.201852 0.478125 0.025926 0.014583
0 0.847222 0.519792 0.033333 0.017708
0 0.887037 0.273438 0.020370 0.014583
0 0.261111 0.263542 0.027778 0.017708
0 0.386111 0.700521 0.037037 0.022917
0 0.522222 0.719271 0.033333 0.018750
0 0.897222 0.693229 0.042593 0.025000
0 0.574074 0.383854 0.042593 0.021875
0 0.944444 0.505729 0.037037 0.021875
0 0.629630 0.672396 0.037037 0.017708
0 0.562037 0.778646 0.029630 0.018750
0 0.994444 0.574479 0.011111 0.018750
0 0.781481 0.727083 0.044444 0.020833
0 0.995370 0.433333 0.005556 0.018750
0 0.874074 0.250000 0.027778 0.015625
0 0.600000 0.664583 0.035185 0.020833
0 0.503704 0.670312 0.035185 0.015625
0 0.833333 0.552604 0.027778 0.018750
0 0.264815 0.685417 0.029630 0.016667
0 0.854630 0.575521 0.024074 0.015625
0 0.502778 0.541146 0.029630 0.016667
0 0.633333 0.451562 0.038889 0.023958
0 0.170370 0.305729 0.018519 0.009375
0 0.859259 0.285938 0.024074 0.015625
0 0.685185 0.638021 0.033333 0.016667
0 0.822222 0.530729 0.027778 0.015625
0 0.821296 0.552604 0.025926 0.016667
0 0.159259 0.450000 0.025926 0.016667
0 1.002778 0.362500 0.027778 0.014583
0 0.987963 0.541146 0.024074 0.025000
0 0.751852 0.551562 0.040741 0.022917
0 0.283333 0.681250 0.022222 0.013542
0 0.864815 0.705208 0.024074 0.014583
0 0.465741 0.652083 0.027778 0.016667
0 0.989815 0.572396 0.018519 0.021875
0 0.932407 0.640625 0.024074 0.014583
0 1.003704 0.559896 0.031481 0.018750
