0 0.367593 0.317188 0.031481 0.019792
0 0.418519 0.710938 0.029630 0.017708
0 0.376852 0.303125 0.027778 0.016667
0 0.618519 0.400521 0.024074 0.013542
0 0.383333 0.573438 0.022222 0.015625
0 0.033333 0.600521 0.020370 0.010417
0 0.350000 0.318750 0.027778 0.017708
0 0.034259 0.702083 0.037037 0.019792
0 0.982407 0.464583 0.027778 0.013542
0 0.097222 0.513542 0.031481 0.016667
0 0.586111 0.314583 0.024074 0.014583
0 0.107407 0.491146 0.029630 0.014583
0 0.978704 0.648438 0.031481 0.018750
0 0.314815 0.317188 0.022222 0.016667
0 0.402778 0.581250 0.024074 0.015625
0 0.550926 0.196354 0.011111 0.008333
0 0.570370 0.316146 0.022222 0.013542
0 0.991667 0.319792 0.014815 0.013542
0 0.273148 0.354687 0.031481 0.016667
0 0.266667 0.714063 0.029630 0.015625
0 0.293519 0.554167 0.027778 0.017708
0 0.996296 0.552604 0.007407 0.012500
0 1.000926 0.703646 0.018519 0.015625
0 0.328704 0.321875 0.029630 0.017708
0 0.558333 0.494792 0.020370 0.012500
0 0.452778 0.516146 0.027778 0.013542
0 0.996296 0.440625 0.005556 0.015625
0 0.533333 0.316146 0.022222 0.013542
0 0.435185 0.580729 0.025926 0.014583
0 0.524074 0.308333 0.024074 0.014583
0 0.995370 0.735417 0.007407 0.022917
0 0.471296 0.512500 0.025926 0.015625
0 0.994444 0.525000 0.009259 0.010417
0 0.498148 0.486979 0.022222 0.012500
0 0.436111 0.580208 0.025926 0.014583
0 0.993519 0.696875 0.011111 0.015625
0 0.471296 0.512500 0.027778 0.016667
0 0.482407 0.508854 0.018519 0.012500
0 0.503704 0.288542 0.024074 0.015625
0 0.499074 0.501563 0.024074 0.014583
0 0.480556 0.316146 0.025926 0.014583
0 0.995370 0.696354 0.005556 0.018750
0 0.539815 0.501563 0.024074 0.014583
0 0.500926 0.319271 0.022222 0.013542
0 0.536111 0.491146 0.024074 0.011458
0 0.503704 0.330208 0.022222 0.013542
0 0.991667 0.762500 0.016667 0.039583
0 0.564815 0.479167 0.022222 0.011458
0 0.997222 0.272396 0.005556 0.015625
0 0.571296 0.315625 0.020370 0.013542
0 0.652778 0.491667 0.025926 0.015625
0 0.613889 0.314063 0.022222 0.015625
0 0.941667 0.680729 0.033333 0.020833
0 0.703704 0.403125 0.031481 0.017708
0 0.651852 0.430208 0.020370 0.010417
0 0.997222 0.516667 0.003704 0.018750
0 0.990741 0.701042 0.016667 0.016667
0 0.987037 0.728646 0.024074 0.019792
0 0.995370 0.530208 0.020370 0.011458
0 0.987963 0.668750 0.022222 0.013542
0 0.996296 0.733333 0.007407 0.017708
0 0.991667 0.729167 0.014815 0.020833
0 0.995370 0.364583 0.009259 0.015625
0 0.992593 0.321354 0.012963 0.014583
0 0.993519 0.675521 0.012963 0.016667
0 0.975000 0.389583 0.009259 0.013542
0 0.994444 0.750521 0.011111 0.019792
0 0.994444 0.407292 0.007407 0.015625
0 0.991667 0.683854 0.012963 0.017708
0 0.994444 0.594792 0.011111 0.027083
0 0.990741 0.254167 0.018519 0.010417
0 0.993519 0.275521 0.011111 0.015625
0 0.996296 0.510417 0.007407 0.020833
0 0.990741 0.762500 0.016667 0.022917
0 0.996296 0.731250 0.005556 0.014583
0 0.994444 0.724479 0.009259 0.014583
0 0.993519 0.769792 0.012963 0.015625
0 0.999074 0.435937 0.000000 0.000000
0 0.991667 0.594271 0.014815 0.028125
0 0.995370 0.590625 0.009259 0.019792
0 0.986111 0.728646 0.025926 0.019792
0 0.997222 0.480208 0.003704 0.012500
