0 0.802778 0.381250 0.018519 0.010417
0 0.996296 0.477083 0.003704 0.009375
0 0.993519 0.695833 0.012963 0.015625
0 0.996296 0.456250 0.007407 0.020833
0 0.994444 0.671354 0.007407 0.014583
0 0.995370 0.384896 0.005556 0.012500
0 1.004630 0.394271 0.012963 0.018750
0 0.994444 0.654687 0.009259 0.011458
0 0.992593 0.344792 0.011111 0.013542
0 0.995370 0.342187 0.009259 0.014583
0 0.993519 0.662500 0.009259 0.017708
0 0.995370 0.731250 0.005556 0.016667
0 0.989815 0.664062 0.018519 0.010417
0 0.997222 0.680208 0.003704 0.016667
0 0.991667 0.665104 0.014815 0.016667
0 0.997222 0.504687 0.003704 0.017708
0 0.931481 0.386458 0.031481 0.018750
0 0.989815 0.670833 0.018519 0.023958
0 0.806481 0.294792 0.024074 0.015625
0 0.862963 0.477604 0.027778 0.015625
0 0.997222 0.267188 0.005556 0.016667
0 0.760185 0.296354 0.024074 0.014583
0 0.748148 0.463542 0.024074 0.011458
0 0.673148 0.310937 0.022222 0.013542
0 0.712963 0.475521 0.022222 0.013542
0 0.674074 0.300000 0.020370 0.013542
0 0.723148 0.486458 0.024074 0.014583
0 0.996296 0.673438 0.007407 0.018750
0 0.653704 0.295312 0.024074 0.014583
0 0.682407 0.485938 0.022222 0.013542
0 0.698148 0.267188 0.024074 0.014583
0 0.670370 0.497396 0.025926 0.016667
0 0.628704 0.565104 0.025926 0.013542
0 0.686111 0.471354 0.022222 0.012500
0 0.994444 0.523958 0.009259 0.010417
0 0.669444 0.496354 0.027778 0.016667
0 0.700926 0.288021 0.025926 0.014583
0 0.627778 0.564583 0.024074 0.014583
0 0.707407 0.296354 0.022222 0.013542
0 0.639815 0.500521 0.027778 0.014583
0 0.739815 0.479167 0.024074 0.014583
0 0.544444 0.559375 0.022222 0.011458
0 0.602778 0.280729 0.024074 0.014583
0 0.672222 0.696354 0.027778 0.017708
0 0.601852 0.295312 0.033333 0.019792
0 0.557407 0.300000 0.031481 0.017708
0 1.000926 0.646354 0.018519 0.015625
0 0.995370 0.567708 0.005556 0.013542
0 0.535185 0.536458 0.025926 0.016667
0 0.456481 0.698438 0.025926 0.017708
0 0.779630 0.294792 0.024074 0.014583
0 0.321296 0.470833 0.029630 0.015625
0 0.997222 0.633854 0.024074 0.017708
0 0.538889 0.295833 0.027778 0.018750
0 0.564815 0.566146 0.024074 0.013542
0 0.745370 0.172396 0.011111 0.007292
0 0.759259 0.295833 0.024074 0.015625
0 0.996296 0.310937 0.009259 0.009375
0 0.004630 0.139583 0.009259 0.016667
0 0.364815 0.359375 0.035185 0.021875
0 0.007407 0.600000 0.014815 0.018750
0 0.015741 0.707812 0.031481 0.020833
0 0.017593 0.143750 0.022222 0.014583
0 0.020370 0.514062 0.024074 0.013542
0 0.016667 0.478646 0.033333 0.018750
0 0.031481 0.413542 0.051852 0.029167
0 0.027778 0.677604 0.042593 0.022917
0 0.043519 0.511979 0.024074 0.014583
0 0.049074 0.444271 0.053704 0.026042
0 0.069444 0.427604 0.051852 0.029167
0 0.100000 0.573958 0.012963 0.017708
0 0.125000 0.685937 0.029630 0.016667
0 0.112963 0.445833 0.048148 0.027083
0 0.129630 0.665625 0.035185 0.020833
0 0.106481 0.544271 0.027778 0.012500
0 0.153704 0.701042 0.037037 0.021875
0 0.173148 0.625521 0.033333 0.017708
0 0.140741 0.711979 0.033333 0.015625
0 0.504630 0.331771 0.025926 0.015625
0 0.174074 0.276562 0.031481 0.016667
0 0.178704 0.719792 0.035185 0.019792
0 0.293519 0.582292 0.020370 0.010417
0 0.575926 0.297396 0.024074 0.017708
0 0.227778 0.683333 0.029630 0.015625
0 0.997222 0.454167 0.016667 0.011458
0 0.321296 0.494792 0.029630 0.017708
0 0.605556 0.339583 0.033333 0.017708
