0 0.996296 0.398958 0.003704 0.013542
0 0.239815 0.565104 0.024074 0.010417
0 0.251852 0.509375 0.020370 0.014583
0 0.394444 0.487500 0.020370 0.012500
0 0.179630 0.561979 0.020370 0.012500
0 0.441667 0.392188 0.022222 0.012500
0 0.138889 0.297917 0.035185 0.017708
0 0.157407 0.703646 0.029630 0.016667
0 0.125000 0.311458 0.040741 0.020833
0 0.091667 0.316667 0.033333 0.019792
0 0.787037 0.695833 0.027778 0.017708
0 0.913889 0.538542 0.020370 0.013542
0 0.069444 0.548438 0.031481 0.017708
0 0.077778 0.704688 0.024074 0.012500
0 0.022222 0.349479 0.033333 0.016667
0 0.894444 0.313021 0.027778 0.015625
0 0.996296 0.667708 0.005556 0.017708
0 0.313889 0.308333 0.022222 0.014583
0 0.314815 0.494271 0.025926 0.015625
0 0.312037 0.281250 0.025926 0.016667
0 0.284259 0.502604 0.020370 0.013542
0 0.268519 0.507812 0.027778 0.018750
0 0.993519 0.686458 0.011111 0.015625
0 0.237963 0.573438 0.025926 0.015625
0 0.307407 0.480729 0.022222 0.011458
0 0.895370 0.528646 0.024074 0.011458
0 0.267593 0.506771 0.029630 0.016667
0 0.994444 0.536979 0.025926 0.012500
0 0.995370 0.669792 0.007407 0.021875
0 0.354630 0.300521 0.025926 0.015625
0 0.238889 0.572917 0.025926 0.013542
0 0.367593 0.308333 0.022222 0.012500
0 0.771296 0.719792 0.029630 0.018750
0 0.994444 0.348438 0.009259 0.022917
0 0.992593 0.785937 0.012963 0.016667
0 0.938889 0.702083 0.031481 0.016667
0 0.994444 0.521354 0.009259 0.022917
0 0.991667 0.709375 0.014815 0.020833
0 0.990741 0.727083 0.018519 0.023958
0 0.823148 0.501042 0.025926 0.013542
0 0.992593 0.272917 0.012963 0.016667
0 0.990741 0.232813 0.018519 0.010417
0 0.990741 0.763021 0.014815 0.008333
0 0.990741 0.764062 0.018519 0.017708
0 0.990741 0.753646 0.016667 0.027083
0 0.993519 0.555729 0.009259 0.017708
0 0.866667 0.665104 0.033333 0.017708
0 0.841667 0.388542 0.031481 0.015625
0 0.993519 0.719271 0.011111 0.021875
0 0.815741 0.371354 0.027778 0.014583
0 0.990741 0.682813 0.018519 0.022917
0 0.854630 0.294792 0.027778 0.015625
0 0.822222 0.352604 0.031481 0.017708
0 0.992593 0.720313 0.012963 0.017708
0 0.994444 0.628125 0.009259 0.018750
0 0.997222 0.732292 0.016667 0.026042
0 0.817593 0.687500 0.031481 0.017708
0 0.951852 0.576562 0.022222 0.011458
0 0.991667 0.686458 0.016667 0.029167
0 0.736111 0.720313 0.031481 0.018750
0 0.996296 0.320833 0.020370 0.010417
0 0.764815 0.694271 0.037037 0.020833
0 0.486111 0.390104 0.014815 0.009375
0 0.879630 0.525521 0.024074 0.013542
0 0.452778 0.428125 0.012963 0.007292
0 0.471296 0.414062 0.020370 0.010417
0 0.477778 0.396875 0.029630 0.018750
0 0.695370 0.672917 0.035185 0.020833
0 0.425926 0.305729 0.022222 0.015625
0 0.440741 0.485417 0.027778 0.015625
0 0.884259 0.284375 0.025926 0.015625
0 0.393519 0.306771 0.025926 0.013542
0 0.380556 0.472396 0.024074 0.012500
0 0.993519 0.773438 0.011111 0.028125
0 0.342593 0.321875 0.022222 0.013542
0 0.357407 0.484375 0.024074 0.012500
0 0.335185 0.311979 0.022222 0.013542
0 0.353704 0.494792 0.024074 0.014583
0 0.801852 0.472917 0.027778 0.016667
0 0.999074 0.673958 0.033333 0.014583
0 0.991667 0.537500 0.014815 0.030208
0 0.972222 0.707812 0.033333 0.018750
0 0.995370 0.646875 0.007407 0.013542
0 0.994444 0.641667 0.009259 0.019792
0 0.993519 0.786979 0.012963 0.019792
0 0.993519 0.617188 0.012963 0.022917
0 0.992593 0.431250 0.012963 0.023958
0 0.994444 0.706771 0.007407 0.014583
