0 0.210185 0.707292 0.044444 0.025000
0 0.857407 0.555208 0.033333 0.018750
0 0.717593 0.567708 0.044444 0.023958
0 0.845370 0.408854 0.040741 0.021875
0 0.407407 0.761458 0.031481 0.017708
0 0.661111 0.743750 0.035185 0.020833
0 0.871296 0.413021 0.027778 0.019792
0 0.460185 0.789583 0.029630 0.017708
0 0.628704 0.747396 0.033333 0.019792
0 0.406481 0.278646 0.029630 0.018750
0 0.052778 0.495312 0.025926 0.014583
0 0.663889 0.311458 0.022222 0.013542
0 0.677778 0.542708 0.033333 0.019792
0 0.736111 0.303125 0.020370 0.014583
0 0.085185 0.277083 0.029630 0.017708
0 0.174074 0.719792 0.033333 0.023958
0 0.324074 0.711979 0.029630 0.018750
0 0.281481 0.454688 0.037037 0.020833
0 0.738889 0.513542 0.020370 0.010417
0 0.058333 0.701562 0.027778 0.014583
0 0.232407 0.808333 0.044444 0.025000
0 0.337037 0.379688 0.042593 0.023958
0 0.172222 0.307812 0.029630 0.015625
0 0.840741 0.369271 0.029630 0.016667
0 0.809259 0.602604 0.035185 0.018750
0 0.677778 0.292708 0.042593 0.026042
0 0.303704 0.678646 0.037037 0.019792
0 0.852778 0.600521 0.033333 0.017708
0 0.883333 0.538542 0.035185 0.020833
0 0.331481 0.739583 0.031481 0.018750
0 0.701852 0.715625 0.040741 0.023958
0 0.368519 0.403125 0.042593 0.021875
0 0.739815 0.528646 0.037037 0.020833
0 0.428704 0.692187 0.037037 0.020833
0 0.372222 0.801042 0.031481 0.018750
0 0.873148 0.588021 0.033333 0.018750
0 0.576852 0.748437 0.042593 0.020833
0 0.816667 0.459896 0.042593 0.025000
0 0.685185 0.279687 0.031481 0.017708
0 0.407407 0.687500 0.038889 0.018750
0 0.304630 0.689583 0.033333 0.014583
0 0.663889 0.575000 0.029630 0.017708
0 0.087037 0.705729 0.031481 0.017708
0 0.682407 0.600000 0.029630 0.015625
0 0.725926 0.310937 0.031481 0.017708
0 0.806481 0.546354 0.037037 0.020833
0 0.429630 0.796875 0.029630 0.016667
0 0.543519 0.571354 0.040741 0.022917
0 0.874074 0.567187 0.029630 0.017708
0 0.247222 0.386458 0.027778 0.013542
0 0.110185 0.701042 0.024074 0.013542
0 0.330556 0.700521 0.022222 0.011458
0 0.678704 0.727083 0.029630 0.016667
0 0.582407 0.509896 0.042593 0.025000
0 0.561111 0.245312 0.037037 0.023958
0 -0.048148 0.351562 0.011111 0.005208
0 0.852778 0.601042 0.033333 0.018750
0 0.012963 0.341667 0.016667 0.018750
0 0.700000 0.522396 0.031481 0.018750
0 0.180556 0.717187 0.037037 0.026042
0 0.007407 0.379167 0.014815 0.017708
0 0.008333 0.663021 0.016667 0.014583
0 0.527778 0.600000 0.048148 0.028125
0 0.683333 0.301563 0.031481 0.015625
0 0.326852 0.541667 0.042593 0.021875
0 0.260185 0.670312 0.027778 0.017708
0 0.825926 0.562500 0.037037 0.018750
0 0.831481 0.381250 0.027778 0.013542
0 0.009259 0.467187 0.025926 0.015625
0 0.632407 0.575521 0.027778 0.016667
0 0.656481 0.553125 0.029630 0.016667
0 0.483333 0.657813 0.029630 0.017708
0 0.709259 0.315104 0.024074 0.017708
0 0.140741 0.297917 0.022222 0.010417
0 0.448148 0.472396 0.037037 0.021875
0 0.356481 0.561458 0.027778 0.015625
0 0.300000 0.387500 0.022222 0.008333
0 0.469444 0.240104 0.024074 0.012500
0 0.831481 0.584896 0.027778 0.015625
0 0.734259 0.660937 0.025926 0.014583
0 0.839815 0.597396 0.027778 0.015625
