0 0.298148 0.277083 0.029630 0.014583
0 0.306481 0.235937 0.029630 0.016667
0 0.125000 0.322917 0.025926 0.017708
0 0.116667 0.447396 0.029630 0.016667
0 0.150000 0.320833 0.031481 0.015625
0 0.139815 0.703646 0.027778 0.016667
0 0.072222 0.537500 0.033333 0.017708
0 0.091667 0.447917 0.035185 0.017708
0 0.086111 0.434375 0.037037 0.020833
0 0.161111 0.145313 0.024074 0.013542
0 0.068519 0.268229 0.029630 0.018750
0 0.837963 0.426563 0.022222 0.014583
0 0.067593 0.220833 0.037037 0.022917
0 0.793519 0.708333 0.029630 0.013542
0 0.037037 0.537500 0.035185 0.019792
0 0.037037 0.249479 0.029630 0.020833
0 0.041667 0.246875 0.020370 0.017708
0 0.324074 0.286458 0.035185 0.019792
0 0.390741 0.484896 0.020370 0.013542
0 0.011111 0.538021 0.022222 0.016667
0 0.343519 0.515625 0.020370 0.012500
0 0.119444 0.708333 0.029630 0.017708
0 0.152778 0.158854 0.025926 0.015625
0 0.503704 0.371354 0.027778 0.019792
0 0.158333 0.714063 0.033333 0.019792
0 0.137963 0.608333 0.029630 0.017708
0 0.091667 0.518229 0.016667 0.009375
0 0.966667 0.483333 0.029630 0.015625
0 0.998148 0.458333 0.014815 0.010417
0 0.450926 0.503646 0.029630 0.017708
0 0.868519 0.305729 0.024074 0.014583
0 0.448148 0.479687 0.031481 0.016667
0 0.996296 0.628125 0.024074 0.017708
0 0.673148 0.308333 0.033333 0.021875
0 0.654630 0.570833 0.018519 0.012500
0 0.829630 0.186979 0.011111 0.008333
0 0.845370 0.307292 0.024074 0.013542
0 0.583333 0.702083 0.020370 0.011458
0 0.681481 0.541667 0.024074 0.014583
0 0.687963 0.310937 0.031481 0.012500
0 0.725926 0.308333 0.031481 0.019792
0 0.813889 0.697396 0.029630 0.015625
0 0.725926 0.294271 0.022222 0.012500
0 0.908333 0.389583 0.016667 0.010417
0 0.657407 0.565625 0.016667 0.008333
0 0.831481 0.485938 0.024074 0.014583
0 0.743519 0.506771 0.027778 0.013542
0 0.784259 0.307292 0.022222 0.012500
0 0.732407 0.570312 0.024074 0.014583
0 0.780556 0.299479 0.025926 0.013542
0 0.775000 0.503646 0.027778 0.015625
0 0.784259 0.478125 0.020370 0.010417
0 0.732407 0.570833 0.024074 0.014583
0 0.774074 0.503646 0.027778 0.015625
0 0.789815 0.280208 0.024074 0.014583
0 0.778704 0.492188 0.018519 0.012500
0 0.737963 0.307292 0.020370 0.012500
0 0.996296 0.664062 0.007407 0.019792
0 0.816667 0.492708 0.024074 0.013542
0 0.752778 0.310937 0.018519 0.013542
0 0.805556 0.482292 0.022222 0.013542
0 0.750000 0.320312 0.020370 0.013542
0 0.839815 0.470833 0.020370 0.010417
0 0.845370 0.307292 0.024074 0.014583
0 0.893519 0.305208 0.024074 0.015625
0 0.988889 0.663542 0.022222 0.026042
0 0.996296 0.391667 0.005556 0.017708
0 0.997222 0.665104 0.003704 0.015625
0 0.994444 0.645312 0.009259 0.014583
0 0.995370 0.663021 0.007407 0.011458
0 0.993519 0.682813 0.011111 0.014583
0 0.997222 0.471875 0.003704 0.008333
0 0.169444 0.163021 0.022222 0.014583
0 0.113889 0.525000 0.024074 0.013542
0 0.125000 0.489063 0.033333 0.016667
0 0.195370 0.426042 0.048148 0.028125
0 0.170370 0.684896 0.035185 0.021875
0 0.136111 0.521875 0.025926 0.014583
0 0.209259 0.454167 0.050000 0.025000
0 0.234259 0.438542 0.046296 0.026042
0 0.228704 0.584375 0.014815 0.018750
0 0.283333 0.692187 0.031481 0.018750
0 0.273148 0.455729 0.044444 0.023958
0 0.373148 0.688542 0.027778 0.013542
0 0.284259 0.671354 0.033333 0.020833
0 0.239815 0.553646 0.029630 0.013542
0 0.306481 0.706771 0.035185 0.021875
0 0.323148 0.632292 0.029630 0.015625
0 0.273148 0.717708 0.027778 0.015625
0 0.673148 0.343750 0.025926 0.015625
0 0.291667 0.291146 0.031481 0.017708
0 0.294444 0.727083 0.035185 0.018750
0 0.447222 0.588542 0.018519 0.010417
0 0.699074 0.309896 0.022222 0.014583
