0 0.605556 0.666667 0.031481 0.018750
0 0.257407 0.558333 0.022222 0.014583
0 0.012037 0.654687 0.024074 0.014583
0 0.012963 0.670312 0.025926 0.019792
0 0.881481 0.434375 0.031481 0.020833
0 0.588889 0.663542 0.035185 0.019792
0 0.013889 0.703125 0.027778 0.018750
0 0.034259 0.677083 0.031481 0.017708
0 0.526852 0.556250 0.024074 0.013542
0 0.678704 0.663542 0.033333 0.019792
0 0.331481 0.690625 0.027778 0.014583
0 0.112963 0.329167 0.033333 0.017708
0 0.143519 0.258333 0.016667 0.018750
0 0.339815 0.656771 0.035185 0.019792
0 -0.075926 0.337500 0.000000 0.000000
0 0.992593 0.571875 0.012963 0.018750
0 0.125926 0.349479 0.029630 0.015625
0 0.859259 0.484896 0.022222 0.014583
0 0.375000 0.701562 0.037037 0.022917
0 0.142593 0.365625 0.031481 0.015625
0 0.167593 0.645312 0.031481 0.018750
0 0.712963 0.579688 0.048148 0.027083
0 0.858333 0.271354 0.031481 0.015625
0 0.506481 0.522917 0.040741 0.021875
0 0.410185 0.688021 0.040741 0.025000
0 0.587037 0.739583 0.031481 0.017708
0 0.415741 0.786458 0.042593 0.022917
0 0.229630 0.681771 0.025926 0.014583
0 0.931481 0.489583 0.020370 0.010417
0 0.460185 0.436458 0.037037 0.020833
0 0.507407 0.692187 0.029630 0.017708
0 0.376852 0.700521 0.035185 0.022917
0 0.248148 0.264062 0.027778 0.016667
0 0.875000 0.272396 0.020370 0.014583
0 0.837037 0.518750 0.033333 0.018750
0 0.850000 0.721354 0.035185 0.019792
0 0.193519 0.479167 0.025926 0.013542
0 0.530556 0.253646 0.029630 0.019792
0 0.818519 0.725000 0.033333 0.019792
0 0.903704 0.544271 0.044444 0.023958
0 0.737963 0.216146 0.042593 0.025000
0 0.637963 0.766667 0.024074 0.015625
0 0.532407 0.360938 0.040741 0.023958
0 0.301852 0.284896 0.027778 0.014583
0 0.982407 0.338542 0.029630 0.017708
0 0.979630 0.578125 0.038889 0.019792
0 0.854630 0.262500 0.038889 0.025000
0 0.496296 0.659375 0.037037 0.020833
0 0.975926 0.576562 0.024074 0.018750
0 0.996296 0.507292 0.007407 0.019792
0 0.513889 0.719271 0.033333 0.018750
0 0.887037 0.692708 0.042593 0.023958
0 0.562037 0.384375 0.042593 0.021875
0 0.932407 0.504167 0.037037 0.021875
0 0.618519 0.671875 0.037037 0.018750
0 0.553704 0.778125 0.029630 0.018750
0 1.000000 0.569792 0.011111 0.018750
0 0.771296 0.726562 0.044444 0.020833
0 0.996296 0.432812 0.007407 0.018750
0 0.861111 0.249479 0.029630 0.015625
0 0.591667 0.664583 0.038889 0.020833
0 0.494444 0.670833 0.033333 0.014583
0 0.823148 0.551562 0.027778 0.018750
0 0.256481 0.686458 0.029630 0.015625
0 0.843519 0.575000 0.024074 0.015625
0 0.862963 0.280729 0.035185 0.018750
0 0.986111 0.521354 0.027778 0.022917
0 0.608333 0.775000 0.027778 0.015625
0 0.740741 0.551042 0.040741 0.022917
0 0.275926 0.682292 0.022222 0.012500
0 0.852778 0.704688 0.024074 0.014583
0 0.455556 0.652083 0.025926 0.016667
0 1.002778 0.569792 0.018519 0.021875
0 0.922222 0.639583 0.024074 0.014583
0 0.993519 0.558333 0.029630 0.017708
0 0.494444 0.541667 0.029630 0.016667
0 0.622222 0.451562 0.040741 0.022917
0 0.170370 0.305729 0.020370 0.009375
0 0.845370 0.284375 0.024074 0.015625
0 0.675000 0.637500 0.035185 0.016667
0 0.813889 0.530729 0.027778 0.015625
0 0.810185 0.552083 0.025926 0.016667
0 0.151852 0.452083 0.025926 0.015625
0 1.003704 0.359375 0.027778 0.013542
0 1.001852 0.537500 0.024074 0.025000
0 0.999074 0.390625 0.029630 0.020833
0 0.998148 0.538542 0.014815 0.022917
0 0.784259 0.488021 0.044444 0.023958
0 0.988889 0.376042 0.018519 0.021875
