0 0.991667 0.523958 0.018519 0.027083
0 0.993519 0.542188 0.012963 0.025000
0 0.998148 0.677604 0.033333 0.014583
0 1.000000 0.665104 0.022222 0.015625
0 0.995370 0.653125 0.031481 0.014583
0 0.550000 0.467187 0.027778 0.015625
0 0.144444 0.298438 0.027778 0.015625
0 0.112037 0.289062 0.024074 0.012500
0 0.860185 0.622396 0.031481 0.017708
0 0.827778 0.539583 0.025926 0.012500
0 0.011111 0.502604 0.022222 0.016667
0 0.661111 0.520833 0.020370 0.012500
0 0.057407 0.475000 0.024074 0.011458
0 0.007407 0.571354 0.014815 0.014583
0 0.888889 0.693750 0.025926 0.014583
0 0.023148 0.506250 0.024074 0.014583
0 0.037963 0.497396 0.024074 0.014583
0 0.058333 0.270313 0.027778 0.014583
0 0.069444 0.489583 0.025926 0.015625
0 0.075000 0.298438 0.025926 0.014583
0 0.781481 0.642188 0.037037 0.019792
0 0.109259 0.489583 0.025926 0.014583
0 0.097222 0.302083 0.024074 0.013542
0 0.121296 0.479687 0.025926 0.011458
0 0.108333 0.312500 0.024074 0.014583
0 0.891667 0.795833 0.040741 0.025000
0 0.150926 0.467708 0.024074 0.010417
0 0.626852 0.280208 0.027778 0.014583
0 0.178704 0.480208 0.031481 0.015625
0 0.179630 0.296875 0.025926 0.014583
0 0.415741 0.666667 0.031481 0.017708
0 0.207407 0.389583 0.035185 0.019792
0 0.240741 0.407292 0.020370 0.010417
0 0.194444 0.421354 0.020370 0.011458
0 0.644444 0.517708 0.024074 0.013542
0 0.218519 0.382292 0.020370 0.011458
0 0.464815 0.686458 0.035185 0.020833
0 0.887037 0.295312 0.024074 0.012500
0 0.451852 0.712500 0.031481 0.018750
0 0.992593 0.683854 0.014815 0.027083
0 0.675926 0.571354 0.025926 0.014583
0 0.519444 0.663542 0.020370 0.010417
0 0.517593 0.679167 0.035185 0.018750
0 0.998148 0.656250 0.014815 0.022917
0 0.487963 0.711458 0.029630 0.017708
0 0.514815 0.686979 0.022222 0.011458
0 1.030556 0.638021 0.094444 0.053125
0 0.750926 0.702604 0.031481 0.014583
0 0.553704 0.346875 0.031481 0.017708
0 0.603704 0.289062 0.025926 0.014583
0 0.894444 0.665625 0.046296 0.021875
0 0.552778 0.367188 0.025926 0.016667
0 0.930556 0.708333 0.040741 0.022917
0 0.575000 0.382292 0.029630 0.015625
0 0.600000 0.656771 0.029630 0.017708
0 0.994444 0.623958 0.009259 0.025000
0 0.992593 0.534375 0.011111 0.019792
0 0.968519 0.696354 0.053704 0.023958
0 0.993519 0.531771 0.012963 0.022917
0 0.990741 0.754167 0.018519 0.018750
0 0.994444 0.672396 0.007407 0.013542
0 1.000926 0.767708 0.014815 0.008333
0 0.994444 0.229167 0.009259 0.018750
0 0.995370 0.496354 0.007407 0.021875
0 0.991667 0.736458 0.016667 0.014583
0 0.919444 0.273958 0.035185 0.018750
0 0.575926 0.494271 0.024074 0.013542
0 0.998148 0.531250 0.024074 0.017708
0 0.929630 0.708333 0.042593 0.022917
0 0.992593 0.707812 0.012963 0.017708
0 0.993519 0.445833 0.011111 0.021875
0 0.666667 0.692187 0.027778 0.016667
0 0.865741 0.784896 0.033333 0.019792
0 0.994444 0.378125 0.009259 0.022917
0 0.994444 0.260937 0.009259 0.014583
0 0.993519 0.663542 0.011111 0.019792
0 0.994444 0.730208 0.011111 0.020833
0 0.993519 0.541146 0.012963 0.023958
0 0.993519 0.415625 0.012963 0.023958
0 0.995370 0.650521 0.009259 0.019792
0 0.994444 0.772917 0.011111 0.016667
0 0.992593 0.751563 0.012963 0.025000
0 0.992593 0.675521 0.014815 0.023958
0 0.995370 0.655729 0.005556 0.011458
0 0.698148 0.696875 0.031481 0.017708
0 0.997222 0.791146 0.029630 0.016667
