0 0.992593 0.596875 0.014815 0.027083
0 0.994444 0.600521 0.009259 0.020833
0 0.992593 0.685937 0.012963 0.016667
0 0.994444 0.384896 0.007407 0.013542
0 0.993519 0.741667 0.009259 0.019792
0 0.994444 0.397917 0.007407 0.015625
0 0.993519 0.676042 0.012963 0.016667
0 0.994444 0.595313 0.011111 0.026042
0 0.988889 0.814583 0.018519 0.031250
0 0.989815 0.253125 0.018519 0.010417
0 0.984259 0.482292 0.025926 0.016667
0 0.992593 0.717708 0.012963 0.019792
0 0.993519 0.275000 0.011111 0.015625
0 0.992593 0.510417 0.014815 0.015625
0 0.990741 0.750521 0.016667 0.022917
0 0.995370 0.720833 0.005556 0.014583
0 0.994444 0.557813 0.009259 0.020833
0 0.994444 0.713021 0.009259 0.014583
0 0.993519 0.777083 0.012963 0.016667
0 0.996296 0.707292 0.005556 0.010417
0 0.999074 0.436458 0.000000 0.000000
0 0.540741 0.192188 0.011111 0.007292
0 0.554630 0.313021 0.018519 0.013542
0 0.991667 0.324479 0.016667 0.014583
0 0.229630 0.351562 0.027778 0.015625
0 0.241667 0.704167 0.027778 0.012500
0 0.263889 0.548438 0.029630 0.017708
0 0.995370 0.545312 0.005556 0.012500
0 0.989815 0.703646 0.018519 0.016667
0 0.303704 0.318750 0.031481 0.017708
0 0.341667 0.314583 0.031481 0.019792
0 0.375000 0.705208 0.029630 0.017708
0 0.325926 0.316667 0.025926 0.017708
0 0.015741 0.691667 0.031481 0.020833
0 0.960185 0.465625 0.025926 0.011458
0 0.070370 0.507812 0.031481 0.015625
0 0.568519 0.311458 0.024074 0.013542
0 0.067593 0.469271 0.025926 0.009375
0 0.936111 0.650521 0.029630 0.015625
0 0.289815 0.314063 0.020370 0.015625
0 0.392593 0.576562 0.020370 0.013542
0 0.350926 0.300000 0.027778 0.016667
0 0.601852 0.397917 0.022222 0.013542
0 0.364815 0.568229 0.024074 0.015625
0 0.552778 0.492188 0.018519 0.011458
0 0.425926 0.512500 0.020370 0.013542
0 0.412963 0.567187 0.025926 0.010417
0 0.996296 0.427083 0.005556 0.015625
0 0.522222 0.311979 0.022222 0.012500
0 0.409259 0.575521 0.025926 0.014583
0 0.513889 0.304167 0.024074 0.015625
0 0.995370 0.721354 0.007407 0.022917
0 0.994444 0.598437 0.025926 0.011458
0 0.444444 0.509896 0.029630 0.017708
0 0.994444 0.529167 0.009259 0.011458
0 0.474074 0.483333 0.020370 0.012500
0 0.410185 0.576042 0.025926 0.014583
0 0.993519 0.692708 0.011111 0.015625
0 0.445370 0.509375 0.027778 0.015625
0 0.455556 0.504687 0.018519 0.012500
0 0.487963 0.284896 0.024074 0.015625
0 0.477778 0.497917 0.024074 0.014583
0 0.469444 0.311979 0.024074 0.014583
0 0.995370 0.696354 0.005556 0.017708
0 0.516667 0.498437 0.024074 0.014583
0 0.490741 0.315625 0.022222 0.013542
0 0.513889 0.488021 0.022222 0.010417
0 0.493519 0.326042 0.020370 0.013542
0 0.991667 0.754167 0.014815 0.036458
0 0.543519 0.476562 0.022222 0.012500
0 0.555556 0.313021 0.020370 0.014583
0 0.996296 0.279687 0.003704 0.015625
0 0.624074 0.490625 0.025926 0.015625
0 0.599074 0.310937 0.022222 0.015625
0 0.898148 0.681771 0.035185 0.020833
0 0.677778 0.402604 0.029630 0.017708
0 0.627778 0.418229 0.020370 0.011458
0 1.002778 0.515625 0.003704 0.002083
0 0.983333 0.705729 0.033333 0.018750
0 0.945370 0.729688 0.035185 0.018750
0 0.996296 0.545312 0.020370 0.011458
0 0.987963 0.670312 0.020370 0.012500
0 0.980556 0.730208 0.031481 0.018750
0 0.991667 0.718229 0.014815 0.020833
0 0.994444 0.361979 0.009259 0.014583
0 0.992593 0.311979 0.012963 0.014583
