0 0.564815 0.569271 0.040741 0.022917
0 0.850926 0.562500 0.037037 0.019792
0 0.861111 0.379688 0.027778 0.013542
0 0.058333 0.464062 0.025926 0.014583
0 0.660185 0.574479 0.027778 0.017708
0 0.686111 0.552604 0.029630 0.017708
0 0.504630 0.654687 0.025926 0.016667
0 0.747222 0.313542 0.025926 0.016667
0 0.141667 0.289583 0.022222 0.011458
0 0.475000 0.470313 0.037037 0.021875
0 0.383333 0.557813 0.025926 0.014583
0 0.303704 0.385417 0.022222 0.009375
0 0.509259 0.239063 0.024074 0.012500
0 0.861111 0.584896 0.029630 0.015625
0 0.757407 0.660937 0.025926 0.014583
0 0.869444 0.597917 0.027778 0.016667
0 0.287963 0.664062 0.029630 0.016667
0 0.709259 0.727604 0.029630 0.015625
0 0.358333 0.695312 0.024074 0.012500
0 0.175000 0.667188 0.037037 0.017708
0 0.283333 0.384375 0.027778 0.013542
0 0.903704 0.567708 0.029630 0.017708
0 0.458333 0.791667 0.027778 0.016667
0 0.831481 0.545833 0.037037 0.020833
0 0.762037 0.309375 0.029630 0.017708
0 0.015741 0.343229 0.031481 0.017708
0 0.587037 0.243750 0.038889 0.022917
0 0.487037 0.784896 0.027778 0.016667
0 0.885185 0.410417 0.027778 0.019792
0 0.683333 0.742708 0.033333 0.020833
0 0.434259 0.756771 0.031481 0.017708
0 0.867593 0.407292 0.042593 0.021875
0 0.600926 0.507812 0.042593 0.025000
0 0.884259 0.555208 0.033333 0.018750
0 0.238889 0.699479 0.042593 0.023958
0 0.354630 0.538021 0.038889 0.021875
0 0.708333 0.300000 0.031481 0.017708
0 0.548148 0.597396 0.046296 0.026042
0 0.045370 0.655208 0.031481 0.018750
0 0.044444 0.379688 0.029630 0.015625
0 0.207407 0.709375 0.035185 0.025000
0 0.723148 0.520833 0.033333 0.018750
0 0.740741 0.566667 0.044444 0.023958
0 0.882407 0.601562 0.033333 0.018750
0 0.030556 0.364583 0.025926 0.015625
0 0.650000 0.746354 0.033333 0.020833
0 0.446296 0.278125 0.029630 0.018750
0 0.101852 0.491667 0.025926 0.014583
0 0.687037 0.309375 0.022222 0.013542
0 0.707407 0.542188 0.035185 0.018750
0 0.771296 0.302083 0.018519 0.014583
0 0.132407 0.278125 0.029630 0.014583
0 0.201852 0.710938 0.031481 0.021875
0 0.351852 0.706771 0.029630 0.017708
0 0.310185 0.452083 0.038889 0.020833
0 0.329630 0.672917 0.038889 0.019792
0 0.763889 0.511979 0.022222 0.010417
0 0.101852 0.692708 0.027778 0.014583
0 0.264815 0.799479 0.042593 0.025000
0 0.359259 0.378646 0.038889 0.022917
0 0.168519 0.307812 0.031481 0.016667
0 0.884259 0.366667 0.025926 0.014583
0 0.838889 0.603646 0.035185 0.019792
0 0.701852 0.290104 0.040741 0.026042
0 0.880556 0.600000 0.038889 0.017708
0 0.910185 0.538542 0.033333 0.020833
0 0.361111 0.733854 0.031481 0.018750
0 0.725926 0.714583 0.042593 0.025000
0 0.390741 0.402083 0.040741 0.021875
0 0.762037 0.527604 0.035185 0.020833
0 0.452778 0.688021 0.033333 0.019792
0 0.400000 0.795312 0.031481 0.018750
0 0.903704 0.588542 0.031481 0.018750
0 0.597222 0.746354 0.040741 0.020833
0 0.838889 0.459375 0.046296 0.025000
0 0.709259 0.276562 0.031481 0.016667
0 0.432407 0.683333 0.035185 0.018750
0 0.329630 0.684375 0.035185 0.014583
0 0.693519 0.573958 0.031481 0.017708
0 0.128704 0.696875 0.029630 0.016667
0 0.705556 0.597917 0.029630 0.015625
