0 0.718519 0.306250 0.031481 0.018750
0 0.009259 0.536979 0.018519 0.017708
0 0.384259 0.483854 0.020370 0.013542
0 0.319444 0.284896 0.035185 0.019792
0 0.035185 0.245833 0.020370 0.017708
0 0.030556 0.248958 0.029630 0.020833
0 0.032407 0.536979 0.035185 0.019792
0 0.786111 0.706250 0.027778 0.013542
0 0.060185 0.219271 0.037037 0.020833
0 0.831481 0.425000 0.024074 0.015625
0 0.062037 0.267188 0.029630 0.017708
0 0.152778 0.144792 0.024074 0.013542
0 0.079630 0.433854 0.035185 0.020833
0 0.085185 0.447917 0.035185 0.017708
0 0.067593 0.536979 0.033333 0.017708
0 0.135185 0.703125 0.027778 0.016667
0 0.143519 0.319792 0.029630 0.015625
0 0.118519 0.321354 0.025926 0.017708
0 0.300000 0.233854 0.031481 0.016667
0 0.291667 0.276562 0.029630 0.015625
0 0.111111 0.446354 0.027778 0.017708
0 0.087037 0.517708 0.016667 0.009375
0 0.115741 0.707292 0.031481 0.017708
0 0.143519 0.157812 0.025926 0.014583
0 0.495370 0.370312 0.027778 0.019792
0 0.133333 0.607292 0.029630 0.017708
0 0.153704 0.713542 0.035185 0.020833
0 0.160185 0.161979 0.022222 0.014583
0 0.109259 0.523958 0.024074 0.013542
0 0.121296 0.488542 0.033333 0.016667
0 0.188889 0.425000 0.048148 0.027083
0 0.164815 0.683854 0.035185 0.022917
0 0.131481 0.521875 0.024074 0.014583
0 0.202778 0.453646 0.050000 0.026042
0 0.225926 0.437500 0.046296 0.026042
0 0.224074 0.583333 0.014815 0.018750
0 0.277778 0.691146 0.031481 0.018750
0 0.265741 0.455208 0.044444 0.025000
0 0.278704 0.669792 0.033333 0.020833
0 0.235185 0.552604 0.029630 0.013542
0 0.300000 0.705729 0.035185 0.021875
0 0.317593 0.631250 0.029630 0.015625
0 0.268519 0.716667 0.027778 0.016667
0 0.663889 0.341146 0.025926 0.015625
0 0.285185 0.289583 0.033333 0.016667
0 0.290741 0.725521 0.033333 0.019792
0 0.440741 0.587500 0.018519 0.010417
0 0.685185 0.308854 0.037037 0.015625
0 0.366667 0.686979 0.027778 0.013542
0 0.997222 0.457292 0.016667 0.010417
0 0.445370 0.502083 0.031481 0.017708
0 0.862037 0.303646 0.025926 0.014583
0 0.442593 0.478646 0.031481 0.016667
0 0.996296 0.627604 0.024074 0.017708
0 0.664815 0.306771 0.033333 0.020833
0 0.650000 0.569792 0.018519 0.013542
0 0.822222 0.185417 0.011111 0.008333
0 0.839815 0.305729 0.024074 0.014583
0 0.577778 0.700000 0.022222 0.011458
0 0.675926 0.540104 0.024074 0.015625
0 0.680556 0.309375 0.031481 0.013542
0 0.807407 0.695833 0.029630 0.015625
0 0.718519 0.292708 0.022222 0.012500
0 0.900926 0.387500 0.016667 0.010417
0 0.651852 0.564063 0.016667 0.008333
0 0.725926 0.568750 0.024074 0.014583
0 0.994444 0.646354 0.009259 0.014583
0 0.997222 0.666146 0.003704 0.015625
0 0.996296 0.389062 0.005556 0.016667
0 0.988889 0.664583 0.022222 0.026042
0 0.887037 0.303125 0.024074 0.014583
0 0.960185 0.481771 0.029630 0.014583
0 0.837963 0.305208 0.024074 0.014583
0 0.833333 0.468750 0.020370 0.010417
0 0.744444 0.318750 0.022222 0.014583
0 0.800000 0.481250 0.022222 0.014583
0 0.747222 0.309375 0.020370 0.013542
0 0.783333 0.278125 0.024074 0.014583
0 0.767593 0.501563 0.027778 0.015625
0 0.726852 0.569271 0.024074 0.013542
0 0.777778 0.476562 0.018519 0.010417
0 0.768519 0.502083 0.025926 0.015625
0 0.773148 0.297396 0.025926 0.013542
0 0.995370 0.664583 0.007407 0.012500
0 0.777778 0.305208 0.022222 0.014583
0 0.736111 0.505729 0.029630 0.013542
0 0.825000 0.483854 0.024074 0.013542
0 0.811111 0.491146 0.024074 0.013542
0 0.996296 0.665104 0.007407 0.019792
0 0.732407 0.305729 0.022222 0.012500
0 0.773148 0.490625 0.020370 0.012500
0 0.997222 0.470313 0.003704 0.008333
0 0.992593 0.683333 0.011111 0.014583
