0 0.796296 0.281771 0.024074 0.014583
0 0.779630 0.505208 0.029630 0.016667
0 0.737037 0.571875 0.024074 0.013542
0 0.788889 0.479167 0.020370 0.010417
0 0.779630 0.505208 0.025926 0.015625
0 0.785185 0.301563 0.024074 0.013542
0 0.737963 0.571354 0.024074 0.014583
0 0.789815 0.308333 0.024074 0.012500
0 0.747222 0.508333 0.031481 0.013542
0 0.837037 0.486979 0.024074 0.013542
0 0.662963 0.566667 0.016667 0.007292
0 0.851852 0.308854 0.024074 0.013542
0 0.754630 0.321875 0.022222 0.014583
0 0.812037 0.482812 0.022222 0.013542
0 0.758333 0.312500 0.020370 0.013542
0 0.845370 0.472396 0.020370 0.011458
0 0.822222 0.494271 0.024074 0.014583
0 0.997222 0.472917 0.003704 0.008333
0 0.993519 0.681771 0.011111 0.014583
0 0.995370 0.662500 0.007407 0.011458
0 0.994444 0.644271 0.009259 0.014583
0 0.997222 0.665625 0.003704 0.015625
0 0.995370 0.386979 0.005556 0.017708
0 0.988889 0.664583 0.022222 0.027083
0 0.899074 0.306250 0.024074 0.014583
0 0.996296 0.664062 0.007407 0.019792
0 0.972222 0.484896 0.029630 0.015625
0 0.744444 0.308333 0.022222 0.012500
0 0.785185 0.493750 0.020370 0.013542
0 0.161111 0.159375 0.025926 0.015625
0 0.510185 0.372917 0.025926 0.019792
0 0.143519 0.608333 0.029630 0.017708
0 0.163889 0.714583 0.035185 0.020833
0 0.177778 0.163542 0.022222 0.014583
0 0.119444 0.525000 0.024074 0.013542
0 0.131481 0.489583 0.033333 0.016667
0 0.203704 0.426042 0.050000 0.027083
0 0.175000 0.684896 0.035185 0.021875
0 0.140741 0.522396 0.024074 0.014583
0 0.216667 0.454688 0.048148 0.026042
0 0.043519 0.537500 0.037037 0.018750
0 0.044444 0.250000 0.029630 0.020833
0 0.048148 0.247396 0.020370 0.018750
0 0.330556 0.286458 0.035185 0.020833
0 0.396296 0.484896 0.022222 0.013542
0 0.013889 0.538021 0.025926 0.015625
0 0.347222 0.516146 0.018519 0.012500
0 0.075926 0.220833 0.035185 0.021875
0 0.843519 0.427604 0.024074 0.014583
0 0.913889 0.390625 0.016667 0.010417
0 0.732407 0.295312 0.024074 0.012500
0 0.819444 0.698958 0.029630 0.014583
0 0.732407 0.309375 0.031481 0.019792
0 0.693519 0.311979 0.031481 0.013542
0 0.687963 0.542708 0.024074 0.014583
0 0.589815 0.703125 0.020370 0.011458
0 0.850926 0.308333 0.024074 0.013542
0 0.836111 0.188542 0.011111 0.007292
0 0.659259 0.571875 0.018519 0.012500
0 0.681481 0.309375 0.033333 0.021875
0 0.996296 0.628646 0.024074 0.017708
0 0.452778 0.480208 0.025926 0.014583
0 0.874074 0.307292 0.025926 0.014583
0 0.456481 0.504167 0.029630 0.017708
0 0.996296 0.458333 0.014815 0.010417
0 0.377778 0.689063 0.027778 0.013542
0 0.075926 0.268750 0.031481 0.017708
0 0.170370 0.146354 0.024074 0.014583
0 0.093519 0.434375 0.037037 0.019792
0 0.098148 0.448437 0.035185 0.017708
0 0.241667 0.438542 0.048148 0.026042
0 0.077778 0.537500 0.031481 0.017708
0 0.145370 0.703646 0.027778 0.016667
0 0.155556 0.321354 0.027778 0.014583
0 0.234259 0.584896 0.014815 0.018750
0 0.131481 0.323437 0.027778 0.017708
0 0.313889 0.236458 0.029630 0.015625
0 0.289815 0.693229 0.033333 0.019792
0 0.279630 0.456250 0.044444 0.023958
0 0.799074 0.709896 0.029630 0.014583
0 0.289815 0.671875 0.033333 0.020833
0 0.245370 0.554167 0.029630 0.013542
0 0.312037 0.707292 0.035185 0.021875
0 0.327778 0.632812 0.029630 0.015625
0 0.277778 0.718750 0.025926 0.015625
0 0.681481 0.343750 0.025926 0.015625
0 0.299074 0.291146 0.033333 0.017708
0 0.299074 0.727604 0.035185 0.019792
0 0.453704 0.589063 0.018519 0.010417
0 0.705556 0.310417 0.022222 0.013542
0 0.304630 0.277604 0.027778 0.014583
0 0.123148 0.447396 0.029630 0.016667
0 0.097222 0.518229 0.014815 0.009375
0 0.125000 0.708333 0.029630 0.017708
