0 0.993519 0.406771 0.007407 0.015625
0 0.997222 0.486458 0.003704 0.012500
0 0.991667 0.732812 0.014815 0.020833
0 0.995370 0.592708 0.009259 0.019792
0 0.991667 0.601042 0.014815 0.028125
0 0.999074 0.435937 0.000000 0.000000
0 0.993519 0.770833 0.012963 0.015625
0 0.994444 0.724479 0.009259 0.014583
0 0.996296 0.729167 0.005556 0.014583
0 0.990741 0.761979 0.016667 0.022917
0 0.996296 0.508854 0.007407 0.020833
0 0.993519 0.275521 0.011111 0.015625
0 0.990741 0.254167 0.018519 0.010417
0 0.994444 0.600521 0.011111 0.026042
0 0.992593 0.681771 0.012963 0.017708
0 0.991667 0.768750 0.016667 0.039583
0 0.562963 0.483854 0.022222 0.011458
0 0.571296 0.320833 0.022222 0.014583
0 0.997222 0.273958 0.005556 0.016667
0 0.651852 0.496875 0.025926 0.015625
0 0.613889 0.318750 0.022222 0.015625
0 0.940741 0.687500 0.033333 0.020833
0 0.702778 0.408333 0.027778 0.018750
0 0.649074 0.431250 0.020370 0.010417
0 0.997222 0.516146 0.003704 0.018750
0 0.990741 0.707812 0.016667 0.016667
0 0.987037 0.735938 0.025926 0.019792
0 0.996296 0.532292 0.020370 0.011458
0 0.988889 0.666667 0.022222 0.013542
0 0.995370 0.730729 0.005556 0.017708
0 0.991667 0.730729 0.014815 0.020833
0 0.994444 0.367708 0.009259 0.015625
0 0.992593 0.320833 0.012963 0.014583
0 0.981481 0.394271 0.009259 0.013542
0 0.993519 0.677604 0.012963 0.016667
0 0.027778 0.604688 0.020370 0.009375
0 0.346296 0.323437 0.025926 0.017708
0 0.030556 0.706250 0.038889 0.019792
0 0.983333 0.469792 0.027778 0.012500
0 0.092593 0.518229 0.033333 0.017708
0 0.585185 0.319271 0.022222 0.013542
0 0.102778 0.495833 0.027778 0.012500
0 0.977778 0.655208 0.031481 0.017708
0 0.311111 0.321354 0.022222 0.015625
0 0.400000 0.586458 0.022222 0.015625
0 0.550926 0.201563 0.009259 0.008333
0 0.569444 0.320833 0.022222 0.013542
0 0.991667 0.320312 0.014815 0.013542
0 0.270370 0.358854 0.031481 0.016667
0 0.262963 0.718750 0.029630 0.015625
0 0.288889 0.558854 0.027778 0.018750
0 0.996296 0.551562 0.007407 0.012500
0 0.997222 0.707292 0.018519 0.016667
0 0.325926 0.326562 0.029630 0.017708
0 0.365741 0.321875 0.033333 0.018750
0 0.414815 0.715625 0.031481 0.016667
0 0.373148 0.307812 0.027778 0.016667
0 0.618519 0.405729 0.024074 0.013542
0 0.381481 0.578646 0.022222 0.015625
0 0.557407 0.500521 0.022222 0.011458
0 0.450926 0.521354 0.027778 0.013542
0 0.996296 0.440625 0.005556 0.015625
0 0.532407 0.320833 0.022222 0.012500
0 0.432407 0.585417 0.025926 0.013542
0 0.523148 0.313021 0.024074 0.014583
0 0.995370 0.734375 0.007407 0.022917
0 0.995370 0.604167 0.025926 0.011458
0 0.468519 0.517708 0.027778 0.015625
0 0.994444 0.524479 0.009259 0.011458
0 0.495370 0.491667 0.022222 0.013542
0 0.432407 0.585417 0.025926 0.013542
0 0.993519 0.698958 0.011111 0.015625
0 0.468519 0.517188 0.025926 0.016667
0 0.479630 0.514062 0.018519 0.012500
0 0.502778 0.293229 0.024074 0.015625
0 0.497222 0.506250 0.024074 0.014583
0 0.479630 0.320833 0.025926 0.014583
0 0.995370 0.697396 0.005556 0.018750
0 0.537963 0.506771 0.024074 0.014583
0 0.500926 0.323958 0.022222 0.013542
0 0.993519 0.750000 0.009259 0.019792
0 0.534259 0.496354 0.024074 0.011458
0 0.503704 0.334896 0.022222 0.012500
