0 0.472222 0.472396 0.037037 0.020833
0 0.169444 0.309896 0.029630 0.015625
0 0.879630 0.369792 0.025926 0.014583
0 0.835185 0.605729 0.033333 0.018750
0 0.700000 0.293229 0.042593 0.027083
0 0.327778 0.676042 0.037037 0.018750
0 0.877778 0.602604 0.040741 0.017708
0 0.907407 0.541146 0.035185 0.020833
0 0.358333 0.738021 0.031481 0.018750
0 0.724074 0.717708 0.042593 0.025000
0 0.390741 0.404687 0.042593 0.021875
0 0.761111 0.530208 0.038889 0.021875
0 0.452778 0.691146 0.033333 0.019792
0 0.398148 0.798958 0.031481 0.018750
0 0.900000 0.590625 0.031481 0.018750
0 0.597222 0.749479 0.042593 0.020833
0 0.837037 0.461458 0.044444 0.023958
0 0.707407 0.280729 0.031481 0.018750
0 0.431481 0.686979 0.033333 0.018750
0 0.328704 0.688021 0.035185 0.015625
0 0.690741 0.576042 0.031481 0.017708
0 0.125000 0.701562 0.031481 0.016667
0 0.703704 0.600521 0.029630 0.015625
0 0.758333 0.311979 0.031481 0.017708
0 0.828704 0.547917 0.038889 0.020833
0 0.456481 0.796354 0.029630 0.016667
0 0.563889 0.571875 0.040741 0.023958
0 0.900000 0.570312 0.029630 0.017708
0 0.279630 0.386979 0.027778 0.013542
0 0.172222 0.670833 0.035185 0.018750
0 0.356481 0.698958 0.024074 0.012500
0 0.705556 0.729688 0.029630 0.016667
0 0.286111 0.667708 0.027778 0.016667
0 0.867593 0.598958 0.027778 0.018750
0 0.754630 0.663021 0.025926 0.014583
0 0.857407 0.587500 0.027778 0.015625
0 0.503704 0.242188 0.024074 0.012500
0 0.300000 0.387500 0.022222 0.009375
0 0.379630 0.560417 0.025926 0.014583
0 0.139815 0.292708 0.022222 0.011458
0 0.740741 0.317188 0.024074 0.017708
0 0.505556 0.657292 0.029630 0.016667
0 0.682407 0.554688 0.029630 0.016667
0 0.657407 0.576562 0.027778 0.016667
0 0.053704 0.466146 0.027778 0.015625
0 0.857407 0.382292 0.027778 0.013542
0 0.848148 0.565104 0.035185 0.019792
0 0.866667 0.410417 0.048148 0.023958
0 0.024074 0.366667 0.027778 0.015625
0 0.879630 0.603646 0.033333 0.018750
0 0.013889 0.345833 0.027778 0.017708
0 0.721296 0.523438 0.033333 0.019792
0 0.205556 0.714063 0.035185 0.025000
0 0.040741 0.381771 0.031481 0.015625
0 0.040741 0.658854 0.031481 0.018750
0 0.548148 0.600521 0.050000 0.027083
0 0.704630 0.302604 0.031481 0.015625
0 0.352778 0.541146 0.038889 0.022917
0 0.237963 0.703125 0.044444 0.025000
0 0.881481 0.557292 0.033333 0.018750
0 0.600926 0.510417 0.042593 0.025000
0 0.432407 0.760417 0.031481 0.017708
0 0.683333 0.745833 0.035185 0.020833
0 0.883333 0.412500 0.027778 0.019792
0 0.486111 0.789062 0.027778 0.017708
0 0.584259 0.246354 0.038889 0.022917
0 0.738889 0.569792 0.044444 0.025000
0 0.650000 0.748958 0.033333 0.018750
0 0.441667 0.280729 0.029630 0.018750
0 0.096296 0.494271 0.024074 0.014583
0 0.684259 0.312500 0.022222 0.013542
0 0.704630 0.544271 0.033333 0.018750
0 0.765741 0.305208 0.020370 0.014583
0 0.127778 0.280729 0.029630 0.015625
0 0.200926 0.715104 0.031481 0.021875
0 0.350000 0.710417 0.029630 0.017708
0 0.308333 0.454688 0.038889 0.021875
0 0.761111 0.514583 0.022222 0.010417
0 0.099074 0.696354 0.027778 0.015625
0 0.262037 0.804688 0.044444 0.026042
0 0.359259 0.380729 0.040741 0.023958
