0 0.001852 0.554167 0.003704 0.013542
0 0.236111 0.478646 0.022222 0.013542
0 0.075926 0.501563 0.022222 0.013542
0 0.064815 0.557292 0.024074 0.010417
0 0.863889 0.382812 0.035185 0.016667
0 0.205556 0.296354 0.018519 0.012500
0 0.063889 0.565625 0.025926 0.015625
0 0.190741 0.285938 0.025926 0.012500
0 0.952778 0.623437 0.031481 0.018750
0 0.996296 0.689063 0.014815 0.023958
0 0.102778 0.502083 0.022222 0.014583
0 0.117593 0.493750 0.022222 0.013542
0 0.994444 0.640104 0.009259 0.023958
0 0.993519 0.544792 0.011111 0.018750
0 0.991667 0.710417 0.014815 0.022917
0 0.993519 0.535417 0.011111 0.021875
0 0.990741 0.751042 0.016667 0.017708
0 0.992593 0.771354 0.014815 0.008333
0 0.989815 0.232292 0.020370 0.011458
0 0.991667 0.733333 0.014815 0.014583
0 0.969444 0.693229 0.022222 0.013542
0 0.572222 0.709896 0.029630 0.017708
0 0.601852 0.685937 0.022222 0.011458
0 1.075000 0.594271 0.224074 0.126042
0 0.829630 0.702083 0.029630 0.014583
0 0.635185 0.345313 0.031481 0.017708
0 0.678704 0.286979 0.025926 0.015625
0 0.983333 0.666667 0.031481 0.020833
0 0.139815 0.268229 0.027778 0.015625
0 0.633333 0.364583 0.027778 0.014583
0 0.993519 0.706250 0.011111 0.021875
0 0.656481 0.380729 0.029630 0.014583
0 0.679630 0.655729 0.029630 0.017708
0 0.905556 0.537500 0.024074 0.011458
0 0.091667 0.497917 0.029630 0.016667
0 0.733333 0.518750 0.020370 0.011458
0 0.138889 0.471354 0.022222 0.012500
0 0.080556 0.566146 0.022222 0.012500
0 0.148148 0.485938 0.025926 0.015625
0 0.150926 0.295312 0.024074 0.013542
0 0.864815 0.642188 0.038889 0.019792
0 0.187037 0.485938 0.024074 0.014583
0 0.173148 0.299479 0.022222 0.013542
0 0.205556 0.477604 0.027778 0.012500
0 0.182407 0.309375 0.022222 0.013542
0 0.975926 0.797396 0.042593 0.027083
0 0.216667 0.463542 0.025926 0.013542
0 0.224074 0.295833 0.027778 0.015625
0 0.711111 0.277083 0.029630 0.014583
0 0.262037 0.477083 0.027778 0.015625
0 0.257407 0.294271 0.024074 0.014583
0 0.500000 0.665104 0.031481 0.018750
0 0.292593 0.387500 0.029630 0.017708
0 0.314815 0.404167 0.022222 0.010417
0 0.274074 0.418750 0.016667 0.009375
0 0.715741 0.516146 0.022222 0.012500
0 0.300000 0.380729 0.018519 0.010417
0 0.552778 0.685937 0.035185 0.019792
0 0.989815 0.294792 0.022222 0.011458
0 0.536111 0.711458 0.031481 0.018750
0 0.992593 0.683854 0.014815 0.027083
0 0.754630 0.569792 0.025926 0.013542
0 0.607407 0.663021 0.018519 0.010417
0 0.605556 0.678125 0.033333 0.017708
0 0.626852 0.465104 0.027778 0.015625
0 0.996296 0.642188 0.031481 0.014583
0 1.000000 0.679167 0.022222 0.015625
0 1.000000 0.679688 0.033333 0.014583
0 0.993519 0.539062 0.012963 0.026042
0 0.778704 0.696875 0.031481 0.017708
0 0.995370 0.640625 0.005556 0.011458
0 0.991667 0.665625 0.016667 0.026042
0 0.992593 0.757292 0.012963 0.026042
0 0.992593 0.776042 0.011111 0.018750
0 0.995370 0.625521 0.009259 0.019792
0 0.993519 0.415104 0.012963 0.022917
0 0.994444 0.719271 0.009259 0.018750
0 0.994444 0.659375 0.011111 0.019792
0 0.994444 0.258333 0.009259 0.014583
0 0.994444 0.379688 0.009259 0.022917
0 0.950926 0.785937 0.033333 0.019792
0 0.746296 0.691667 0.027778 0.016667
0 0.994444 0.452083 0.009259 0.021875
0 0.991667 0.710938 0.014815 0.018750
0 0.990741 0.716146 0.016667 0.022917
0 0.651852 0.492708 0.024074 0.013542
0 0.992593 0.268750 0.012963 0.018750
