0 0.995370 0.498437 0.005556 0.019792
0 0.746296 0.669271 0.040741 0.023958
0 0.671296 0.776563 0.031481 0.018750
0 0.993519 0.591146 0.012963 0.020833
0 0.907407 0.726562 0.042593 0.021875
0 0.995370 0.420312 0.005556 0.015625
0 1.005556 0.255208 0.027778 0.014583
0 0.718519 0.663542 0.029630 0.020833
0 0.627778 0.668229 0.033333 0.015625
0 0.961111 0.550521 0.025926 0.019792
0 0.366667 0.681771 0.029630 0.016667
0 0.976852 0.576562 0.025926 0.016667
0 1.000926 0.284375 0.024074 0.015625
0 0.993519 0.521354 0.011111 0.018750
0 0.724074 0.774479 0.027778 0.016667
0 0.259259 0.448958 0.027778 0.015625
0 0.991667 0.553646 0.016667 0.025000
0 0.720370 0.383333 0.042593 0.023958
0 0.384259 0.676562 0.020370 0.012500
0 0.989815 0.705208 0.025926 0.015625
0 0.594444 0.649479 0.027778 0.016667
0 0.990741 0.583854 0.016667 0.018750
0 0.999074 0.643750 0.027778 0.015625
0 0.992593 0.548438 0.033333 0.018750
0 0.623148 0.540104 0.029630 0.015625
0 0.280556 0.306250 0.018519 0.009375
0 0.993519 0.288021 0.022222 0.014583
0 0.993519 0.692708 0.011111 0.020833
0 0.635185 0.716667 0.033333 0.019792
0 1.002778 0.501042 0.051852 0.025000
0 0.986111 0.590104 0.025926 0.020833
0 0.887037 0.551562 0.040741 0.022917
0 0.632407 0.657292 0.037037 0.019792
0 0.993519 0.266146 0.012963 0.021875
0 0.995370 0.605208 0.007407 0.021875
0 0.814815 0.638021 0.035185 0.014583
0 0.941667 0.533854 0.020370 0.012500
0 0.530556 0.783333 0.038889 0.022917
0 0.083333 0.672396 0.038889 0.019792
0 0.645370 0.289062 0.024074 0.011458
0 0.093519 0.696875 0.033333 0.018750
0 0.748148 0.668750 0.040741 0.025000
0 0.366667 0.555208 0.024074 0.014583
0 0.512963 0.697396 0.035185 0.019792
0 0.139815 0.647917 0.025926 0.013542
0 0.137037 0.663542 0.038889 0.019792
0 1.009259 0.440625 0.029630 0.018750
0 0.717593 0.663021 0.031481 0.020833
0 0.132407 0.695833 0.031481 0.017708
0 0.152778 0.670833 0.031481 0.018750
0 0.625000 0.553125 0.022222 0.013542
0 0.807407 0.662500 0.035185 0.018750
0 0.435185 0.687500 0.027778 0.014583
0 0.235185 0.326562 0.035185 0.017708
0 0.316667 0.256771 0.018519 0.019792
0 0.479630 0.652604 0.040741 0.021875
0 -0.075926 0.337500 0.000000 0.000000
0 0.991667 0.593229 0.012963 0.019792
0 0.241667 0.346875 0.033333 0.015625
0 0.975000 0.488021 0.022222 0.012500
0 0.990741 0.337500 0.029630 0.016667
0 0.433333 0.291146 0.025926 0.013542
0 0.691667 0.360417 0.042593 0.023958
0 0.339815 0.677083 0.024074 0.016667
0 0.601852 0.435417 0.037037 0.021875
0 0.632407 0.690625 0.031481 0.018750
0 0.513889 0.696875 0.037037 0.021875
0 0.414815 0.263021 0.031481 0.018750
0 0.957407 0.521875 0.033333 0.017708
0 0.295370 0.476562 0.024074 0.014583
0 0.639815 0.255208 0.029630 0.018750
0 0.950000 0.726042 0.033333 0.018750
0 0.996296 0.546875 0.007407 0.020833
0 0.889815 0.219271 0.040741 0.023958
0 0.752778 0.766146 0.027778 0.016667
0 1.001852 0.378646 0.031481 0.022917
0 0.981481 0.722917 0.035185 0.019792
0 0.706481 0.738021 0.029630 0.017708
0 0.988889 0.397396 0.020370 0.022917
0 0.940741 0.489583 0.046296 0.023958
0 0.992593 0.553646 0.012963 0.018750
0 0.543519 0.683854 0.040741 0.021875
0 0.640741 0.521875 0.040741 0.022917
0 1.008333 0.275521 0.031481 0.015625
0 0.851852 0.579688 0.050000 0.027083
0 0.277778 0.641146 0.031481 0.017708
0 0.261111 0.363021 0.029630 0.015625
