0 0.742593 0.266146 0.024074 0.013542
0 0.737963 0.480208 0.020370 0.013542
0 0.691667 0.294792 0.022222 0.012500
0 0.996296 0.666146 0.007407 0.019792
0 0.776852 0.480729 0.024074 0.014583
0 0.710185 0.298958 0.020370 0.012500
0 0.764815 0.469271 0.022222 0.013542
0 0.708333 0.308333 0.022222 0.013542
0 0.800000 0.458854 0.020370 0.010417
0 0.800926 0.294271 0.024074 0.013542
0 0.922222 0.469792 0.029630 0.014583
0 0.848148 0.291146 0.024074 0.014583
0 0.988889 0.665104 0.022222 0.026042
0 0.986111 0.380208 0.027778 0.017708
0 0.997222 0.493750 0.003704 0.016667
0 0.992593 0.652083 0.014815 0.015625
0 0.997222 0.664062 0.003704 0.015625
0 0.995370 0.725000 0.005556 0.016667
0 0.994444 0.646875 0.009259 0.014583
0 0.994444 0.663021 0.007407 0.013542
0 0.993519 0.685417 0.011111 0.014583
0 0.997222 0.470833 0.003704 0.008333
0 0.739815 0.286979 0.020370 0.011458
0 0.693519 0.559896 0.024074 0.014583
0 0.740741 0.293750 0.024074 0.014583
0 0.700926 0.495833 0.031481 0.014583
0 0.012037 0.213021 0.024074 0.023958
0 0.790741 0.473958 0.024074 0.013542
0 0.613889 0.555729 0.016667 0.008333
0 0.861111 0.376042 0.016667 0.010417
0 0.671296 0.281771 0.024074 0.013542
0 0.768519 0.685417 0.027778 0.016667
0 0.672222 0.295833 0.031481 0.020833
0 0.632407 0.298958 0.037037 0.015625
0 0.631481 0.531250 0.024074 0.015625
0 0.534259 0.692187 0.022222 0.011458
0 0.800000 0.294271 0.024074 0.013542
0 0.779630 0.172917 0.011111 0.008333
0 0.619444 0.560937 0.022222 0.015625
0 0.609259 0.295833 0.031481 0.019792
0 0.997222 0.623437 0.024074 0.017708
0 0.400926 0.471875 0.031481 0.016667
0 0.822222 0.292187 0.025926 0.014583
0 0.403704 0.495312 0.029630 0.017708
0 0.981481 0.446875 0.014815 0.010417
0 0.327778 0.681250 0.027778 0.013542
0 0.638889 0.298438 0.037037 0.015625
0 0.397222 0.580729 0.018519 0.009375
0 0.262037 0.720313 0.035185 0.021875
0 0.238889 0.282292 0.031481 0.016667
0 0.606481 0.331771 0.025926 0.015625
0 0.235185 0.711979 0.025926 0.015625
0 0.275000 0.626042 0.031481 0.016667
0 0.261111 0.700521 0.035185 0.022917
0 0.193519 0.547917 0.029630 0.013542
0 0.237037 0.665104 0.033333 0.020833
0 0.214815 0.448958 0.048148 0.026042
0 0.236111 0.685937 0.031481 0.017708
0 0.186111 0.577083 0.014815 0.018750
0 0.174074 0.431771 0.046296 0.026042
0 0.151852 0.447917 0.050000 0.025000
0 0.098148 0.517708 0.024074 0.014583
0 0.125926 0.680208 0.038889 0.022917
0 0.135185 0.419792 0.050000 0.028125
0 0.082407 0.484896 0.035185 0.017708
0 0.075926 0.520312 0.024074 0.013542
0 0.099074 0.153125 0.024074 0.014583
0 0.115741 0.709375 0.035185 0.020833
0 0.091667 0.603125 0.029630 0.017708
0 0.446296 0.362500 0.031481 0.020833
0 0.080556 0.149479 0.025926 0.014583
0 0.080556 0.703125 0.029630 0.018750
0 0.050000 0.515104 0.016667 0.010417
0 0.062037 0.442188 0.033333 0.017708
0 0.244444 0.267708 0.027778 0.017708
0 0.250000 0.225521 0.031481 0.016667
0 0.074074 0.315625 0.025926 0.018750
0 0.100926 0.313542 0.033333 0.015625
0 0.096296 0.698958 0.027778 0.016667
0 0.028704 0.533333 0.033333 0.018750
0 0.028704 0.429167 0.038889 0.019792
0 0.089815 0.136458 0.025926 0.014583
0 0.014815 0.261458 0.029630 0.017708
0 0.799074 0.413542 0.024074 0.012500
0 0.036111 0.443229 0.038889 0.017708
0 0.005556 0.532292 0.011111 0.019792
0 0.744444 0.695833 0.029630 0.013542
0 0.731481 0.491667 0.027778 0.015625
0 0.691667 0.559375 0.025926 0.013542
0 0.741667 0.466667 0.020370 0.011458
0 0.732407 0.492188 0.027778 0.015625
