0 0.993519 0.697917 0.012963 0.015625
0 0.997222 0.477604 0.003704 0.009375
0 0.996296 0.456771 0.007407 0.020833
0 0.994444 0.670312 0.007407 0.014583
0 0.995370 0.385417 0.005556 0.012500
0 1.004630 0.393750 0.012963 0.019792
0 0.994444 0.655729 0.009259 0.012500
0 0.992593 0.344792 0.011111 0.013542
0 0.995370 0.343229 0.009259 0.014583
0 0.992593 0.663021 0.009259 0.017708
0 0.995370 0.730729 0.005556 0.016667
0 0.990741 0.664062 0.018519 0.010417
0 0.997222 0.680208 0.003704 0.016667
0 0.991667 0.666146 0.016667 0.016667
0 0.997222 0.505208 0.003704 0.017708
0 0.927778 0.386979 0.031481 0.019792
0 0.989815 0.671875 0.018519 0.022917
0 0.803704 0.295312 0.024074 0.015625
0 0.860185 0.478125 0.029630 0.015625
0 0.997222 0.267188 0.005556 0.016667
0 0.757407 0.296875 0.022222 0.015625
0 0.745370 0.464062 0.022222 0.011458
0 0.671296 0.310937 0.022222 0.013542
0 0.710185 0.476042 0.022222 0.013542
0 0.672222 0.300000 0.020370 0.013542
0 0.720370 0.486458 0.024074 0.014583
0 0.996296 0.672396 0.007407 0.018750
0 0.650926 0.295833 0.024074 0.014583
0 0.680556 0.485938 0.022222 0.013542
0 0.695370 0.267708 0.025926 0.015625
0 0.666667 0.497396 0.025926 0.015625
0 0.625926 0.566146 0.025926 0.014583
0 0.683333 0.471875 0.022222 0.012500
0 0.994444 0.523438 0.009259 0.011458
0 0.666667 0.497396 0.027778 0.016667
0 0.698148 0.288021 0.024074 0.014583
0 0.624074 0.565104 0.024074 0.014583
0 0.704630 0.296875 0.022222 0.013542
0 0.636111 0.501042 0.027778 0.014583
0 0.737037 0.479687 0.024074 0.014583
0 0.600000 0.340104 0.033333 0.017708
0 0.452778 0.698438 0.027778 0.016667
0 0.531481 0.536979 0.027778 0.016667
0 0.996296 0.567708 0.007407 0.013542
0 1.000926 0.647396 0.016667 0.015625
0 0.554630 0.300521 0.033333 0.017708
0 0.997222 0.635417 0.024074 0.017708
0 0.317593 0.470833 0.029630 0.015625
0 0.777778 0.295312 0.024074 0.014583
0 0.316667 0.494792 0.029630 0.017708
0 0.996296 0.454688 0.016667 0.011458
0 0.224074 0.683333 0.031481 0.015625
0 0.572222 0.297917 0.025926 0.017708
0 0.289815 0.582292 0.020370 0.010417
0 0.562963 0.566146 0.024074 0.013542
0 0.175000 0.720313 0.033333 0.019792
0 0.171296 0.276562 0.031481 0.017708
0 0.499074 0.331250 0.024074 0.015625
0 0.137963 0.712500 0.031481 0.016667
0 0.169444 0.626042 0.033333 0.017708
0 0.149074 0.702083 0.035185 0.021875
0 0.102778 0.544271 0.027778 0.012500
0 0.125000 0.665625 0.035185 0.020833
0 0.120370 0.686458 0.029630 0.017708
0 0.108333 0.445833 0.046296 0.026042
0 0.096296 0.574479 0.012963 0.018750
0 0.064815 0.427604 0.050000 0.029167
0 0.043519 0.444271 0.051852 0.026042
0 0.040741 0.512500 0.025926 0.014583
0 0.023148 0.678125 0.042593 0.022917
0 0.026852 0.414062 0.053704 0.029167
0 0.015741 0.479167 0.031481 0.019792
0 0.017593 0.514583 0.024074 0.013542
0 0.012963 0.143229 0.022222 0.016667
0 0.013889 0.707812 0.027778 0.021875
0 0.004630 0.600000 0.009259 0.018750
0 0.361111 0.359896 0.033333 0.022917
0 0.541667 0.559375 0.022222 0.011458
0 0.598148 0.295833 0.031481 0.019792
0 0.536111 0.295833 0.029630 0.018750
0 0.667593 0.696875 0.025926 0.016667
0 0.600000 0.281250 0.024074 0.014583
0 0.800926 0.382292 0.018519 0.011458
0 0.742593 0.173437 0.011111 0.008333
0 0.756481 0.295833 0.024074 0.014583
0 0.995370 0.311458 0.009259 0.009375
