0 0.668519 0.299479 0.022222 0.012500
0 0.996296 0.666667 0.007407 0.018750
0 0.754630 0.485938 0.024074 0.013542
0 0.690741 0.303125 0.020370 0.013542
0 0.742593 0.474479 0.022222 0.013542
0 0.687963 0.313542 0.020370 0.013542
0 0.776852 0.463021 0.020370 0.011458
0 0.778704 0.298958 0.022222 0.014583
0 0.897222 0.475000 0.027778 0.014583
0 0.826852 0.296354 0.022222 0.014583
0 0.989815 0.665625 0.022222 0.025000
0 0.962037 0.384896 0.035185 0.019792
0 0.997222 0.500000 0.003704 0.016667
0 0.991667 0.659375 0.014815 0.016667
0 0.997222 0.667188 0.003704 0.016667
0 0.996296 0.727083 0.005556 0.015625
0 0.994444 0.651042 0.009259 0.015625
0 0.997222 0.474479 0.003704 0.009375
0 0.992593 0.688542 0.011111 0.015625
0 0.996296 0.452604 0.007407 0.020833
0 0.642593 0.299479 0.031481 0.019792
0 0.994444 0.666667 0.007407 0.013542
0 1.007407 0.426563 0.018519 0.026042
0 0.695370 0.338542 0.040741 0.021875
0 0.507407 0.698438 0.020370 0.011458
0 0.597222 0.536979 0.025926 0.015625
0 0.599074 0.303646 0.031481 0.015625
0 1.000000 0.639062 0.016667 0.015625
0 0.372222 0.498958 0.029630 0.016667
0 0.800926 0.296875 0.025926 0.014583
0 0.994444 0.339062 0.007407 0.013542
0 0.371296 0.476042 0.031481 0.016667
0 0.997222 0.628646 0.024074 0.017708
0 0.579630 0.298958 0.027778 0.017708
0 0.598148 0.566146 0.022222 0.014583
0 0.758333 0.177083 0.011111 0.008333
0 0.778704 0.298958 0.022222 0.014583
0 0.737037 0.692708 0.024074 0.015625
0 0.641667 0.285417 0.024074 0.013542
0 0.835185 0.380729 0.016667 0.010417
0 0.586111 0.560937 0.018519 0.008333
0 0.768519 0.479167 0.024074 0.013542
0 0.676852 0.500521 0.031481 0.014583
0 0.722222 0.298958 0.022222 0.012500
0 0.668519 0.565104 0.024074 0.013542
0 0.718519 0.291146 0.022222 0.011458
0 0.707407 0.496875 0.027778 0.015625
0 0.718519 0.471875 0.022222 0.011458
0 0.667593 0.565104 0.025926 0.013542
0 0.708333 0.496875 0.029630 0.015625
0 0.721296 0.270833 0.024074 0.013542
0 0.714815 0.485417 0.020370 0.013542
0 0.230556 0.726562 0.033333 0.021875
0 0.053704 0.139583 0.025926 0.014583
0 0.004630 0.432812 0.009259 0.018750
0 0.009259 0.446875 0.018519 0.016667
0 0.007407 0.538021 0.014815 0.018750
0 0.058333 0.705208 0.027778 0.017708
0 0.071296 0.317188 0.033333 0.015625
0 0.046296 0.318750 0.027778 0.015625
0 0.220370 0.229167 0.031481 0.016667
0 0.216667 0.270833 0.027778 0.017708
0 0.025926 0.445833 0.029630 0.017708
0 0.023148 0.519271 0.018519 0.011458
0 0.046296 0.708854 0.031481 0.018750
0 0.044444 0.152604 0.025926 0.014583
0 0.413889 0.366667 0.037037 0.021875
0 0.056481 0.608333 0.029630 0.017708
0 0.078704 0.715625 0.035185 0.021875
0 0.063889 0.156771 0.024074 0.014583
0 0.051852 0.523958 0.024074 0.013542
0 0.055556 0.488021 0.033333 0.017708
0 0.095370 0.422917 0.050000 0.028125
0 0.090741 0.685417 0.037037 0.021875
0 0.074074 0.521875 0.025926 0.014583
0 0.110185 0.451562 0.050000 0.026042
0 0.135185 0.435937 0.050000 0.028125
0 0.153704 0.582812 0.014815 0.018750
0 0.197222 0.692187 0.031481 0.018750
0 0.175926 0.453125 0.048148 0.025000
0 0.199074 0.671354 0.033333 0.020833
0 0.160185 0.552083 0.027778 0.013542
0 0.224074 0.706771 0.035185 0.022917
0 0.238889 0.630729 0.033333 0.016667
0 0.202778 0.718229 0.025926 0.015625
0 0.568519 0.335938 0.025926 0.016667
0 0.211111 0.285938 0.031481 0.015625
0 0.360185 0.586979 0.018519 0.010417
0 0.614815 0.302083 0.024074 0.016667
0 0.291667 0.687500 0.029630 0.014583
0 0.979630 0.452083 0.014815 0.011458
