0 0.885185 0.284896 0.024074 0.012500
0 0.647222 0.514583 0.020370 0.011458
0 0.044444 0.459375 0.022222 0.011458
0 0.001852 0.552604 0.003704 0.013542
0 0.857407 0.688021 0.033333 0.017708
0 0.010185 0.489583 0.020370 0.014583
0 0.025000 0.482292 0.024074 0.014583
0 0.054630 0.255729 0.027778 0.015625
0 0.056481 0.474479 0.024074 0.015625
0 0.075000 0.284375 0.025926 0.014583
0 0.750926 0.635938 0.037037 0.019792
0 0.095370 0.475000 0.025926 0.014583
0 0.097222 0.288021 0.022222 0.014583
0 0.107407 0.465104 0.024074 0.011458
0 0.108333 0.298438 0.022222 0.013542
0 0.848148 0.790625 0.038889 0.025000
0 0.132407 0.453646 0.025926 0.011458
0 0.138889 0.284896 0.029630 0.015625
0 0.618519 0.271354 0.025926 0.015625
0 0.160185 0.466146 0.033333 0.016667
0 0.174074 0.283854 0.024074 0.014583
0 0.380556 0.655208 0.027778 0.017708
0 0.191667 0.376042 0.031481 0.019792
0 0.235185 0.394792 0.018519 0.009375
0 0.183333 0.407292 0.022222 0.013542
0 0.627778 0.510417 0.024074 0.013542
0 0.202778 0.371354 0.022222 0.012500
0 0.425926 0.675521 0.035185 0.021875
0 0.414815 0.701042 0.031481 0.018750
0 0.992593 0.673438 0.014815 0.027083
0 0.650926 0.564063 0.024074 0.013542
0 0.480556 0.652604 0.022222 0.011458
0 0.477778 0.667708 0.035185 0.019792
0 1.007407 0.509375 0.031481 0.019792
0 0.993519 0.663542 0.014815 0.022917
0 0.450926 0.700521 0.029630 0.018750
0 0.475000 0.677083 0.024074 0.012500
0 0.982407 0.560937 0.016667 0.010417
0 1.015741 0.653125 0.051852 0.029167
0 0.720370 0.696354 0.027778 0.014583
0 0.537963 0.338021 0.031481 0.017708
0 0.596296 0.280208 0.027778 0.014583
0 0.851852 0.658854 0.044444 0.021875
0 0.538889 0.358333 0.025926 0.015625
0 0.885185 0.702604 0.038889 0.025000
0 0.559259 0.373958 0.029630 0.015625
0 0.569444 0.647917 0.029630 0.017708
0 0.994444 0.618229 0.009259 0.025000
0 0.991667 0.529167 0.016667 0.021875
0 0.922222 0.692187 0.050000 0.025000
0 0.992593 0.536458 0.011111 0.022917
0 0.991667 0.761979 0.018519 0.019792
0 0.994444 0.681250 0.009259 0.013542
0 1.002778 0.766667 0.016667 0.008333
0 0.994444 0.258854 0.009259 0.015625
0 0.993519 0.664062 0.011111 0.021875
0 1.010185 0.507812 0.100000 0.048958
0 0.974074 0.726042 0.033333 0.018750
0 0.992593 0.547396 0.012963 0.023958
0 0.993519 0.410417 0.011111 0.022917
0 0.996296 0.436458 0.003704 0.014583
0 0.995370 0.669792 0.009259 0.020833
0 0.992593 0.785937 0.012963 0.017708
0 0.993519 0.749479 0.012963 0.025000
0 0.992593 0.670312 0.012963 0.021875
0 0.988889 0.677083 0.018519 0.016667
0 1.012963 0.436979 0.053704 0.040625
0 0.664815 0.689583 0.029630 0.017708
0 1.012963 0.318750 0.051852 0.032292
0 0.997222 0.785417 0.031481 0.017708
0 0.994444 0.531250 0.007407 0.020833
0 0.997222 0.682813 0.035185 0.015625
0 0.974074 0.655729 0.022222 0.015625
0 0.992593 0.652604 0.029630 0.013542
0 0.533333 0.457813 0.027778 0.016667
0 0.990741 0.518229 0.018519 0.027083
0 0.980556 0.699479 0.029630 0.016667
0 0.976852 0.443750 0.038889 0.020833
0 0.634259 0.684375 0.025926 0.016667
0 0.825000 0.779687 0.031481 0.019792
0 0.994444 0.382812 0.009259 0.022917
0 0.994444 0.224479 0.009259 0.018750
0 0.995370 0.493750 0.007407 0.021875
0 0.990741 0.731771 0.014815 0.015625
0 0.915741 0.267708 0.033333 0.017708
0 0.559259 0.485938 0.024074 0.013542
0 0.997222 0.528125 0.024074 0.018750
0 0.884259 0.703125 0.040741 0.023958
