0 0.024074 0.253646 0.024074 0.014583
0 0.018519 0.469792 0.024074 0.015625
0 0.049074 0.281771 0.024074 0.013542
0 0.683333 0.638542 0.031481 0.019792
0 0.975000 0.790625 0.018519 0.011458
0 0.994444 0.548958 0.009259 0.021875
0 0.618519 0.685417 0.020370 0.013542
0 0.995370 0.696875 0.035185 0.015625
0 0.887037 0.660937 0.022222 0.015625
0 0.992593 0.585417 0.012963 0.014583
0 0.995370 0.647396 0.029630 0.013542
0 0.485185 0.459375 0.027778 0.015625
0 0.990741 0.539062 0.016667 0.027083
0 0.487963 0.360938 0.029630 0.016667
0 0.995370 0.504167 0.020370 0.011458
0 0.798148 0.706771 0.037037 0.021875
0 0.509259 0.376563 0.029630 0.014583
0 0.509259 0.647917 0.029630 0.017708
0 0.994444 0.606250 0.009259 0.025000
0 0.926852 0.536979 0.040741 0.021875
0 0.834259 0.695312 0.050000 0.023958
0 0.993519 0.541667 0.011111 0.016667
0 0.993519 0.526042 0.011111 0.022917
0 0.987037 0.451562 0.022222 0.025000
0 0.962037 0.753646 0.031481 0.017708
0 0.994444 0.697396 0.009259 0.014583
0 0.999074 0.783333 0.025926 0.014583
0 0.994444 0.222917 0.009259 0.018750
0 0.995370 0.491146 0.007407 0.021875
0 0.990741 0.731771 0.016667 0.015625
0 0.910185 0.274479 0.029630 0.019792
0 0.512963 0.487500 0.024074 0.013542
0 0.141667 0.282292 0.024074 0.014583
0 0.798148 0.707292 0.038889 0.021875
0 0.900000 0.704167 0.029630 0.016667
0 0.900000 0.451562 0.038889 0.019792
0 0.570370 0.684896 0.025926 0.016667
0 0.750926 0.781250 0.029630 0.020833
0 0.995370 0.379688 0.009259 0.021875
0 0.995370 0.603125 0.009259 0.025000
0 0.993519 0.260937 0.009259 0.016667
0 0.920370 0.670833 0.037037 0.019792
0 0.986111 0.629167 0.027778 0.021875
0 1.006481 0.513021 0.088889 0.043750
0 0.895370 0.731250 0.031481 0.018750
0 0.993519 0.598437 0.012963 0.025000
0 0.993519 0.401042 0.011111 0.021875
0 0.996296 0.443229 0.003704 0.015625
0 0.989815 0.678646 0.020370 0.021875
0 0.924074 0.791146 0.031481 0.018750
0 0.992593 0.600521 0.012963 0.022917
0 0.992593 0.747917 0.012963 0.023958
0 0.996296 0.396354 0.005556 0.013542
0 0.990741 0.678646 0.024074 0.020833
0 0.910185 0.681250 0.033333 0.017708
0 1.010185 0.469792 0.044444 0.033333
0 0.600000 0.691146 0.029630 0.017708
0 1.009259 0.315625 0.042593 0.026042
0 0.994444 0.503125 0.011111 0.017708
0 0.996296 0.543750 0.024074 0.018750
0 0.318519 0.653646 0.029630 0.016667
0 0.146296 0.374479 0.033333 0.018750
0 0.204630 0.391667 0.018519 0.009375
0 0.149074 0.404687 0.025926 0.014583
0 0.584259 0.512500 0.024074 0.012500
0 0.162963 0.369271 0.024074 0.013542
0 0.355556 0.673958 0.037037 0.020833
0 0.854630 0.307292 0.020370 0.013542
0 0.348148 0.699479 0.029630 0.018750
0 0.992593 0.678646 0.012963 0.025000
0 0.594444 0.565625 0.024074 0.013542
0 0.409259 0.652083 0.022222 0.012500
0 0.407407 0.667188 0.035185 0.019792
0 1.007407 0.502604 0.029630 0.018750
0 0.994444 0.678646 0.033333 0.019792
0 0.384259 0.698438 0.027778 0.018750
0 0.407407 0.676042 0.024074 0.013542
0 0.899074 0.566667 0.018519 0.010417
0 1.008333 0.666667 0.031481 0.017708
0 0.657407 0.697917 0.027778 0.014583
0 0.489815 0.341146 0.031481 0.017708
0 0.553704 0.284896 0.027778 0.015625
0 0.767593 0.662500 0.042593 0.022917
0 0.992593 0.604167 0.014815 0.020833
0 0.116667 0.463021 0.031481 0.015625
0 0.056481 0.470313 0.025926 0.014583
0 0.072222 0.286458 0.024074 0.014583
0 0.067593 0.461458 0.024074 0.012500
0 0.084259 0.296875 0.022222 0.013542
0 0.770370 0.793229 0.037037 0.026042
0 0.090741 0.448437 0.024074 0.012500
0 0.107407 0.283333 0.027778 0.015625
0 0.574074 0.276042 0.025926 0.015625
