0 0.996296 0.479167 0.003704 0.010417
0 0.564815 0.513542 0.025926 0.014583
0 0.641667 0.310417 0.022222 0.014583
0 0.550926 0.577604 0.025926 0.014583
0 0.632407 0.302083 0.027778 0.015625
0 0.591667 0.510417 0.027778 0.016667
0 0.994444 0.527083 0.009259 0.011458
0 0.611111 0.484896 0.024074 0.012500
0 0.551852 0.578646 0.025926 0.015625
0 0.591667 0.510417 0.025926 0.016667
0 0.600926 0.506771 0.016667 0.011458
0 0.624074 0.282292 0.025926 0.015625
0 0.609259 0.498958 0.024074 0.014583
0 0.587963 0.309375 0.025926 0.015625
0 0.996296 0.675000 0.005556 0.017708
0 0.650000 0.498958 0.024074 0.013542
0 0.608333 0.314063 0.020370 0.013542
0 0.639815 0.488542 0.022222 0.012500
0 0.608333 0.323958 0.022222 0.013542
0 0.675000 0.477083 0.022222 0.011458
0 0.688889 0.310417 0.022222 0.014583
0 0.996296 0.268229 0.003704 0.016667
0 0.781481 0.491146 0.027778 0.015625
0 0.733333 0.308854 0.024074 0.015625
0 0.989815 0.680729 0.016667 0.020833
0 0.844444 0.401042 0.031481 0.018750
0 0.786111 0.428125 0.020370 0.010417
0 0.997222 0.508854 0.003704 0.017708
0 0.991667 0.677083 0.014815 0.016667
0 0.997222 0.703646 0.003704 0.016667
0 0.988889 0.668229 0.018519 0.011458
0 0.995370 0.736979 0.005556 0.016667
0 0.992593 0.684896 0.009259 0.018750
0 0.995370 0.351562 0.009259 0.014583
0 0.992593 0.340625 0.011111 0.013542
0 0.994444 0.661979 0.009259 0.013542
0 0.984259 0.384896 0.009259 0.013542
0 0.996296 0.392188 0.007407 0.013542
0 0.993519 0.678646 0.009259 0.016667
0 0.993519 0.597917 0.011111 0.028125
0 0.996296 0.468229 0.007407 0.020833
0 0.996296 0.701562 0.005556 0.014583
0 0.994444 0.708333 0.009259 0.013542
0 0.999074 0.435937 0.000000 0.000000
0 0.991667 0.709896 0.012963 0.016667
0 0.515741 0.296875 0.025926 0.016667
0 0.015741 0.588021 0.012963 0.016667
0 0.023148 0.702604 0.033333 0.018750
0 0.016667 0.460417 0.033333 0.026042
0 0.025926 0.681771 0.035185 0.022917
0 0.018519 0.557292 0.025926 0.011458
0 0.050000 0.718229 0.038889 0.021875
0 0.073148 0.640625 0.035185 0.017708
0 0.054630 0.727083 0.033333 0.016667
0 0.390741 0.347917 0.025926 0.015625
0 0.092593 0.290625 0.031481 0.017708
0 0.097222 0.735417 0.037037 0.019792
0 0.191667 0.597396 0.020370 0.010417
0 0.489815 0.312500 0.025926 0.017708
0 0.144444 0.698438 0.035185 0.018750
0 0.990741 0.462500 0.016667 0.012500
0 0.231481 0.508333 0.031481 0.016667
0 0.706481 0.308854 0.022222 0.014583
0 0.236111 0.484896 0.029630 0.016667
0 0.995370 0.647917 0.024074 0.017708
0 0.452778 0.310417 0.027778 0.017708
0 0.498148 0.578125 0.024074 0.014583
0 0.672222 0.188021 0.011111 0.007292
0 0.687963 0.309896 0.022222 0.015625
0 0.993519 0.322917 0.011111 0.010417
0 0.480556 0.353646 0.027778 0.015625
0 0.376852 0.712500 0.027778 0.016667
0 0.436111 0.552083 0.027778 0.017708
0 0.996296 0.563542 0.007407 0.013542
0 1.001852 0.667708 0.018519 0.016667
0 0.470370 0.315104 0.029630 0.017708
0 0.513889 0.310417 0.031481 0.020833
0 0.573148 0.711458 0.027778 0.017708
0 0.727778 0.396875 0.020370 0.012500
0 0.477778 0.570833 0.022222 0.014583
0 0.666667 0.492188 0.024074 0.013542
