0 0.040741 0.589583 0.022222 0.009375
0 0.349074 0.302083 0.025926 0.017708
0 0.032407 0.691667 0.044444 0.020833
0 0.977778 0.446875 0.025926 0.012500
0 0.096296 0.500521 0.033333 0.017708
0 0.581481 0.296354 0.024074 0.014583
0 0.105556 0.478125 0.031481 0.013542
0 0.983333 0.629167 0.031481 0.018750
0 0.312963 0.300000 0.024074 0.017708
0 0.398148 0.567187 0.025926 0.014583
0 0.540741 0.175521 0.011111 0.007292
0 0.564815 0.297917 0.022222 0.014583
0 0.991667 0.318229 0.012963 0.012500
0 0.287963 0.343229 0.033333 0.018750
0 0.267593 0.701562 0.029630 0.014583
0 0.298148 0.541146 0.027778 0.016667
0 0.996296 0.558854 0.007407 0.012500
0 1.000926 0.685937 0.018519 0.016667
0 0.991667 0.578125 0.016667 0.029167
0 0.991667 0.708333 0.014815 0.019792
0 0.996296 0.467187 0.003704 0.012500
0 0.610185 0.295833 0.024074 0.015625
0 0.328704 0.305208 0.031481 0.018750
0 0.369444 0.299479 0.033333 0.019792
0 0.433333 0.696875 0.029630 0.017708
0 0.374074 0.284896 0.027778 0.016667
0 0.612963 0.383333 0.022222 0.013542
0 0.377778 0.557813 0.025926 0.015625
0 0.553704 0.479687 0.020370 0.011458
0 0.451852 0.502604 0.025926 0.013542
0 0.996296 0.444271 0.005556 0.016667
0 0.524074 0.298438 0.022222 0.013542
0 0.436111 0.565625 0.025926 0.014583
0 0.515741 0.290104 0.024074 0.014583
0 0.995370 0.738542 0.007407 0.022917
0 0.471296 0.497917 0.027778 0.016667
0 0.993519 0.529687 0.009259 0.011458
0 0.495370 0.471875 0.022222 0.012500
0 0.436111 0.566146 0.025926 0.014583
0 0.471296 0.497917 0.025926 0.015625
0 0.483333 0.494271 0.018519 0.012500
0 0.498148 0.269792 0.024074 0.015625
0 0.497222 0.486458 0.024074 0.014583
0 0.470370 0.298438 0.025926 0.014583
0 0.996296 0.693229 0.005556 0.018750
0 0.537963 0.486458 0.024074 0.014583
0 0.491667 0.302083 0.020370 0.013542
0 0.533333 0.475521 0.025926 0.012500
0 0.494444 0.313021 0.020370 0.013542
0 0.562037 0.463542 0.024074 0.011458
0 0.565741 0.297917 0.022222 0.014583
0 0.996296 0.269271 0.003704 0.016667
0 0.655556 0.476042 0.025926 0.014583
0 0.949074 0.662500 0.035185 0.019792
0 0.708333 0.385417 0.029630 0.018750
0 0.654630 0.414062 0.020370 0.010417
0 0.997222 0.506771 0.003704 0.017708
0 0.985185 0.680729 0.016667 0.017708
0 0.992593 0.708333 0.014815 0.019792
0 0.996296 0.519792 0.020370 0.010417
0 0.980556 0.654167 0.020370 0.012500
0 0.996296 0.736979 0.007407 0.017708
0 0.991667 0.708854 0.014815 0.020833
0 0.995370 0.349479 0.009259 0.015625
0 0.993519 0.326042 0.012963 0.014583
0 0.992593 0.672396 0.011111 0.015625
0 0.943519 0.371875 0.009259 0.013542
0 0.995370 0.395313 0.007407 0.014583
0 0.992593 0.679167 0.012963 0.017708
0 0.994444 0.578646 0.011111 0.028125
0 0.996296 0.498437 0.007407 0.020833
0 0.996296 0.720313 0.005556 0.014583
0 0.994444 0.716146 0.009259 0.014583
0 0.992593 0.764583 0.011111 0.016667
0 0.999074 0.435937 0.000000 0.000000
