0 0.404630 0.700000 0.029630 0.018750
0 0.992593 0.667708 0.012963 0.025000
0 0.645370 0.565104 0.024074 0.013542
0 0.469444 0.652083 0.022222 0.011458
0 0.467593 0.667188 0.035185 0.018750
0 1.008333 0.505208 0.031481 0.020833
0 0.988889 0.668229 0.027778 0.020833
0 0.441667 0.699479 0.029630 0.018750
0 0.464815 0.676562 0.024074 0.012500
0 0.970370 0.563542 0.018519 0.010417
0 1.014815 0.657813 0.044444 0.025000
0 0.712963 0.697917 0.027778 0.014583
0 0.534259 0.338021 0.031481 0.016667
0 0.594444 0.281250 0.025926 0.014583
0 0.837037 0.661458 0.044444 0.022917
0 0.534259 0.357812 0.027778 0.015625
0 0.994444 0.507292 0.020370 0.011458
0 0.871296 0.705208 0.042593 0.025000
0 0.554630 0.374479 0.027778 0.015625
0 0.562037 0.647917 0.029630 0.017708
0 0.994444 0.610938 0.009259 0.023958
0 0.986111 0.532813 0.027778 0.022917
0 0.906481 0.695312 0.048148 0.023958
0 0.992593 0.533854 0.011111 0.022917
0 0.990741 0.760938 0.020370 0.020833
0 0.994444 0.683854 0.009259 0.014583
0 0.990741 0.770312 0.016667 0.008333
0 0.994444 0.225000 0.009259 0.018750
0 0.995370 0.491146 0.007407 0.021875
0 0.990741 0.735938 0.016667 0.014583
0 0.914815 0.269271 0.029630 0.018750
0 0.556481 0.486458 0.024074 0.013542
0 0.997222 0.531771 0.024074 0.018750
0 0.869444 0.705729 0.042593 0.023958
0 0.967593 0.702604 0.031481 0.016667
0 0.965741 0.446354 0.038889 0.020833
0 0.625926 0.684896 0.025926 0.017708
0 0.813889 0.781771 0.031481 0.019792
0 0.994444 0.380729 0.009259 0.022917
0 0.995370 0.599479 0.009259 0.025000
0 0.994444 0.259896 0.009259 0.015625
0 0.987037 0.668750 0.025926 0.020833
0 1.007407 0.510938 0.096296 0.047917
0 0.887963 0.286458 0.024074 0.012500
0 0.415741 0.674479 0.037037 0.019792
0 0.200926 0.370312 0.020370 0.012500
0 0.625000 0.510938 0.022222 0.013542
0 0.185185 0.405729 0.022222 0.013542
0 0.239815 0.393229 0.018519 0.009375
0 0.189815 0.375521 0.031481 0.019792
0 0.372222 0.654687 0.025926 0.017708
0 0.177778 0.283333 0.025926 0.014583
0 0.160185 0.464583 0.031481 0.015625
0 0.615741 0.271875 0.025926 0.016667
0 0.141667 0.284375 0.027778 0.015625
0 0.131481 0.452083 0.025926 0.011458
0 0.835185 0.793750 0.038889 0.027083
0 0.114815 0.297396 0.024074 0.014583
0 0.110185 0.463542 0.024074 0.011458
0 0.103704 0.286979 0.024074 0.013542
0 0.097222 0.472917 0.025926 0.014583
0 0.742593 0.637500 0.038889 0.019792
0 0.081481 0.283333 0.025926 0.014583
0 0.059259 0.472396 0.025926 0.015625
0 0.058333 0.254688 0.025926 0.013542
0 0.027778 0.479687 0.025926 0.013542
0 0.012037 0.487500 0.024074 0.014583
0 0.848148 0.691146 0.027778 0.015625
0 0.004630 0.550000 0.009259 0.014583
0 0.992593 0.669792 0.012963 0.020833
0 0.961111 0.729688 0.037037 0.018750
0 0.992593 0.552083 0.012963 0.025000
0 0.993519 0.411458 0.011111 0.022917
0 0.996296 0.438021 0.003704 0.014583
0 0.994444 0.668750 0.007407 0.019792
0 0.987963 0.790104 0.024074 0.022917
0 0.992593 0.752083 0.012963 0.025000
0 0.982407 0.679688 0.033333 0.016667
0 1.014815 0.440625 0.051852 0.039583
0 0.656481 0.690625 0.031481 0.017708
0 1.010185 0.321354 0.048148 0.030208
0 0.998148 0.791667 0.031481 0.018750
0 0.995370 0.535417 0.009259 0.020833
0 0.674074 0.684896 0.022222 0.013542
0 0.983333 0.685937 0.035185 0.015625
0 0.959259 0.659896 0.022222 0.015625
0 0.996296 0.656250 0.029630 0.013542
0 0.529630 0.457813 0.027778 0.015625
0 0.990741 0.520312 0.016667 0.027083
