0 0.009259 0.636458 0.018519 0.018750
0 0.508333 0.215625 0.038889 0.023958
0 0.437037 0.762500 0.027778 0.016667
0 0.821296 0.384896 0.031481 0.019792
0 0.621296 0.718750 0.037037 0.020833
0 0.380556 0.734375 0.029630 0.016667
0 0.787963 0.379688 0.042593 0.022917
0 0.521296 0.483854 0.044444 0.025000
0 0.820370 0.530729 0.035185 0.019792
0 0.173148 0.678646 0.042593 0.025000
0 0.288889 0.517188 0.040741 0.021875
0 0.651852 0.271354 0.031481 0.019792
0 0.480556 0.575000 0.046296 0.027083
0 0.003704 0.359896 0.007407 0.014583
0 0.720370 0.274479 0.020370 0.014583
0 0.658333 0.521354 0.035185 0.017708
0 0.611111 0.281771 0.022222 0.013542
0 0.059259 0.473438 0.025926 0.014583
0 0.391667 0.255208 0.031481 0.018750
0 0.587037 0.723437 0.035185 0.020833
0 0.673148 0.543229 0.044444 0.023958
0 0.408333 0.769792 0.027778 0.016667
0 0.489815 0.546354 0.040741 0.022917
0 0.846296 0.543750 0.029630 0.017708
0 0.223148 0.364063 0.025926 0.012500
0 0.110185 0.647917 0.038889 0.018750
0 0.662963 0.704688 0.027778 0.012500
0 0.224074 0.642708 0.031481 0.016667
0 0.816667 0.573958 0.029630 0.015625
0 0.710185 0.637500 0.024074 0.014583
0 0.803704 0.561979 0.027778 0.016667
0 0.451852 0.214583 0.024074 0.012500
0 0.251852 0.365104 0.024074 0.009375
0 0.312037 0.543750 0.020370 0.012500
0 0.407407 0.447396 0.033333 0.019792
0 0.081481 0.268229 0.027778 0.014583
0 0.697222 0.288542 0.024074 0.016667
0 0.436111 0.632292 0.031481 0.017708
0 0.631481 0.530729 0.031481 0.019792
0 0.605556 0.552083 0.027778 0.017708
0 0.012963 0.446875 0.024074 0.013542
0 0.800000 0.353646 0.029630 0.014583
0 0.785185 0.538542 0.037037 0.020833
0 0.633333 0.248438 0.037037 0.017708
0 0.366667 0.661458 0.033333 0.018750
0 0.268519 0.663542 0.033333 0.014583
0 0.640741 0.551562 0.027778 0.017708
0 0.085185 0.677604 0.031481 0.016667
0 0.643519 0.575521 0.025926 0.015625
0 0.711111 0.282292 0.031481 0.017708
0 0.763889 0.521875 0.037037 0.019792
0 0.217593 0.777083 0.044444 0.026042
0 0.271296 0.354687 0.037037 0.022917
0 0.106481 0.286979 0.033333 0.017708
0 0.832407 0.341146 0.027778 0.016667
0 0.783333 0.579688 0.035185 0.019792
0 0.625926 0.262500 0.042593 0.027083
0 0.265741 0.651563 0.037037 0.018750
0 0.825926 0.578125 0.033333 0.018750
0 0.846296 0.513542 0.037037 0.019792
0 0.305556 0.712500 0.031481 0.017708
0 0.663889 0.691667 0.040741 0.023958
0 0.076852 0.256771 0.027778 0.015625
0 0.149074 0.691146 0.031481 0.019792
0 0.294444 0.685417 0.031481 0.017708
0 0.236111 0.431250 0.038889 0.021875
0 0.693519 0.489063 0.024074 0.012500
0 0.061111 0.673438 0.027778 0.014583
0 0.307407 0.378125 0.040741 0.021875
0 0.688889 0.503646 0.037037 0.021875
0 0.387963 0.665625 0.035185 0.021875
0 0.349074 0.772396 0.031481 0.017708
0 0.847222 0.564583 0.031481 0.018750
0 0.532407 0.722917 0.042593 0.020833
0 0.762037 0.433333 0.042593 0.026042
