0 0.668519 0.668229 0.033333 0.020833
0 0.079630 0.665625 0.035185 0.020833
0 0.972222 0.442708 0.029630 0.019792
0 0.027778 0.674479 0.037037 0.020833
0 0.620370 0.290625 0.024074 0.012500
0 0.041667 0.699479 0.035185 0.018750
0 0.690741 0.672917 0.031481 0.019792
0 0.325926 0.557813 0.027778 0.014583
0 0.086111 0.651042 0.025926 0.015625
0 0.894444 0.538542 0.022222 0.013542
0 0.987037 0.553646 0.024074 0.025000
0 0.222222 0.450000 0.027778 0.015625
0 0.357407 0.265625 0.029630 0.017708
0 0.457407 0.701562 0.038889 0.022917
0 0.581481 0.695312 0.031481 0.017708
0 0.550926 0.439583 0.038889 0.021875
0 0.293519 0.680208 0.025926 0.015625
0 0.481481 0.788542 0.038889 0.020833
0 0.636111 0.363542 0.042593 0.021875
0 0.387963 0.286979 0.025926 0.013542
0 0.984259 0.335938 0.029630 0.017708
0 0.995370 0.595313 0.007407 0.021875
0 0.960185 0.270313 0.038889 0.026042
0 0.576852 0.661979 0.037037 0.019792
0 0.986111 0.591146 0.024074 0.019792
0 0.980556 0.506250 0.042593 0.020833
0 0.585185 0.721875 0.031481 0.017708
0 0.967593 0.701562 0.042593 0.025000
0 0.664815 0.387500 0.044444 0.022917
0 0.994444 0.509375 0.005556 0.020833
0 0.692593 0.674479 0.038889 0.021875
0 0.621296 0.782292 0.031481 0.018750
0 0.993519 0.586458 0.012963 0.020833
0 0.853704 0.733854 0.046296 0.021875
0 0.995370 0.431771 0.005556 0.016667
0 0.970370 0.257812 0.027778 0.015625
0 0.667593 0.668750 0.033333 0.020833
0 0.573148 0.672917 0.035185 0.015625
0 0.906481 0.557813 0.025926 0.019792
0 0.321296 0.685417 0.029630 0.016667
0 0.928704 0.582292 0.025926 0.015625
0 0.955556 0.288542 0.024074 0.015625
0 0.994444 0.522396 0.012963 0.019792
0 0.675926 0.779167 0.025926 0.014583
0 0.832407 0.557292 0.040741 0.021875
0 0.339815 0.679688 0.020370 0.012500
0 0.938889 0.712500 0.025926 0.014583
0 0.536111 0.654687 0.025926 0.016667
0 0.991667 0.582292 0.016667 0.019792
0 1.007407 0.648958 0.025926 0.014583
0 0.991667 0.554688 0.033333 0.019792
0 0.574074 0.544271 0.029630 0.015625
0 0.240741 0.307292 0.018519 0.009375
0 0.758333 0.642708 0.037037 0.016667
0 0.950000 0.292187 0.022222 0.014583
0 0.080556 0.697917 0.031481 0.017708
0 0.103704 0.672917 0.029630 0.018750
0 0.588889 0.558854 0.024074 0.013542
0 0.750926 0.669271 0.035185 0.018750
0 0.392593 0.691146 0.027778 0.015625
0 0.195370 0.327604 0.035185 0.017708
0 0.255556 0.257812 0.018519 0.019792
0 0.421296 0.656771 0.037037 0.021875
0 -0.075926 0.337500 0.000000 0.000000
0 0.991667 0.593750 0.012963 0.019792
0 0.202778 0.348438 0.033333 0.015625
0 0.937037 0.493229 0.022222 0.012500
0 0.455556 0.702083 0.037037 0.021875
0 0.222222 0.364583 0.029630 0.015625
0 0.233333 0.643750 0.031481 0.017708
0 0.800926 0.584896 0.051852 0.026042
0 0.963889 0.279687 0.031481 0.015625
0 0.590741 0.526042 0.040741 0.021875
0 0.488889 0.689063 0.044444 0.023958
0 0.991667 0.550521 0.012963 0.019792
0 0.884259 0.495833 0.046296 0.023958
0 0.988889 0.390625 0.020370 0.022917
0 0.657407 0.743750 0.033333 0.017708
0 0.930556 0.730208 0.035185 0.018750
0 1.000000 0.381250 0.031481 0.021875
0 0.704630 0.772917 0.025926 0.016667
0 0.844444 0.222396 0.040741 0.025000
0 0.984259 0.553125 0.029630 0.023958
0 0.897222 0.733854 0.035185 0.018750
0 0.611111 0.257292 0.031481 0.018750
0 0.261111 0.478646 0.025926 0.014583
0 0.916667 0.527604 0.037037 0.018750
0 0.971296 0.286458 0.018519 0.014583
