0 0.973148 0.577604 0.025926 0.016667
0 0.997222 0.284375 0.024074 0.014583
0 0.993519 0.521875 0.011111 0.018750
0 0.720370 0.775000 0.027778 0.015625
0 0.882407 0.552604 0.040741 0.022917
0 0.380556 0.677604 0.022222 0.012500
0 1.000000 0.644792 0.027778 0.015625
0 0.990741 0.585417 0.016667 0.019792
0 0.587963 0.650521 0.025926 0.016667
0 0.985185 0.706771 0.025926 0.015625
0 0.991667 0.554167 0.016667 0.025000
0 0.255556 0.449479 0.027778 0.016667
0 0.937963 0.534896 0.022222 0.012500
0 0.810185 0.639062 0.033333 0.015625
0 0.991667 0.288542 0.022222 0.014583
0 0.617593 0.541146 0.027778 0.015625
0 0.276852 0.306771 0.018519 0.009375
0 0.992593 0.550000 0.033333 0.019792
0 0.362037 0.683333 0.029630 0.016667
0 0.988889 0.338542 0.029630 0.016667
0 0.687963 0.361458 0.040741 0.025000
0 0.525000 0.784375 0.038889 0.022917
0 0.335185 0.678646 0.024074 0.016667
0 0.598148 0.436458 0.037037 0.021875
0 0.627778 0.691667 0.031481 0.018750
0 0.509259 0.697396 0.038889 0.021875
0 0.410185 0.264062 0.031481 0.018750
0 0.952778 0.522396 0.033333 0.017708
0 0.292593 0.477604 0.025926 0.014583
0 0.637963 0.255729 0.031481 0.019792
0 0.944444 0.727604 0.033333 0.019792
0 0.995370 0.548958 0.007407 0.020833
0 0.886111 0.219792 0.040741 0.025000
0 0.748148 0.767708 0.027778 0.017708
0 1.000926 0.380208 0.033333 0.022917
0 0.976852 0.723437 0.035185 0.018750
0 0.701852 0.739062 0.031481 0.017708
0 0.715741 0.384375 0.042593 0.023958
0 0.997222 0.695833 0.011111 0.020833
0 0.630556 0.717708 0.033333 0.018750
0 1.004630 0.502083 0.050000 0.025000
0 0.987037 0.588542 0.025926 0.020833
0 0.626852 0.657813 0.037037 0.019792
0 0.992593 0.266146 0.014815 0.025000
0 0.995370 0.603125 0.007407 0.021875
0 0.311111 0.257292 0.018519 0.019792
0 0.230556 0.327604 0.033333 0.017708
0 0.430556 0.688542 0.029630 0.014583
0 0.802778 0.664062 0.037037 0.019792
0 0.621296 0.553646 0.022222 0.012500
0 0.148148 0.672396 0.031481 0.018750
0 0.126852 0.697396 0.031481 0.017708
0 0.713889 0.664583 0.033333 0.021875
0 1.007407 0.440104 0.029630 0.018750
0 0.130556 0.665104 0.038889 0.020833
0 0.134259 0.650000 0.025926 0.013542
0 0.362963 0.556771 0.025926 0.015625
0 0.742593 0.669792 0.042593 0.023958
0 0.087963 0.698438 0.033333 0.018750
0 0.642593 0.289583 0.024074 0.011458
0 0.077778 0.673438 0.037037 0.019792
0 0.741667 0.669792 0.038889 0.022917
0 0.666667 0.777604 0.031481 0.018750
0 0.993519 0.591667 0.012963 0.020833
0 0.902778 0.727604 0.044444 0.020833
0 0.995370 0.421875 0.005556 0.016667
0 1.003704 0.255729 0.027778 0.014583
0 0.713889 0.664583 0.031481 0.020833
0 0.623148 0.669271 0.035185 0.014583
0 0.957407 0.553125 0.025926 0.019792
0 0.474074 0.653646 0.040741 0.022917
0 -0.075926 0.337500 0.000000 0.000000
0 0.992593 0.592187 0.014815 0.019792
0 0.238889 0.347917 0.031481 0.016667
0 0.972222 0.489063 0.022222 0.012500
0 0.508333 0.697917 0.035185 0.019792
0 0.257407 0.364063 0.027778 0.016667
0 0.273148 0.642188 0.031481 0.017708
0 0.848148 0.580208 0.048148 0.026042
0 1.005556 0.276042 0.031481 0.015625
0 0.636111 0.522917 0.040741 0.022917
0 0.537963 0.685417 0.040741 0.021875
0 0.992593 0.553125 0.011111 0.017708
0 0.936111 0.490625 0.048148 0.025000
0 0.988889 0.396875 0.020370 0.022917
0 0.429630 0.291667 0.025926 0.013542
0 0.995370 0.496875 0.005556 0.020833
