0 0.392593 0.307292 0.022222 0.012500
0 0.805556 0.693229 0.035185 0.020833
0 0.513889 0.387500 0.014815 0.009375
0 0.907407 0.523438 0.022222 0.012500
0 0.477778 0.427604 0.011111 0.007292
0 0.494444 0.411979 0.020370 0.012500
0 0.511111 0.395833 0.029630 0.017708
0 0.731481 0.670833 0.035185 0.021875
0 0.454630 0.304688 0.024074 0.015625
0 0.470370 0.484896 0.027778 0.015625
0 0.916667 0.282813 0.025926 0.016667
0 0.421296 0.306250 0.025926 0.014583
0 0.407407 0.471354 0.024074 0.012500
0 0.993519 0.771875 0.012963 0.030208
0 0.367593 0.320833 0.022222 0.013542
0 0.383333 0.482812 0.025926 0.012500
0 0.360185 0.310937 0.022222 0.013542
0 0.380556 0.493750 0.024074 0.014583
0 0.996296 0.663542 0.005556 0.017708
0 0.338889 0.306771 0.022222 0.015625
0 0.340741 0.493229 0.024074 0.015625
0 0.339815 0.280208 0.024074 0.016667
0 0.311111 0.502083 0.020370 0.012500
0 0.296296 0.507292 0.027778 0.017708
0 0.993519 0.680208 0.011111 0.015625
0 0.265741 0.572917 0.031481 0.015625
0 0.335185 0.479167 0.022222 0.012500
0 0.923148 0.527083 0.022222 0.010417
0 0.297222 0.505729 0.029630 0.016667
0 0.995370 0.542188 0.025926 0.012500
0 0.995370 0.667708 0.007407 0.022917
0 0.380556 0.299479 0.025926 0.015625
0 0.266667 0.572396 0.029630 0.014583
0 0.996296 0.402083 0.003704 0.014583
0 0.267593 0.564063 0.024074 0.010417
0 0.279630 0.508333 0.022222 0.013542
0 0.419444 0.486458 0.020370 0.012500
0 0.209259 0.560937 0.020370 0.012500
0 0.465741 0.390625 0.022222 0.012500
0 0.172222 0.296875 0.035185 0.017708
0 0.195370 0.702604 0.029630 0.017708
0 0.158333 0.311458 0.038889 0.019792
0 0.124074 0.316667 0.033333 0.018750
0 0.827778 0.694792 0.025926 0.016667
0 0.941667 0.536458 0.020370 0.013542
0 0.101852 0.547396 0.031481 0.017708
0 0.113889 0.703646 0.022222 0.012500
0 0.053704 0.348438 0.033333 0.016667
0 0.927778 0.311979 0.031481 0.016667
0 0.413889 0.307812 0.020370 0.012500
0 0.856481 0.350521 0.029630 0.017708
0 0.990741 0.722396 0.012963 0.018750
0 0.809259 0.718229 0.029630 0.017708
0 0.997222 0.738021 0.016667 0.026042
0 0.858333 0.685417 0.035185 0.018750
0 0.987037 0.571875 0.020370 0.011458
0 0.991667 0.677083 0.014815 0.030208
0 0.772222 0.718750 0.031481 0.018750
0 0.995370 0.319792 0.020370 0.010417
0 0.991667 0.761979 0.014815 0.008333
0 0.989815 0.238542 0.018519 0.010417
0 0.992593 0.272917 0.011111 0.016667
0 0.852778 0.499479 0.025926 0.014583
0 0.990741 0.728646 0.016667 0.023958
0 0.991667 0.705729 0.016667 0.020833
0 0.900926 0.663542 0.033333 0.016667
0 0.994444 0.529687 0.009259 0.023958
0 0.973148 0.700521 0.031481 0.017708
0 0.992593 0.782292 0.012963 0.016667
0 0.994444 0.338021 0.009259 0.021875
0 0.994444 0.623958 0.009259 0.018750
0 0.995370 0.705208 0.007407 0.014583
0 0.995370 0.464062 0.020370 0.014583
0 0.992593 0.625000 0.012963 0.022917
0 0.993519 0.787500 0.012963 0.019792
0 0.994444 0.628125 0.009259 0.020833
0 0.994444 0.640104 0.007407 0.014583
0 0.996296 0.705208 0.011111 0.017708
0 0.991667 0.542708 0.016667 0.031250
0 0.832407 0.470833 0.027778 0.016667
0 0.994444 0.551562 0.009259 0.025000
0 0.990741 0.767708 0.016667 0.028125
0 0.990741 0.769271 0.018519 0.017708
0 0.875000 0.386979 0.031481 0.016667
0 0.993519 0.723958 0.009259 0.020833
0 0.850000 0.370312 0.029630 0.014583
0 0.989815 0.683854 0.016667 0.023958
0 0.885185 0.292187 0.025926 0.014583
