0 0.553704 0.312500 0.022222 0.014583
0 0.942593 0.467187 0.024074 0.010417
0 0.053704 0.507292 0.033333 0.015625
0 0.051852 0.468750 0.025926 0.009375
0 0.914815 0.651042 0.027778 0.013542
0 0.274074 0.314583 0.020370 0.014583
0 0.376852 0.576042 0.020370 0.012500
0 0.526852 0.193229 0.011111 0.007292
0 0.541667 0.313542 0.020370 0.013542
0 0.995370 0.713542 0.007407 0.022917
0 0.990741 0.325521 0.016667 0.015625
0 0.209259 0.351562 0.024074 0.015625
0 0.225926 0.703646 0.027778 0.012500
0 0.247222 0.547917 0.029630 0.016667
0 0.995370 0.549479 0.005556 0.011458
0 0.988889 0.705729 0.027778 0.017708
0 0.287037 0.319792 0.029630 0.017708
0 0.323148 0.315104 0.037037 0.019792
0 0.354630 0.704688 0.029630 0.016667
0 0.334259 0.301563 0.029630 0.016667
0 0.587037 0.397917 0.022222 0.012500
0 0.351852 0.568229 0.024074 0.013542
0 0.537963 0.492188 0.018519 0.011458
0 0.410185 0.512500 0.020370 0.013542
0 0.396296 0.567187 0.025926 0.011458
0 0.996296 0.424479 0.005556 0.014583
0 0.509259 0.313021 0.022222 0.012500
0 0.394444 0.575521 0.025926 0.014583
0 0.500926 0.304688 0.024074 0.014583
0 0.994444 0.595833 0.024074 0.012500
0 0.428704 0.509896 0.029630 0.017708
0 0.993519 0.533333 0.009259 0.011458
0 0.459259 0.483333 0.020370 0.013542
0 0.393519 0.576042 0.024074 0.014583
0 0.993519 0.691146 0.011111 0.015625
0 0.429630 0.509896 0.027778 0.015625
0 0.440741 0.504687 0.020370 0.012500
0 0.474074 0.285938 0.024074 0.014583
0 0.462963 0.497917 0.024074 0.014583
0 0.457407 0.311979 0.024074 0.014583
0 0.995370 0.695833 0.005556 0.018750
0 0.501852 0.498437 0.024074 0.014583
0 0.476852 0.316146 0.020370 0.013542
0 0.499074 0.488021 0.022222 0.010417
0 0.481481 0.326562 0.020370 0.013542
0 0.992593 0.757292 0.014815 0.036458
0 0.528704 0.476562 0.022222 0.012500
0 0.541667 0.313542 0.020370 0.013542
0 0.997222 0.282292 0.005556 0.015625
0 0.606481 0.491146 0.025926 0.015625
0 0.584259 0.311979 0.022222 0.015625
0 0.876852 0.681771 0.033333 0.020833
0 0.658333 0.403125 0.027778 0.017708
0 0.612963 0.418229 0.020370 0.010417
0 1.003704 0.522396 0.007407 0.006250
0 0.965741 0.705208 0.038889 0.019792
0 0.922222 0.730208 0.033333 0.018750
0 0.995370 0.546354 0.020370 0.011458
0 1.014815 0.682813 0.022222 0.013542
0 0.957407 0.729688 0.029630 0.018750
0 0.992593 0.710938 0.014815 0.019792
0 0.995370 0.364583 0.009259 0.014583
0 0.992593 0.309896 0.012963 0.015625
0 0.993519 0.696875 0.012963 0.017708
0 0.990741 0.383333 0.018519 0.014583
0 0.994444 0.739583 0.011111 0.019792
0 0.995370 0.401562 0.009259 0.015625
0 0.993519 0.675000 0.012963 0.015625
0 0.994444 0.592187 0.011111 0.025000
0 0.988889 0.807292 0.018519 0.031250
0 0.990741 0.253125 0.018519 0.010417
0 0.992593 0.275000 0.011111 0.016667
0 0.980556 0.511458 0.025926 0.013542
0 0.990741 0.747917 0.016667 0.022917
0 0.995370 0.712500 0.005556 0.014583
0 0.994444 0.555208 0.009259 0.021875
0 0.994444 0.713542 0.009259 0.014583
0 0.993519 0.775521 0.012963 0.016667
0 0.995370 0.706771 0.005556 0.011458
0 0.999074 0.436458 0.000000 0.000000
0 0.991667 0.608333 0.014815 0.027083
0 0.994444 0.608333 0.009259 0.020833
0 0.992593 0.710938 0.012963 0.018750
0 0.964815 0.483333 0.025926 0.015625
