0 0.702778 0.466667 0.027778 0.016667
0 0.896296 0.708854 0.029630 0.014583
0 0.723148 0.346875 0.029630 0.017708
0 0.764815 0.289062 0.027778 0.015625
0 0.991667 0.676562 0.014815 0.020833
0 0.717593 0.366667 0.025926 0.015625
0 0.993519 0.726562 0.011111 0.020833
0 0.741667 0.382812 0.031481 0.015625
0 0.746296 0.658333 0.031481 0.017708
0 0.994444 0.657813 0.009259 0.023958
0 0.993519 0.549479 0.011111 0.018750
0 0.990741 0.731250 0.014815 0.026042
0 0.990741 0.754687 0.018519 0.018750
0 0.993519 0.766667 0.014815 0.008333
0 0.989815 0.232292 0.018519 0.011458
0 0.992593 0.267188 0.012963 0.018750
0 0.164815 0.490625 0.029630 0.016667
0 0.801852 0.523438 0.020370 0.012500
0 0.212963 0.465104 0.022222 0.011458
0 0.143519 0.557813 0.020370 0.012500
0 0.993519 0.698438 0.011111 0.015625
0 0.174074 0.494271 0.024074 0.013542
0 0.188889 0.486458 0.020370 0.013542
0 0.226852 0.263542 0.025926 0.015625
0 0.219444 0.479167 0.024074 0.014583
0 0.232407 0.291146 0.024074 0.014583
0 0.937963 0.648438 0.038889 0.019792
0 0.259259 0.480208 0.025926 0.013542
0 0.254630 0.295312 0.022222 0.012500
0 0.275926 0.471875 0.024074 0.011458
0 0.262037 0.305729 0.022222 0.013542
0 0.993519 0.798438 0.009259 0.023958
0 0.287963 0.458333 0.025926 0.013542
0 0.309259 0.292187 0.027778 0.014583
0 0.794444 0.279167 0.029630 0.014583
0 0.337037 0.472917 0.025926 0.015625
0 0.341667 0.291667 0.024074 0.014583
0 0.570370 0.663542 0.033333 0.019792
0 0.376852 0.383854 0.031481 0.018750
0 0.387963 0.400521 0.020370 0.010417
0 0.352778 0.415104 0.012963 0.008333
0 0.784259 0.519271 0.022222 0.012500
0 0.382407 0.376563 0.016667 0.010417
0 0.626852 0.686458 0.035185 0.020833
0 0.995370 0.310937 0.022222 0.011458
0 0.604630 0.711458 0.029630 0.018750
0 0.991667 0.693750 0.014815 0.029167
0 0.827778 0.573958 0.024074 0.013542
0 0.679630 0.679167 0.033333 0.017708
0 0.996296 0.695833 0.014815 0.025000
0 0.639815 0.710938 0.027778 0.017708
0 0.676852 0.686979 0.022222 0.011458
0 0.724074 0.494271 0.024074 0.013542
0 0.989815 0.728646 0.016667 0.022917
0 0.992593 0.709375 0.014815 0.019792
0 0.994444 0.477083 0.009259 0.022917
0 0.812963 0.695833 0.027778 0.019792
0 0.992593 0.791146 0.012963 0.017708
0 0.994444 0.367188 0.009259 0.022917
0 0.994444 0.257812 0.007407 0.014583
0 0.993519 0.652083 0.009259 0.019792
0 0.994444 0.717187 0.009259 0.016667
0 0.993519 0.421354 0.012963 0.022917
0 0.995370 0.607812 0.009259 0.020833
0 0.993519 0.782292 0.012963 0.019792
0 0.994444 0.670833 0.009259 0.019792
0 0.995370 0.644792 0.007407 0.012500
0 0.846296 0.702083 0.033333 0.018750
0 0.992593 0.523958 0.014815 0.028125
0 0.999074 0.676042 0.033333 0.014583
0 0.994444 0.638542 0.031481 0.014583
0 0.133333 0.548958 0.024074 0.010417
0 0.947222 0.388542 0.029630 0.016667
0 0.286111 0.293229 0.020370 0.012500
0 0.019444 0.291146 0.037037 0.021875
0 0.137037 0.557292 0.031481 0.014583
0 0.273148 0.282813 0.024074 0.013542
0 0.995370 0.633854 0.007407 0.022917
0 0.989815 0.543750 0.024074 0.011458
0 0.020370 0.686458 0.033333 0.017708
0 0.037963 0.277604 0.035185 0.018750
0 0.354630 0.378125 0.022222 0.012500
0 0.070370 0.544271 0.022222 0.011458
0 0.304630 0.473958 0.020370 0.012500
0 0.150000 0.493229 0.022222 0.014583
