0 0.378704 0.316146 0.029630 0.018750
0 0.421296 0.310417 0.031481 0.019792
0 0.990741 0.456250 0.018519 0.012500
0 0.143519 0.510938 0.031481 0.017708
0 0.623148 0.307812 0.024074 0.014583
0 0.150000 0.487500 0.031481 0.015625
0 0.987037 0.642188 0.022222 0.016667
0 0.363889 0.310937 0.025926 0.018750
0 0.429630 0.578125 0.024074 0.014583
0 0.587963 0.186979 0.011111 0.007292
0 0.606481 0.309375 0.022222 0.014583
0 0.992593 0.320312 0.012963 0.011458
0 0.362037 0.353125 0.027778 0.015625
0 0.302778 0.713021 0.029630 0.016667
0 0.348148 0.552083 0.029630 0.017708
0 0.995370 0.560937 0.005556 0.012500
0 1.001852 0.680729 0.018519 0.016667
0 0.020370 0.739062 0.040741 0.020833
0 0.094444 0.600521 0.022222 0.010417
0 0.398148 0.313021 0.025926 0.017708
0 0.066667 0.702083 0.040741 0.021875
0 0.698148 0.488542 0.025926 0.015625
0 0.996296 0.471354 0.005556 0.011458
0 0.992593 0.709375 0.014815 0.017708
0 0.991667 0.586458 0.016667 0.029167
0 0.999074 0.435937 0.000000 0.000000
0 0.994444 0.713021 0.009259 0.014583
0 0.996296 0.715625 0.005556 0.014583
0 0.996296 0.484896 0.007407 0.020833
0 0.993519 0.587500 0.011111 0.028125
0 0.992593 0.679688 0.012963 0.016667
0 0.995370 0.393229 0.007407 0.013542
0 0.936111 0.380729 0.007407 0.012500
0 0.993519 0.669792 0.009259 0.013542
0 0.992593 0.330729 0.011111 0.013542
0 0.994444 0.351562 0.009259 0.014583
0 0.992593 0.692708 0.011111 0.019792
0 0.996296 0.739583 0.007407 0.017708
0 0.988889 0.660937 0.020370 0.012500
0 0.996296 0.510417 0.020370 0.011458
0 0.997222 0.707292 0.005556 0.017708
0 0.990741 0.686979 0.014815 0.016667
0 0.997222 0.502604 0.003704 0.017708
0 0.700000 0.425521 0.020370 0.010417
0 0.755556 0.398438 0.031481 0.018750
0 0.989815 0.676562 0.020370 0.020833
0 0.650926 0.307292 0.024074 0.015625
0 0.996296 0.267708 0.003704 0.016667
0 0.606481 0.308333 0.022222 0.013542
0 0.598148 0.475000 0.022222 0.012500
0 0.532407 0.322917 0.022222 0.013542
0 0.572222 0.486979 0.025926 0.012500
0 0.530556 0.313021 0.020370 0.013542
0 0.574074 0.497396 0.024074 0.014583
0 0.995370 0.685417 0.005556 0.018750
0 0.509259 0.308854 0.025926 0.014583
0 0.533333 0.497917 0.024074 0.013542
0 0.540741 0.281250 0.025926 0.015625
0 0.521296 0.505208 0.016667 0.011458
0 0.512037 0.509375 0.027778 0.015625
0 0.475000 0.577083 0.025926 0.014583
0 0.533333 0.482812 0.020370 0.012500
0 0.994444 0.532813 0.009259 0.011458
0 0.512037 0.509375 0.025926 0.016667
0 0.555556 0.301563 0.024074 0.014583
0 0.475000 0.577083 0.027778 0.014583
0 0.563889 0.308854 0.024074 0.013542
0 0.996296 0.450000 0.005556 0.016667
0 0.490741 0.514062 0.024074 0.013542
0 0.591667 0.490625 0.022222 0.013542
0 0.417593 0.568229 0.029630 0.014583
0 0.649074 0.394792 0.022222 0.013542
0 0.425926 0.295833 0.025926 0.015625
0 0.483333 0.709896 0.029630 0.017708
