0 0.675000 0.567187 0.016667 0.007292
0 0.603704 0.703646 0.020370 0.011458
0 0.700926 0.543229 0.024074 0.015625
0 0.707407 0.312500 0.031481 0.012500
0 0.746296 0.309896 0.031481 0.020833
0 0.831481 0.700000 0.029630 0.014583
0 0.746296 0.295833 0.022222 0.012500
0 0.927778 0.391667 0.016667 0.009375
0 0.847222 0.488542 0.024074 0.014583
0 0.758333 0.508854 0.031481 0.014583
0 0.802778 0.308854 0.024074 0.013542
0 0.748148 0.572917 0.024074 0.013542
0 0.798148 0.302083 0.027778 0.013542
0 0.792593 0.506250 0.027778 0.015625
0 0.800000 0.480729 0.018519 0.010417
0 0.748148 0.572396 0.025926 0.013542
0 0.790741 0.505729 0.027778 0.015625
0 0.809259 0.282292 0.024074 0.014583
0 0.796296 0.494271 0.020370 0.012500
0 0.757407 0.308333 0.020370 0.012500
0 0.996296 0.664062 0.007407 0.019792
0 0.833333 0.495312 0.024074 0.014583
0 0.770370 0.313021 0.018519 0.013542
0 0.823148 0.483333 0.022222 0.013542
0 0.766667 0.322917 0.024074 0.014583
0 0.856481 0.473438 0.020370 0.011458
0 0.863889 0.309896 0.024074 0.014583
0 0.985185 0.485938 0.029630 0.015625
0 0.912037 0.307812 0.025926 0.015625
0 0.988889 0.663542 0.022222 0.027083
0 0.996296 0.392188 0.007407 0.017708
0 0.997222 0.670312 0.003704 0.015625
0 0.994444 0.642188 0.009259 0.014583
0 0.995370 0.663542 0.005556 0.011458
0 0.992593 0.681250 0.011111 0.014583
0 0.997222 0.475000 0.003704 0.008333
0 0.408333 0.484375 0.022222 0.012500
0 0.025000 0.536458 0.027778 0.015625
0 0.355556 0.515625 0.020370 0.012500
0 0.287963 0.717708 0.025926 0.015625
0 0.698148 0.344271 0.025926 0.015625
0 0.312037 0.290104 0.031481 0.016667
0 0.308333 0.726562 0.033333 0.019792
0 0.466667 0.589063 0.018519 0.010417
0 0.720370 0.311458 0.022222 0.014583
0 0.388889 0.688542 0.027778 0.013542
0 0.996296 0.457813 0.014815 0.010417
0 0.468519 0.504167 0.029630 0.017708
0 0.887037 0.308333 0.024074 0.014583
0 0.464815 0.480729 0.027778 0.014583
0 0.996296 0.629167 0.024074 0.017708
0 0.699074 0.309896 0.033333 0.021875
0 0.671296 0.572396 0.018519 0.013542
0 0.850926 0.190104 0.011111 0.007292
0 0.863889 0.309375 0.024074 0.013542
0 0.323148 0.707292 0.035185 0.021875
0 0.088889 0.536458 0.033333 0.018750
0 0.156481 0.703125 0.027778 0.017708
0 0.166667 0.320312 0.031481 0.015625
0 0.143519 0.321354 0.027778 0.017708
0 0.327778 0.235417 0.031481 0.015625
0 0.318519 0.276562 0.027778 0.015625
0 0.136111 0.446354 0.027778 0.016667
0 0.107407 0.516146 0.016667 0.009375
0 0.135185 0.707292 0.029630 0.017708
0 0.176852 0.156771 0.025926 0.014583
0 0.525926 0.372396 0.025926 0.018750
0 0.154630 0.607292 0.031481 0.017708
0 0.175000 0.713542 0.035185 0.020833
0 0.192593 0.161458 0.022222 0.013542
0 0.128704 0.523958 0.024074 0.013542
0 0.141667 0.488021 0.033333 0.016667
0 0.217593 0.425000 0.048148 0.028125
0 0.186111 0.683854 0.035185 0.022917
0 0.150000 0.521354 0.024074 0.014583
0 0.340741 0.632292 0.029630 0.015625
0 0.230556 0.453646 0.048148 0.026042
0 0.255556 0.437500 0.046296 0.028125
0 0.244444 0.583854 0.014815 0.018750
0 0.301852 0.692187 0.033333 0.018750
0 0.293519 0.455729 0.046296 0.026042
0 0.301852 0.671354 0.033333 0.020833
0 0.111111 0.447396 0.035185 0.016667
0 0.256481 0.553125 0.029630 0.013542
0 0.106481 0.432812 0.037037 0.019792
0 0.186111 0.144271 0.024074 0.014583
0 0.087037 0.266667 0.031481 0.017708
0 0.854630 0.428646 0.024074 0.014583
0 0.089815 0.218229 0.037037 0.020833
0 0.812963 0.710938 0.029630 0.014583
0 0.053704 0.535937 0.035185 0.019792
0 0.055556 0.248438 0.029630 0.021875
0 0.060185 0.245312 0.020370 0.017708
0 0.344444 0.285417 0.035185 0.020833
