0 0.025926 0.460938 0.029630 0.015625
0 0.045370 0.277604 0.025926 0.014583
0 0.232407 0.650000 0.027778 0.015625
0 0.047222 0.371354 0.033333 0.018750
0 0.008333 0.447396 0.016667 0.012500
0 0.012037 0.278646 0.024074 0.015625
0 0.475926 0.268229 0.027778 0.013542
0 0.118519 0.388021 0.020370 0.009375
0 0.064815 0.401562 0.025926 0.014583
0 0.503704 0.504687 0.024074 0.012500
0 0.075000 0.365625 0.024074 0.012500
0 0.265741 0.669271 0.035185 0.020833
0 0.759259 0.300000 0.022222 0.012500
0 0.262963 0.694271 0.033333 0.018750
0 0.928704 0.666667 0.038889 0.023958
0 0.510185 0.557813 0.024074 0.014583
0 0.317593 0.646354 0.022222 0.012500
0 0.316667 0.660937 0.035185 0.018750
0 1.008333 0.472917 0.029630 0.018750
0 0.892593 0.662500 0.033333 0.020833
0 0.299074 0.692708 0.029630 0.017708
0 0.319444 0.670312 0.025926 0.014583
0 0.790741 0.554688 0.018519 0.011458
0 0.956481 0.665104 0.025926 0.013542
0 0.576852 0.686979 0.025926 0.013542
0 0.390741 0.334375 0.031481 0.017708
0 0.460185 0.276562 0.024074 0.014583
0 0.666667 0.650521 0.042593 0.021875
0 0.992593 0.599479 0.014815 0.020833
0 0.394444 0.353646 0.025926 0.014583
0 0.989815 0.492188 0.022222 0.012500
0 0.698148 0.694271 0.037037 0.021875
0 0.414815 0.369271 0.025926 0.015625
0 0.426852 0.640625 0.029630 0.016667
0 0.995370 0.585417 0.009259 0.023958
0 0.819444 0.524479 0.040741 0.021875
0 0.733333 0.681250 0.051852 0.023958
0 0.992593 0.540625 0.011111 0.016667
0 0.992593 0.498958 0.011111 0.021875
0 0.987037 0.416146 0.020370 0.023958
0 0.867593 0.736458 0.031481 0.016667
0 0.994444 0.714063 0.011111 0.015625
0 0.909259 0.765104 0.025926 0.015625
0 0.993519 0.225521 0.009259 0.019792
0 0.995370 0.507812 0.007407 0.021875
0 0.991667 0.719271 0.016667 0.015625
0 0.786111 0.264062 0.031481 0.020833
0 0.429630 0.480208 0.024074 0.013542
0 0.998148 0.528646 0.024074 0.018750
0 0.630556 0.274479 0.035185 0.020833
0 0.698148 0.693750 0.037037 0.021875
0 0.801852 0.689583 0.029630 0.017708
0 0.787963 0.440104 0.037037 0.020833
0 0.487963 0.675521 0.025926 0.016667
0 0.664815 0.768229 0.027778 0.018750
0 0.900000 0.367188 0.042593 0.021875
0 0.994444 0.603125 0.007407 0.022917
0 0.993519 0.271875 0.011111 0.018750
0 0.815741 0.655729 0.037037 0.019792
0 0.986111 0.609375 0.025926 0.021875
0 1.007407 0.497396 0.079630 0.039583
0 0.800926 0.715104 0.033333 0.019792
0 0.993519 0.637500 0.012963 0.023958
0 0.925926 0.389583 0.042593 0.021875
0 0.996296 0.448958 0.005556 0.016667
0 0.927778 0.666667 0.040741 0.021875
0 0.832407 0.773438 0.031481 0.018750
0 0.992593 0.600000 0.012963 0.021875
0 0.992593 0.729688 0.011111 0.022917
0 0.996296 0.400521 0.005556 0.013542
0 0.891667 0.661979 0.038889 0.021875
0 0.808333 0.666667 0.031481 0.016667
0 1.008333 0.506771 0.035185 0.026042
0 0.517593 0.681250 0.029630 0.016667
0 1.010185 0.565104 0.038889 0.023958
0 1.006481 0.298438 0.031481 0.019792
0 0.994444 0.511458 0.011111 0.017708
0 0.882407 0.772396 0.020370 0.012500
0 0.994444 0.536979 0.009259 0.021875
0 0.535185 0.675000 0.020370 0.012500
0 0.998148 0.700521 0.031481 0.014583
0 0.781481 0.647396 0.024074 0.015625
0 0.992593 0.579688 0.014815 0.016667
0 0.992593 0.539583 0.031481 0.017708
0 1.002778 0.302604 0.024074 0.015625
0 1.002778 0.636979 0.029630 0.013542
0 0.399074 0.452083 0.027778 0.016667
0 0.990741 0.536458 0.016667 0.026042
