0 0.140741 0.282292 0.031481 0.017708
0 0.005556 0.418229 0.011111 0.028125
0 0.003704 0.683854 0.007407 0.020833
0 0.015741 0.516667 0.024074 0.013542
0 0.014815 0.451042 0.029630 0.026042
0 0.025000 0.433333 0.050000 0.029167
0 0.065741 0.579688 0.012963 0.017708
0 0.081481 0.692708 0.031481 0.017708
0 0.068519 0.451562 0.048148 0.026042
0 0.085185 0.671875 0.037037 0.020833
0 0.069444 0.550000 0.027778 0.012500
0 0.108333 0.708333 0.035185 0.021875
0 0.129630 0.632292 0.033333 0.017708
0 0.105556 0.719792 0.025926 0.013542
0 0.453704 0.338021 0.024074 0.015625
0 0.146296 0.727083 0.035185 0.019792
0 0.250000 0.588542 0.020370 0.010417
0 0.539815 0.304167 0.025926 0.018750
0 0.191667 0.689063 0.033333 0.017708
0 0.991667 0.459375 0.016667 0.011458
0 0.283333 0.500521 0.031481 0.017708
0 0.751852 0.300521 0.024074 0.015625
0 0.286111 0.476562 0.029630 0.015625
0 0.996296 0.641667 0.024074 0.017708
0 0.502778 0.301563 0.027778 0.017708
0 0.537963 0.571875 0.022222 0.013542
0 0.716667 0.178646 0.011111 0.007292
0 0.732407 0.301563 0.024074 0.015625
0 0.994444 0.315625 0.011111 0.009375
0 0.550000 0.344792 0.031481 0.016667
0 0.425000 0.704688 0.025926 0.016667
0 0.493519 0.543229 0.027778 0.017708
0 0.996296 0.565625 0.007407 0.013542
0 1.000926 0.656250 0.018519 0.015625
0 0.520370 0.306250 0.029630 0.018750
0 0.564815 0.301563 0.033333 0.019792
0 0.630556 0.703646 0.027778 0.017708
0 0.566667 0.286458 0.025926 0.014583
0 0.771296 0.388021 0.018519 0.011458
0 0.518519 0.564583 0.024074 0.012500
0 0.710185 0.484375 0.024074 0.013542
0 0.609259 0.506250 0.025926 0.014583
0 0.681481 0.302083 0.024074 0.013542
0 0.596296 0.571354 0.025926 0.014583
0 0.675000 0.294271 0.025926 0.013542
0 0.637037 0.502604 0.027778 0.016667
0 0.994444 0.523438 0.009259 0.011458
0 0.655556 0.477083 0.022222 0.012500
0 0.597222 0.570833 0.025926 0.014583
0 0.637963 0.503125 0.025926 0.016667
0 0.668519 0.273438 0.025926 0.015625
0 0.653704 0.491667 0.024074 0.014583
0 0.628704 0.301563 0.024074 0.015625
0 0.996296 0.676042 0.007407 0.018750
0 0.693519 0.492188 0.024074 0.014583
0 0.648148 0.306250 0.020370 0.013542
0 0.683333 0.480729 0.022222 0.012500
0 0.648148 0.316667 0.022222 0.013542
0 0.719444 0.469271 0.022222 0.012500
0 0.731481 0.302083 0.024074 0.015625
0 0.997222 0.267708 0.005556 0.016667
0 0.830556 0.483854 0.027778 0.015625
0 0.777778 0.300000 0.024074 0.015625
0 0.989815 0.676562 0.020370 0.022917
0 0.995370 0.345833 0.009259 0.014583
0 0.992593 0.346875 0.011111 0.013542
0 0.994444 0.659375 0.009259 0.012500
0 1.003704 0.383333 0.011111 0.016667
0 0.996296 0.389062 0.007407 0.012500
0 0.994444 0.676042 0.009259 0.015625
0 0.996296 0.461458 0.007407 0.020833
0 0.996296 0.693750 0.005556 0.013542
0 0.994444 0.702604 0.007407 0.013542
0 0.996296 0.481771 0.003704 0.010417
0 0.992593 0.701042 0.012963 0.016667
0 0.895370 0.392708 0.033333 0.019792
0 0.836111 0.420312 0.020370 0.011458
0 0.997222 0.504687 0.003704 0.017708
0 0.991667 0.671875 0.014815 0.016667
0 0.997222 0.689583 0.003704 0.016667
0 0.989815 0.666667 0.018519 0.011458
0 0.995370 0.734375 0.005556 0.016667
0 0.993519 0.672917 0.011111 0.017708
