0 0.656481 0.498958 0.027778 0.016667
0 0.995370 0.567187 0.005556 0.013542
0 1.000926 0.651563 0.016667 0.015625
0 0.543519 0.301563 0.031481 0.017708
0 0.587037 0.297396 0.031481 0.019792
0 0.654630 0.699479 0.029630 0.017708
0 0.588889 0.282292 0.025926 0.014583
0 0.789815 0.383854 0.018519 0.011458
0 0.534259 0.560937 0.022222 0.012500
0 0.728704 0.480729 0.024074 0.013542
0 0.627778 0.502604 0.027778 0.014583
0 0.697222 0.298958 0.024074 0.013542
0 0.615741 0.567187 0.024074 0.014583
0 0.690741 0.290625 0.025926 0.014583
0 0.995370 0.730729 0.005556 0.016667
0 0.992593 0.666667 0.009259 0.017708
0 0.994444 0.344271 0.007407 0.014583
0 0.994444 0.344792 0.011111 0.013542
0 0.995370 0.657813 0.009259 0.011458
0 1.004630 0.391146 0.012963 0.018750
0 0.996296 0.387500 0.007407 0.012500
0 0.994444 0.672396 0.009259 0.014583
0 0.996296 0.458333 0.007407 0.020833
0 0.992593 0.698958 0.012963 0.016667
0 0.997222 0.479167 0.003704 0.009375
0 0.994444 0.523438 0.009259 0.011458
0 0.675000 0.473958 0.022222 0.011458
0 0.615741 0.566667 0.025926 0.014583
0 0.657407 0.499479 0.027778 0.016667
0 0.686111 0.269271 0.025926 0.014583
0 0.671296 0.487500 0.020370 0.013542
0 0.643519 0.297396 0.022222 0.015625
0 0.996296 0.674479 0.007407 0.018750
0 0.712037 0.488021 0.025926 0.014583
0 0.663889 0.302083 0.020370 0.012500
0 0.701852 0.478125 0.022222 0.013542
0 0.663889 0.313021 0.022222 0.013542
0 0.737037 0.465625 0.022222 0.011458
0 0.749074 0.298958 0.024074 0.015625
0 0.997222 0.267708 0.005556 0.016667
0 0.850000 0.479687 0.027778 0.015625
0 0.795370 0.297396 0.025926 0.015625
0 0.989815 0.675000 0.018519 0.022917
0 0.915741 0.388542 0.037037 0.017708
0 0.997222 0.505729 0.003704 0.017708
0 0.991667 0.667708 0.014815 0.016667
0 0.997222 0.682813 0.003704 0.016667
0 0.989815 0.664062 0.018519 0.010417
0 0.734259 0.175521 0.011111 0.008333
0 0.748148 0.297917 0.024074 0.014583
0 0.994444 0.313021 0.009259 0.009375
0 0.583333 0.340625 0.031481 0.016667
0 0.519444 0.538542 0.027778 0.016667
0 0.442593 0.700521 0.027778 0.016667
0 0.006481 0.709896 0.012963 0.019792
0 0.006481 0.144271 0.012963 0.013542
0 0.010185 0.515625 0.020370 0.014583
0 0.010185 0.479167 0.020370 0.018750
0 0.019444 0.415104 0.038889 0.029167
0 0.015741 0.679688 0.031481 0.022917
0 0.031481 0.513021 0.025926 0.013542
0 0.030556 0.445833 0.051852 0.025000
0 0.050926 0.428646 0.051852 0.029167
0 0.086111 0.575000 0.012963 0.017708
0 0.107407 0.689063 0.029630 0.017708
0 0.095370 0.446875 0.048148 0.025000
0 0.111111 0.667708 0.035185 0.021875
0 0.090741 0.545833 0.027778 0.012500
0 0.136111 0.703646 0.037037 0.020833
0 0.155556 0.627604 0.033333 0.017708
0 0.126852 0.714583 0.033333 0.016667
0 0.484259 0.333333 0.024074 0.015625
0 0.159259 0.278125 0.033333 0.017708
0 0.164815 0.722396 0.035185 0.020833
0 0.275000 0.583854 0.018519 0.009375
0 0.562037 0.299479 0.024074 0.017708
0 0.212963 0.684896 0.033333 0.016667
0 0.994444 0.456250 0.016667 0.011458
0 0.305556 0.496354 0.031481 0.017708
0 0.769444 0.297396 0.024074 0.014583
0 0.307407 0.472396 0.031481 0.015625
0 0.996296 0.638021 0.024074 0.017708
0 0.525000 0.297917 0.027778 0.019792
0 0.554630 0.568229 0.024074 0.013542
