0 0.995370 0.474479 0.005556 0.013542
0 0.943519 0.319271 0.024074 0.014583
0 0.935185 0.483854 0.020370 0.010417
0 0.842593 0.332292 0.024074 0.014583
0 0.900926 0.493229 0.024074 0.014583
0 0.845370 0.322396 0.024074 0.012500
0 0.911111 0.505729 0.024074 0.014583
0 0.996296 0.659896 0.007407 0.019792
0 0.844444 0.315625 0.022222 0.012500
0 0.876852 0.505208 0.018519 0.012500
0 0.887963 0.291146 0.024074 0.014583
0 0.873148 0.515625 0.027778 0.015625
0 0.827778 0.583333 0.024074 0.013542
0 0.878704 0.489583 0.016667 0.009375
0 0.874074 0.516146 0.027778 0.016667
0 0.870370 0.311458 0.024074 0.012500
0 0.827778 0.584375 0.025926 0.013542
0 0.877778 0.319792 0.024074 0.014583
0 0.828704 0.519792 0.025926 0.014583
0 0.758333 0.577604 0.014815 0.007292
0 0.996296 0.395833 0.014815 0.009375
0 0.832407 0.303125 0.022222 0.012500
0 0.927778 0.714063 0.027778 0.015625
0 0.833333 0.316146 0.033333 0.016667
0 0.806481 0.318750 0.029630 0.012500
0 0.703704 0.714583 0.018519 0.010417
0 0.942593 0.318750 0.024074 0.013542
0 0.928704 0.200000 0.012963 0.008333
0 0.759259 0.582812 0.018519 0.013542
0 0.798148 0.315625 0.037037 0.023958
0 0.546296 0.489583 0.024074 0.016667
0 0.968519 0.317188 0.025926 0.014583
0 0.552778 0.512500 0.027778 0.016667
0 0.475926 0.699479 0.025926 0.012500
0 0.812963 0.318229 0.022222 0.014583
0 0.558333 0.598958 0.018519 0.010417
0 0.383333 0.738542 0.037037 0.019792
0 0.394444 0.299479 0.029630 0.014583
0 0.801852 0.349479 0.025926 0.015625
0 0.366667 0.729688 0.029630 0.016667
0 0.426852 0.642188 0.029630 0.015625
0 0.989815 0.317188 0.020370 0.015625
0 0.988889 0.659375 0.024074 0.028125
0 0.996296 0.402604 0.005556 0.017708
0 0.995370 0.663021 0.005556 0.010417
0 0.402778 0.286979 0.031481 0.015625
0 0.412037 0.245833 0.031481 0.016667
0 0.219444 0.331771 0.027778 0.017708
0 0.243519 0.330208 0.027778 0.015625
0 0.238889 0.712500 0.027778 0.017708
0 0.168519 0.545312 0.031481 0.017708
0 0.200926 0.455729 0.033333 0.017708
0 0.198148 0.441146 0.035185 0.020833
0 0.281481 0.155208 0.024074 0.013542
0 0.167593 0.277604 0.029630 0.018750
0 0.926852 0.438542 0.022222 0.014583
0 0.179630 0.229167 0.035185 0.021875
0 0.913889 0.723958 0.029630 0.013542
0 0.134259 0.544792 0.037037 0.018750
0 0.137037 0.259375 0.033333 0.021875
0 0.141667 0.256250 0.020370 0.018750
0 0.425000 0.296875 0.031481 0.019792
0 0.490741 0.493229 0.018519 0.013542
0 0.104630 0.545312 0.027778 0.015625
0 0.419444 0.526042 0.020370 0.011458
0 0.067593 0.547917 0.035185 0.017708
0 0.046296 0.551562 0.029630 0.014583
0 0.032407 0.427604 0.038889 0.020833
0 0.841667 0.518750 0.025926 0.012500
0 0.287963 0.172396 0.022222 0.014583
0 0.410185 0.718229 0.033333 0.022917
0 0.337963 0.562500 0.029630 0.013542
0 0.389815 0.681250 0.033333 0.020833
0 0.387037 0.463542 0.044444 0.026042
0 0.388889 0.702083 0.031481 0.018750
0 0.324074 0.593750 0.014815 0.019792
0 0.351852 0.445312 0.044444 0.028125
0 0.325000 0.460938 0.046296 0.027083
0 0.221296 0.531250 0.024074 0.015625
0 0.269444 0.693750 0.035185 0.021875
0 0.313889 0.432292 0.046296 0.028125
0 0.219444 0.497396 0.029630 0.016667
0 0.200000 0.533333 0.024074 0.013542
0 0.275926 0.167708 0.024074 0.014583
0 0.258333 0.723958 0.035185 0.020833
0 0.237963 0.616146 0.029630 0.017708
0 0.596296 0.378646 0.035185 0.016667
0 0.274074 0.167187 0.025926 0.014583
0 0.215741 0.717187 0.027778 0.019792
0 0.184259 0.523958 0.014815 0.009375
0 0.226852 0.454167 0.027778 0.016667
