0 0.994444 0.261458 0.009259 0.015625
0 0.993519 0.664062 0.011111 0.020833
0 1.005556 0.510938 0.100000 0.048958
0 0.987037 0.729688 0.024074 0.018750
0 0.993519 0.547917 0.012963 0.023958
0 0.993519 0.415625 0.012963 0.023958
0 0.996296 0.433854 0.003704 0.014583
0 0.995370 0.666146 0.009259 0.019792
0 0.993519 0.788021 0.009259 0.016667
0 0.993519 0.750521 0.012963 0.025000
0 0.991667 0.678646 0.012963 0.021875
0 1.001852 0.679688 0.011111 0.019792
0 0.677778 0.694792 0.033333 0.017708
0 1.000000 0.790104 0.029630 0.017708
0 0.994444 0.532813 0.011111 0.022917
0 1.000000 0.681250 0.035185 0.014583
0 0.993519 0.659375 0.022222 0.015625
0 0.995370 0.656771 0.031481 0.014583
0 0.538889 0.463542 0.027778 0.015625
0 0.990741 0.521354 0.018519 0.027083
0 0.994444 0.620833 0.009259 0.025000
0 1.000000 0.531771 0.012963 0.021875
0 0.943519 0.695833 0.059259 0.023958
0 0.993519 0.533854 0.012963 0.022917
0 0.989815 0.753125 0.018519 0.019792
0 0.994444 0.680729 0.009259 0.013542
0 0.991667 0.766667 0.016667 0.008333
0 0.994444 0.227083 0.009259 0.018750
0 0.995370 0.495833 0.007407 0.021875
0 0.991667 0.735417 0.016667 0.014583
0 0.913889 0.272396 0.033333 0.018750
0 0.564815 0.491146 0.024074 0.013542
0 0.997222 0.527083 0.024074 0.017708
0 0.904630 0.706771 0.037037 0.021875
0 0.990741 0.703125 0.018519 0.017708
0 0.984259 0.446875 0.031481 0.019792
0 0.647222 0.690104 0.027778 0.016667
0 0.841667 0.783333 0.031481 0.017708
0 0.994444 0.382292 0.009259 0.022917
0 0.176852 0.292187 0.025926 0.014583
0 0.395370 0.662500 0.027778 0.017708
0 0.198148 0.383854 0.033333 0.019792
0 0.237037 0.402604 0.020370 0.010417
0 0.185185 0.415625 0.020370 0.012500
0 0.633333 0.515625 0.024074 0.012500
0 0.208333 0.378646 0.020370 0.011458
0 0.442593 0.682292 0.035185 0.021875
0 0.883333 0.289583 0.024074 0.012500
0 0.430556 0.708333 0.031481 0.018750
0 0.651852 0.519792 0.020370 0.010417
0 0.050000 0.467708 0.022222 0.011458
0 0.003704 0.563542 0.007407 0.014583
0 0.870370 0.692187 0.029630 0.015625
0 0.014815 0.498958 0.022222 0.013542
0 0.030556 0.490625 0.024074 0.013542
0 0.054630 0.265104 0.027778 0.014583
0 0.062037 0.482812 0.027778 0.015625
0 0.075000 0.292708 0.025926 0.014583
0 0.762963 0.640625 0.037037 0.019792
0 0.101852 0.483333 0.025926 0.014583
0 0.097222 0.296875 0.024074 0.013542
0 0.119444 0.475000 0.025926 0.012500
0 0.108333 0.307292 0.024074 0.013542
0 0.866667 0.795833 0.040741 0.026042
0 0.137963 0.461458 0.024074 0.010417
0 0.139815 0.293750 0.029630 0.015625
0 0.621296 0.277083 0.024074 0.014583
0 0.992593 0.681771 0.014815 0.027083
0 0.661111 0.569271 0.025926 0.013542
0 0.497222 0.659375 0.020370 0.011458
0 0.495370 0.674479 0.035185 0.018750
0 0.996296 0.662500 0.014815 0.023958
0 0.466667 0.707292 0.027778 0.018750
0 0.491667 0.683333 0.022222 0.012500
0 0.997222 0.564063 0.016667 0.010417
0 1.023148 0.645833 0.064815 0.036458
0 0.732407 0.701562 0.027778 0.014583
0 0.543519 0.343750 0.029630 0.017708
0 0.597222 0.286458 0.024074 0.014583
0 0.869444 0.664062 0.044444 0.022917
0 0.167593 0.473958 0.035185 0.015625
0 0.544444 0.364063 0.027778 0.015625
0 0.903704 0.707812 0.040741 0.023958
0 0.563889 0.379688 0.029630 0.015625
0 0.581481 0.653646 0.029630 0.016667
