0 1.012963 0.450521 0.048148 0.035417
0 0.943519 0.684375 0.033333 0.016667
0 0.993519 0.677083 0.012963 0.020833
0 0.996296 0.394792 0.003704 0.012500
0 0.993519 0.748958 0.012963 0.023958
0 0.990741 0.526042 0.018519 0.027083
0 0.508333 0.462500 0.029630 0.016667
0 0.994444 0.651563 0.029630 0.013542
0 0.992593 0.589583 0.012963 0.014583
0 0.920370 0.664062 0.024074 0.015625
0 0.979630 0.692708 0.035185 0.015625
0 0.644444 0.689063 0.022222 0.013542
0 0.992593 0.608333 0.012963 0.022917
0 0.994444 0.542708 0.009259 0.020833
0 1.005556 0.794271 0.018519 0.011458
0 0.994444 0.504687 0.011111 0.017708
0 1.009259 0.320312 0.044444 0.028125
0 0.625926 0.694271 0.029630 0.016667
0 0.010185 0.480208 0.020370 0.014583
0 0.045370 0.256771 0.025926 0.015625
0 0.039815 0.473438 0.027778 0.015625
0 0.068519 0.285938 0.024074 0.013542
0 0.710185 0.641667 0.033333 0.019792
0 0.077778 0.473958 0.025926 0.014583
0 0.925000 0.734375 0.033333 0.018750
0 0.091667 0.289583 0.022222 0.014583
0 0.090741 0.464583 0.025926 0.011458
0 0.103704 0.300000 0.022222 0.013542
0 0.800000 0.797396 0.038889 0.026042
0 0.110185 0.453646 0.025926 0.011458
0 0.127778 0.286979 0.027778 0.015625
0 0.596296 0.278125 0.025926 0.016667
0 0.138889 0.466146 0.031481 0.015625
0 0.162037 0.285938 0.025926 0.014583
0 0.343519 0.657292 0.027778 0.016667
0 0.169444 0.378125 0.031481 0.019792
0 0.224074 0.395313 0.020370 0.009375
0 0.168519 0.407813 0.022222 0.013542
0 0.603704 0.515625 0.022222 0.013542
0 0.183333 0.372917 0.020370 0.012500
0 0.383333 0.677604 0.035185 0.020833
0 0.875000 0.309375 0.022222 0.014583
0 0.374074 0.703125 0.029630 0.018750
0 0.993519 0.679167 0.012963 0.025000
0 0.618519 0.568750 0.024074 0.013542
0 0.437963 0.655208 0.022222 0.011458
0 0.435185 0.670833 0.035185 0.018750
0 1.008333 0.504687 0.031481 0.019792
0 0.987963 0.675521 0.033333 0.020833
0 0.411111 0.702604 0.029630 0.018750
0 0.434259 0.679688 0.024074 0.013542
0 0.931481 0.569271 0.016667 0.010417
0 1.012037 0.668750 0.038889 0.021875
0 0.683333 0.702083 0.027778 0.014583
0 0.512037 0.343229 0.031481 0.016667
0 0.573148 0.286979 0.027778 0.014583
0 0.800000 0.665625 0.044444 0.021875
0 0.512963 0.363021 0.025926 0.015625
0 0.995370 0.506250 0.020370 0.011458
0 0.831481 0.709896 0.038889 0.022917
0 0.532407 0.378646 0.027778 0.014583
0 0.533333 0.651563 0.029630 0.017708
0 0.995370 0.611979 0.009259 0.023958
0 0.957407 0.539062 0.042593 0.022917
0 0.867593 0.700000 0.048148 0.026042
0 0.993519 0.537500 0.011111 0.016667
0 0.992593 0.533333 0.011111 0.022917
0 0.987963 0.757812 0.022222 0.018750
0 0.994444 0.692708 0.009259 0.014583
0 0.991667 0.769271 0.014815 0.008333
0 0.994444 0.223958 0.009259 0.018750
0 0.995370 0.493229 0.007407 0.021875
0 0.991667 0.736458 0.016667 0.015625
0 0.937963 0.275000 0.027778 0.019792
0 0.534259 0.490104 0.024074 0.013542
0 0.997222 0.538542 0.024074 0.018750
0 0.830556 0.710417 0.040741 0.021875
0 0.930556 0.707292 0.031481 0.017708
0 0.930556 0.453125 0.038889 0.019792
0 0.596296 0.688542 0.025926 0.016667
0 0.778704 0.785937 0.029630 0.019792
0 0.994444 0.379688 0.009259 0.022917
0 0.994444 0.594792 0.007407 0.023958
0 0.993519 0.261979 0.009259 0.016667
0 0.952778 0.673438 0.037037 0.019792
0 1.011111 0.517188 0.092593 0.045833
0 0.992593 0.566146 0.012963 0.025000
0 0.993519 0.397396 0.011111 0.020833
0 0.996296 0.440625 0.003704 0.015625
0 0.995370 0.676562 0.007407 0.019792
0 0.954630 0.794792 0.033333 0.018750
