0 0.605556 0.514062 0.042593 0.023958
0 0.864815 0.413021 0.038889 0.021875
0 0.425926 0.765104 0.031481 0.016667
0 0.680556 0.747917 0.035185 0.020833
0 0.883333 0.415104 0.027778 0.019792
0 0.477778 0.793229 0.027778 0.017708
0 0.581481 0.250000 0.038889 0.022917
0 0.735185 0.571875 0.044444 0.025000
0 0.648148 0.752083 0.033333 0.020833
0 0.415741 0.282292 0.031481 0.017708
0 0.066667 0.498437 0.027778 0.014583
0 0.680556 0.315625 0.020370 0.013542
0 0.690741 0.546354 0.031481 0.018750
0 0.823148 0.550000 0.035185 0.019792
0 0.733333 0.314063 0.029630 0.017708
0 0.680556 0.601042 0.025926 0.015625
0 0.104630 0.708854 0.031481 0.016667
0 0.676852 0.578125 0.029630 0.017708
0 0.325926 0.694271 0.033333 0.014583
0 0.430556 0.690625 0.037037 0.018750
0 0.700000 0.283854 0.029630 0.016667
0 0.836111 0.464583 0.042593 0.025000
0 0.598148 0.753125 0.042593 0.020833
0 0.887037 0.591667 0.033333 0.018750
0 0.390741 0.804688 0.031481 0.018750
0 0.450000 0.695312 0.037037 0.019792
0 0.760185 0.532292 0.037037 0.020833
0 0.391667 0.408333 0.040741 0.021875
0 0.720370 0.719271 0.042593 0.023958
0 0.351852 0.743229 0.031481 0.018750
0 0.900000 0.542708 0.035185 0.019792
0 0.866667 0.604688 0.035185 0.018750
0 0.325926 0.682292 0.037037 0.019792
0 0.695370 0.296875 0.042593 0.026042
0 0.823148 0.606771 0.035185 0.019792
0 0.852778 0.372396 0.029630 0.017708
0 0.178704 0.306771 0.029630 0.015625
0 0.361111 0.384375 0.042593 0.023958
0 0.251852 0.811979 0.044444 0.025000
0 0.075926 0.704688 0.031481 0.014583
0 0.758333 0.518229 0.020370 0.010417
0 0.302778 0.457813 0.035185 0.020833
0 0.099074 0.280208 0.027778 0.016667
0 0.344444 0.715625 0.031481 0.018750
0 0.199074 0.723437 0.033333 0.022917
0 0.742593 0.306771 0.020370 0.014583
0 0.164815 0.678646 0.037037 0.019792
0 0.017593 0.288021 0.016667 0.017708
0 0.347222 0.544792 0.040741 0.021875
0 0.699074 0.305729 0.029630 0.015625
0 0.547222 0.603646 0.048148 0.028125
0 0.016667 0.665625 0.033333 0.018750
0 0.013889 0.383333 0.027778 0.016667
0 0.206481 0.721354 0.038889 0.028125
0 0.718519 0.526563 0.031481 0.018750
0 0.011111 0.341667 0.018519 0.019792
0 0.866667 0.604688 0.033333 0.019792
0 -0.073148 0.338542 0.001852 0.000000
0 0.235185 0.710938 0.044444 0.023958
0 0.872222 0.559375 0.033333 0.018750
0 0.505556 0.661458 0.029630 0.016667
0 0.669444 0.556771 0.029630 0.016667
0 0.647222 0.578646 0.027778 0.016667
0 0.023148 0.470313 0.027778 0.015625
0 0.844444 0.384896 0.027778 0.013542
0 0.842593 0.566667 0.037037 0.020833
0 0.284259 0.674479 0.029630 0.016667
0 0.854630 0.600521 0.031481 0.017708
0 0.752778 0.665625 0.025926 0.015625
0 0.845370 0.588542 0.029630 0.015625
0 0.476852 0.243750 0.024074 0.012500
0 0.311111 0.390625 0.022222 0.008333
0 0.367593 0.564583 0.027778 0.015625
0 0.467593 0.476042 0.038889 0.022917
0 0.139815 0.301042 0.020370 0.010417
0 0.715741 0.318229 0.022222 0.016667
0 0.691667 0.731250 0.025926 0.016667
0 0.448148 0.801042 0.031481 0.017708
0 0.564815 0.575521 0.040741 0.022917
0 0.887037 0.570312 0.027778 0.016667
0 0.267593 0.390104 0.027778 0.012500
0 0.126852 0.704167 0.024074 0.013542
0 0.350926 0.705208 0.022222 0.011458
