0 0.350926 0.669792 0.025926 0.013542
0 0.925000 0.667708 0.035185 0.020833
0 1.006481 0.484896 0.027778 0.018750
0 0.349074 0.660937 0.037037 0.018750
0 0.350000 0.646354 0.022222 0.012500
0 0.539815 0.559375 0.024074 0.014583
0 0.962963 0.671354 0.038889 0.019792
0 0.293519 0.693750 0.031481 0.018750
0 0.803704 0.304167 0.024074 0.012500
0 0.298148 0.668750 0.035185 0.020833
0 0.111111 0.365104 0.024074 0.012500
0 0.533333 0.506771 0.024074 0.012500
0 0.100000 0.400521 0.025926 0.014583
0 0.153704 0.387500 0.020370 0.009375
0 0.087037 0.370312 0.031481 0.018750
0 0.265741 0.648958 0.029630 0.016667
0 0.086111 0.277604 0.025926 0.014583
0 0.062037 0.458854 0.029630 0.015625
0 0.513889 0.270833 0.025926 0.014583
0 0.050926 0.278646 0.027778 0.015625
0 0.037963 0.445312 0.025926 0.013542
0 0.710185 0.782292 0.035185 0.023958
0 0.029630 0.291667 0.024074 0.013542
0 0.017593 0.457813 0.024074 0.012500
0 0.016667 0.281250 0.024074 0.013542
0 0.009259 0.467187 0.018519 0.014583
0 0.625926 0.630208 0.029630 0.017708
0 0.993519 0.258854 0.011111 0.018750
0 0.995370 0.607812 0.009259 0.023958
0 0.944444 0.372396 0.042593 0.022917
0 0.693519 0.771354 0.029630 0.019792
0 0.516667 0.677604 0.025926 0.016667
0 0.826852 0.444792 0.037037 0.020833
0 0.833333 0.693229 0.029630 0.016667
0 0.730556 0.696875 0.037037 0.022917
0 0.997222 0.532813 0.024074 0.018750
0 0.461111 0.481771 0.024074 0.013542
0 0.831481 0.269271 0.029630 0.019792
0 0.991667 0.721354 0.016667 0.015625
0 0.995370 0.506771 0.007407 0.021875
0 0.994444 0.226042 0.009259 0.019792
0 0.937037 0.770833 0.025926 0.015625
0 0.993519 0.706771 0.009259 0.015625
0 0.897222 0.741667 0.031481 0.017708
0 0.604630 0.689583 0.025926 0.013542
0 0.989815 0.670833 0.025926 0.014583
0 0.826852 0.558333 0.018519 0.010417
0 0.329630 0.692708 0.029630 0.017708
0 0.987037 0.432292 0.022222 0.025000
0 0.992593 0.513021 0.011111 0.022917
0 0.993519 0.539062 0.011111 0.016667
0 0.765741 0.685417 0.046296 0.023958
0 0.854630 0.528646 0.042593 0.021875
0 0.993519 0.597396 0.009259 0.023958
0 0.455556 0.641146 0.029630 0.017708
0 0.450000 0.371354 0.027778 0.015625
0 0.731481 0.696875 0.037037 0.021875
0 0.989815 0.492708 0.020370 0.011458
0 0.432407 0.355208 0.029630 0.015625
0 0.991667 0.607292 0.014815 0.020833
0 0.700000 0.653646 0.040741 0.021875
0 0.496296 0.279167 0.024074 0.014583
0 0.429630 0.336458 0.031481 0.017708
0 0.849074 0.660417 0.035185 0.019792
0 0.985185 0.617708 0.025926 0.021875
0 1.006481 0.502083 0.081481 0.039583
0 0.829630 0.719792 0.031481 0.018750
0 0.992593 0.631250 0.012963 0.025000
0 0.968519 0.394792 0.044444 0.021875
0 0.996296 0.444792 0.005556 0.015625
0 0.962037 0.672396 0.038889 0.021875
0 0.860185 0.778646 0.031481 0.017708
0 0.992593 0.604167 0.012963 0.021875
0 0.992593 0.741146 0.012963 0.023958
0 0.996296 0.397396 0.005556 0.013542
0 0.927778 0.667708 0.035185 0.021875
0 0.840741 0.670833 0.031481 0.015625
0 1.008333 0.496875 0.038889 0.029167
0 0.545370 0.682813 0.029630 0.015625
0 1.007407 0.307292 0.035185 0.022917
0 0.993519 0.509375 0.009259 0.017708
0 0.911111 0.777604 0.020370 0.011458
0 0.995370 0.538542 0.009259 0.021875
0 0.562963 0.677083 0.020370 0.012500
0 0.960185 0.677604 0.037037 0.016667
0 0.815741 0.651563 0.024074 0.015625
0 0.992593 0.579167 0.014815 0.016667
0 0.993519 0.538021 0.031481 0.017708
0 1.003704 0.305208 0.024074 0.016667
0 0.984259 0.649479 0.031481 0.014583
0 0.431481 0.453646 0.025926 0.016667
0 0.989815 0.538542 0.016667 0.026042
