0 0.003704 0.145833 0.007407 0.014583
0 0.008333 0.516146 0.016667 0.013542
0 0.008333 0.479687 0.016667 0.019792
0 0.016667 0.416146 0.033333 0.029167
0 0.003704 0.710417 0.007407 0.019792
0 0.994444 0.658333 0.009259 0.011458
0 1.004630 0.388021 0.012963 0.017708
0 0.995370 0.387500 0.005556 0.012500
0 0.994444 0.673958 0.007407 0.015625
0 0.996296 0.458854 0.007407 0.020833
0 0.993519 0.697917 0.012963 0.016667
0 0.996296 0.479687 0.003704 0.009375
0 0.996296 0.730729 0.007407 0.016667
0 0.992593 0.667708 0.009259 0.017708
0 0.995370 0.344271 0.009259 0.014583
0 0.994444 0.345313 0.012963 0.013542
0 0.439815 0.701562 0.027778 0.016667
0 0.028704 0.514062 0.025926 0.013542
0 0.025926 0.446875 0.050000 0.025000
0 0.046296 0.429688 0.051852 0.028125
0 0.012963 0.680729 0.025926 0.022917
0 0.082407 0.576562 0.012963 0.018750
0 0.101852 0.689583 0.029630 0.017708
0 0.090741 0.447917 0.048148 0.025000
0 0.106481 0.668750 0.035185 0.020833
0 0.087037 0.546875 0.027778 0.012500
0 0.131481 0.704688 0.037037 0.020833
0 0.150926 0.628646 0.033333 0.017708
0 0.122222 0.716146 0.031481 0.015625
0 0.479630 0.334375 0.024074 0.015625
0 0.156481 0.278125 0.031481 0.016667
0 0.161111 0.723437 0.035185 0.019792
0 0.271296 0.584896 0.018519 0.009375
0 0.559259 0.300000 0.024074 0.017708
0 0.209259 0.685937 0.033333 0.016667
0 0.994444 0.457292 0.016667 0.011458
0 0.301852 0.496875 0.031481 0.016667
0 0.765741 0.297917 0.024074 0.014583
0 0.303704 0.472917 0.031481 0.015625
0 0.996296 0.639062 0.024074 0.018750
0 0.521296 0.298438 0.027778 0.018750
0 0.551852 0.568750 0.024074 0.013542
0 0.731481 0.176563 0.011111 0.008333
0 0.745370 0.298958 0.024074 0.015625
0 0.994444 0.313542 0.011111 0.009375
0 0.577778 0.341146 0.031481 0.016667
0 0.515741 0.539583 0.027778 0.016667
0 0.996296 0.567187 0.007407 0.013542
0 1.001852 0.653125 0.018519 0.015625
0 0.539815 0.303125 0.031481 0.017708
0 0.583333 0.298438 0.031481 0.019792
0 0.651852 0.700000 0.027778 0.017708
0 0.585185 0.283854 0.024074 0.014583
0 0.787037 0.384896 0.018519 0.011458
0 0.531481 0.561979 0.022222 0.012500
0 0.725926 0.481771 0.024074 0.013542
0 0.625000 0.503125 0.027778 0.014583
0 0.694444 0.299479 0.022222 0.014583
0 0.613889 0.568229 0.025926 0.014583
0 0.687963 0.291667 0.024074 0.014583
0 0.653704 0.499479 0.027778 0.015625
0 0.993519 0.522917 0.009259 0.011458
0 0.672222 0.473958 0.022222 0.011458
0 0.612037 0.567708 0.024074 0.014583
0 0.654630 0.500000 0.027778 0.015625
0 0.684259 0.270313 0.025926 0.014583
0 0.668519 0.488542 0.022222 0.012500
0 0.641667 0.298438 0.022222 0.015625
0 0.996296 0.675521 0.007407 0.018750
0 0.709259 0.489063 0.024074 0.014583
0 0.662037 0.303125 0.022222 0.012500
0 0.698148 0.479167 0.020370 0.013542
0 0.661111 0.313542 0.022222 0.012500
0 0.734259 0.466667 0.024074 0.012500
0 0.746296 0.299479 0.024074 0.014583
0 0.996296 0.267708 0.003704 0.016667
0 0.847222 0.480208 0.027778 0.015625
0 0.792593 0.297917 0.025926 0.015625
0 0.989815 0.675000 0.020370 0.022917
0 0.913889 0.389062 0.035185 0.017708
0 0.997222 0.505729 0.003704 0.017708
0 0.991667 0.668750 0.016667 0.016667
0 0.997222 0.683854 0.003704 0.016667
0 0.990741 0.663542 0.018519 0.010417
