0 0.995370 0.595833 0.009259 0.019792
0 0.994444 0.604167 0.011111 0.026042
0 0.988889 0.827083 0.018519 0.031250
0 0.989815 0.253646 0.018519 0.010417
0 0.993519 0.275000 0.011111 0.015625
0 0.996296 0.515104 0.007407 0.020833
0 0.990741 0.759896 0.016667 0.022917
0 0.996296 0.729688 0.005556 0.014583
0 0.994444 0.720313 0.009259 0.014583
0 0.993519 0.770312 0.012963 0.016667
0 0.999074 0.435937 0.000000 0.000000
0 0.991667 0.605729 0.014815 0.028125
0 0.991667 0.680208 0.012963 0.017708
0 0.992593 0.728646 0.014815 0.019792
0 0.995370 0.492188 0.009259 0.014583
0 0.030556 0.708333 0.038889 0.020833
0 0.977778 0.476562 0.027778 0.012500
0 0.092593 0.520833 0.031481 0.016667
0 0.581481 0.325521 0.024074 0.013542
0 0.081481 0.483333 0.025926 0.009375
0 0.971296 0.660937 0.031481 0.018750
0 0.312037 0.327604 0.022222 0.016667
0 0.399074 0.590104 0.022222 0.014583
0 0.550926 0.209375 0.011111 0.007292
0 0.568519 0.327083 0.020370 0.013542
0 0.990741 0.325000 0.014815 0.014583
0 0.268519 0.363021 0.029630 0.015625
0 0.993519 0.680208 0.012963 0.016667
0 0.982407 0.399479 0.009259 0.013542
0 0.994444 0.749479 0.011111 0.019792
0 0.994444 0.411458 0.007407 0.014583
0 0.025926 0.607292 0.020370 0.010417
0 0.346296 0.329167 0.027778 0.017708
0 0.991667 0.729167 0.014815 0.020833
0 0.261111 0.722396 0.029630 0.015625
0 0.286111 0.561979 0.027778 0.018750
0 0.996296 0.550000 0.007407 0.012500
0 0.988889 0.706771 0.018519 0.016667
0 0.325926 0.332813 0.029630 0.017708
0 0.363889 0.327604 0.031481 0.018750
0 0.407407 0.719792 0.029630 0.017708
0 0.372222 0.314063 0.027778 0.015625
0 0.614815 0.410417 0.022222 0.013542
0 0.379630 0.582292 0.024074 0.015625
0 0.554630 0.504687 0.018519 0.010417
0 0.448148 0.526042 0.025926 0.013542
0 0.434259 0.580729 0.025926 0.011458
0 0.996296 0.441667 0.005556 0.015625
0 0.532407 0.326562 0.022222 0.013542
0 0.430556 0.589583 0.025926 0.013542
0 0.992593 0.319271 0.012963 0.014583
0 0.523148 0.318750 0.024074 0.014583
0 0.995370 0.732292 0.007407 0.023958
0 0.994444 0.608854 0.025926 0.012500
0 0.465741 0.521354 0.025926 0.016667
0 0.993519 0.529687 0.009259 0.011458
0 0.493519 0.496354 0.024074 0.011458
0 0.430556 0.589583 0.025926 0.014583
0 0.993519 0.697917 0.011111 0.015625
0 0.465741 0.521875 0.025926 0.016667
0 0.475926 0.517708 0.018519 0.012500
0 0.501852 0.300000 0.024074 0.015625
0 0.495370 0.510417 0.024074 0.014583
0 0.479630 0.326562 0.024074 0.013542
0 0.995370 0.698438 0.005556 0.018750
0 0.535185 0.510938 0.024074 0.014583
0 0.500926 0.329688 0.022222 0.012500
0 0.532407 0.500521 0.024074 0.011458
0 0.502778 0.340104 0.020370 0.012500
0 0.991667 0.771354 0.016667 0.038542
0 0.560185 0.489063 0.022222 0.012500
0 0.568519 0.327083 0.022222 0.014583
0 0.997222 0.277083 0.005556 0.016667
0 0.647222 0.502083 0.027778 0.015625
0 0.611111 0.325000 0.022222 0.015625
0 0.934259 0.693750 0.035185 0.020833
0 0.698148 0.414062 0.027778 0.017708
0 0.644444 0.430729 0.020370 0.010417
0 0.995370 0.372917 0.009259 0.014583
0 0.996296 0.521354 0.003704 0.018750
0 0.990741 0.715104 0.016667 0.017708
0 0.983333 0.742708 0.033333 0.019792
0 0.996296 0.536979 0.020370 0.011458
0 0.987963 0.668229 0.022222 0.012500
0 0.995370 0.739583 0.005556 0.017708
