0 0.002778 0.362500 0.005556 0.014583
0 0.182407 0.679688 0.042593 0.023958
0 0.292593 0.518229 0.040741 0.022917
0 0.012037 0.639062 0.024074 0.017708
0 0.486111 0.574479 0.050000 0.027083
0 0.648148 0.270833 0.031481 0.019792
0 0.525000 0.482812 0.044444 0.026042
0 0.823148 0.527604 0.035185 0.018750
0 0.788889 0.377604 0.042593 0.022917
0 0.389815 0.734375 0.031481 0.017708
0 0.628704 0.717187 0.037037 0.020833
0 0.822222 0.382812 0.033333 0.019792
0 0.445370 0.761979 0.027778 0.016667
0 0.506481 0.216146 0.038889 0.023958
0 0.677778 0.541667 0.046296 0.025000
0 0.595370 0.721354 0.033333 0.020833
0 0.387963 0.255729 0.031481 0.018750
0 0.059259 0.476042 0.025926 0.013542
0 0.610185 0.281250 0.020370 0.012500
0 0.653704 0.517708 0.027778 0.016667
0 0.716667 0.273438 0.022222 0.015625
0 0.073148 0.259375 0.027778 0.015625
0 0.149074 0.690104 0.033333 0.020833
0 0.301852 0.685417 0.029630 0.016667
0 0.238889 0.432292 0.040741 0.021875
0 0.697222 0.486979 0.024074 0.012500
0 0.065741 0.675000 0.025926 0.013542
0 0.225926 0.777604 0.042593 0.027083
0 0.273148 0.355729 0.038889 0.022917
0 0.103704 0.289062 0.033333 0.016667
0 0.829630 0.339062 0.027778 0.015625
0 0.787037 0.577604 0.035185 0.019792
0 0.624074 0.261979 0.040741 0.026042
0 0.272222 0.652083 0.037037 0.019792
0 0.828704 0.575000 0.037037 0.019792
0 0.849074 0.510938 0.035185 0.019792
0 0.312963 0.713021 0.029630 0.018750
0 0.670370 0.689583 0.042593 0.023958
0 0.310185 0.378646 0.042593 0.020833
0 0.693519 0.501563 0.037037 0.021875
0 0.395370 0.665104 0.037037 0.020833
0 0.357407 0.771875 0.031481 0.017708
0 0.850926 0.561458 0.031481 0.018750
0 0.540741 0.721354 0.042593 0.020833
0 0.764815 0.431250 0.042593 0.025000
0 0.631481 0.248438 0.035185 0.017708
0 0.374074 0.660937 0.033333 0.018750
0 0.275926 0.663542 0.031481 0.013542
0 0.644444 0.550000 0.029630 0.017708
0 0.091667 0.679688 0.031481 0.016667
0 0.647222 0.573958 0.027778 0.015625
0 0.706481 0.281250 0.031481 0.018750
0 0.768519 0.519271 0.038889 0.020833
0 0.416667 0.769271 0.029630 0.017708
0 0.494444 0.545312 0.040741 0.022917
0 0.849074 0.540625 0.029630 0.017708
0 0.223148 0.365104 0.025926 0.012500
0 0.118519 0.648958 0.037037 0.017708
0 0.668519 0.702604 0.031481 0.014583
0 0.232407 0.643750 0.031481 0.017708
0 0.820370 0.569271 0.027778 0.017708
0 0.712963 0.635417 0.022222 0.013542
0 0.807407 0.559375 0.027778 0.016667
0 0.447222 0.215104 0.024074 0.013542
0 0.250926 0.366667 0.024074 0.009375
0 0.313889 0.543750 0.020370 0.012500
0 0.408333 0.447396 0.033333 0.018750
0 0.079630 0.270313 0.027778 0.013542
0 0.692593 0.287500 0.024074 0.014583
0 0.442593 0.631771 0.031481 0.017708
0 0.635185 0.529167 0.031481 0.019792
0 0.608333 0.550521 0.027778 0.017708
0 0.012963 0.449479 0.024074 0.013542
0 0.798148 0.351562 0.027778 0.013542
0 0.788889 0.536458 0.037037 0.020833
