0 0.803704 0.728646 0.033333 0.016667
0 0.993519 0.705208 0.011111 0.017708
0 1.001852 0.362500 0.033333 0.023958
0 0.849074 0.756250 0.027778 0.015625
0 0.985185 0.215104 0.027778 0.023958
0 0.995370 0.527083 0.007407 0.021875
0 0.991667 0.723437 0.016667 0.015625
0 0.707407 0.253125 0.029630 0.018750
0 0.369444 0.474479 0.024074 0.013542
0 0.993519 0.597917 0.012963 0.020833
0 0.769444 0.766667 0.029630 0.018750
0 0.854630 0.659375 0.038889 0.022917
0 0.995370 0.472917 0.005556 0.017708
0 0.837037 0.378125 0.044444 0.022917
0 0.996296 0.516146 0.024074 0.018750
0 0.993519 0.659375 0.011111 0.020833
0 0.735185 0.708854 0.029630 0.019792
0 1.005556 0.498437 0.068519 0.033333
0 0.985185 0.590104 0.025926 0.021875
0 0.742593 0.648958 0.037037 0.019792
0 0.968519 0.256250 0.038889 0.018750
0 0.995370 0.595313 0.007407 0.022917
0 0.987037 0.336458 0.029630 0.017708
0 0.810185 0.355729 0.040741 0.023958
0 0.630556 0.776042 0.031481 0.020833
0 0.427778 0.672396 0.025926 0.016667
0 0.708333 0.431250 0.037037 0.020833
0 0.733333 0.682292 0.029630 0.017708
0 0.626852 0.688542 0.038889 0.022917
0 0.534259 0.263542 0.033333 0.019792
0 0.990741 0.538542 0.016667 0.026042
0 0.336111 0.446875 0.027778 0.015625
0 0.925000 0.627604 0.031481 0.016667
0 1.003704 0.294792 0.024074 0.015625
0 0.723148 0.534896 0.027778 0.015625
0 0.991667 0.534896 0.031481 0.018750
0 0.991667 0.577083 0.016667 0.018750
0 0.706481 0.641146 0.024074 0.015625
0 0.992593 0.686979 0.037037 0.020833
0 0.475000 0.670833 0.022222 0.012500
0 0.988889 0.542708 0.022222 0.022917
0 0.821296 0.764583 0.024074 0.013542
0 0.993519 0.528646 0.011111 0.018750
0 1.005556 0.278125 0.025926 0.016667
0 1.007407 0.561458 0.031481 0.020833
0 0.456481 0.676562 0.029630 0.015625
0 1.006481 0.535937 0.029630 0.021875
0 0.735185 0.659896 0.033333 0.016667
0 0.821296 0.654687 0.037037 0.020833
0 1.003704 0.270833 0.029630 0.016667
0 0.996296 0.404687 0.005556 0.015625
0 0.996296 0.714583 0.011111 0.020833
0 0.250926 0.668229 0.027778 0.014583
0 0.889815 0.656771 0.027778 0.015625
0 0.519444 0.681771 0.027778 0.013542
0 0.318519 0.326562 0.033333 0.017708
0 0.394444 0.266146 0.027778 0.015625
0 0.590741 0.645312 0.044444 0.021875
0 0.988889 0.484375 0.022222 0.012500
0 0.000000 0.000000 0.000000 0.000000
0 0.991667 0.588542 0.012963 0.019792
0 0.326852 0.346875 0.033333 0.015625
0 1.007407 0.458333 0.027778 0.018750
0 0.242593 0.659375 0.037037 0.019792
0 0.243519 0.644792 0.024074 0.013542
0 0.448148 0.552083 0.024074 0.013542
0 0.853704 0.659375 0.038889 0.025000
0 0.193519 0.693229 0.033333 0.017708
0 0.702778 0.285417 0.024074 0.013542
0 0.190741 0.668229 0.037037 0.020833
0 0.010185 0.361979 0.020370 0.012500
0 0.450000 0.498958 0.022222 0.013542
0 0.006481 0.398958 0.012963 0.014583
0 0.364815 0.636979 0.029630 0.017708
0 0.343519 0.362500 0.025926 0.015625
0 0.625926 0.688542 0.037037 0.022917
0 0.822222 0.654167 0.031481 0.020833
0 0.231481 0.691667 0.029630 0.017708
0 0.712963 0.546875 0.020370 0.012500
0 0.987963 0.391146 0.020370 0.022917
0 0.993519 0.484896 0.012963 0.022917
0 0.992593 0.539583 0.011111 0.017708
0 0.657407 0.676042 0.046296 0.022917
0 0.744444 0.516146 0.038889 0.021875
0 0.992593 0.273438 0.031481 0.015625
0 0.958333 0.571354 0.050000 0.027083
