0 0.375926 0.681250 0.031481 0.016667
0 0.995370 0.546354 0.007407 0.021875
0 0.900000 0.217188 0.040741 0.023958
0 0.762963 0.765104 0.027778 0.016667
0 1.000000 0.377083 0.031481 0.022917
0 0.987037 0.721354 0.025926 0.020833
0 0.716667 0.736458 0.031481 0.016667
0 0.988889 0.400000 0.020370 0.022917
0 0.952778 0.488542 0.046296 0.025000
0 0.993519 0.553125 0.012963 0.018750
0 0.555556 0.682813 0.040741 0.021875
0 0.651852 0.520833 0.040741 0.022917
0 0.989815 0.273438 0.031481 0.015625
0 0.863889 0.578125 0.048148 0.026042
0 0.990741 0.552083 0.016667 0.026042
0 0.266667 0.447917 0.027778 0.015625
0 0.826852 0.636979 0.035185 0.014583
0 1.002778 0.286979 0.022222 0.014583
0 0.287037 0.305208 0.018519 0.009375
0 0.632407 0.539062 0.027778 0.015625
0 0.991667 0.547396 0.033333 0.018750
0 0.990741 0.582812 0.016667 0.019792
0 0.606481 0.648958 0.027778 0.016667
0 1.000926 0.704167 0.027778 0.015625
0 0.394444 0.676042 0.022222 0.013542
0 0.898148 0.550000 0.040741 0.022917
0 0.735185 0.773438 0.025926 0.015625
0 0.993519 0.520833 0.011111 0.018750
0 1.005556 0.282813 0.024074 0.015625
0 0.987963 0.575521 0.025926 0.016667
0 0.970370 0.548958 0.025926 0.019792
0 0.638889 0.666667 0.033333 0.015625
0 0.728704 0.661979 0.033333 0.019792
0 1.002778 0.253646 0.025926 0.015625
0 0.995370 0.417708 0.005556 0.016667
0 0.919444 0.725521 0.044444 0.021875
0 0.993519 0.592187 0.012963 0.020833
0 0.680556 0.775000 0.031481 0.017708
0 0.757407 0.667708 0.038889 0.022917
0 0.996296 0.497396 0.007407 0.019792
0 0.732407 0.381771 0.042593 0.022917
0 0.993519 0.689583 0.011111 0.020833
0 0.645370 0.715625 0.029630 0.018750
0 1.005556 0.500000 0.051852 0.025000
0 0.986111 0.591146 0.025926 0.020833
0 0.642593 0.656250 0.035185 0.020833
0 0.993519 0.263542 0.012963 0.021875
0 0.995370 0.603125 0.007407 0.021875
0 0.986111 0.336979 0.029630 0.016667
0 0.441667 0.291146 0.025926 0.013542
0 0.703704 0.359375 0.040741 0.025000
0 0.539815 0.782292 0.037037 0.021875
0 0.348148 0.676562 0.025926 0.016667
0 0.612037 0.434375 0.037037 0.020833
0 0.642593 0.689583 0.031481 0.018750
0 0.525926 0.695833 0.038889 0.021875
0 0.425926 0.261458 0.031481 0.018750
0 0.968519 0.520833 0.031481 0.018750
0 0.302778 0.475521 0.025926 0.014583
0 0.646296 0.253125 0.029630 0.018750
0 0.960185 0.725000 0.033333 0.017708
0 0.818519 0.661458 0.037037 0.018750
0 0.162037 0.670833 0.029630 0.016667
0 0.141667 0.694792 0.031481 0.017708
0 0.728704 0.661979 0.031481 0.020833
0 0.991667 0.443750 0.029630 0.018750
0 0.146296 0.663021 0.037037 0.020833
0 0.149074 0.647917 0.025926 0.014583
0 0.374074 0.554167 0.025926 0.014583
0 0.759259 0.667188 0.040741 0.023958
0 0.102778 0.695833 0.033333 0.019792
0 0.651852 0.287500 0.024074 0.012500
0 0.093519 0.671354 0.037037 0.020833
0 0.002778 0.384375 0.005556 0.015625
0 0.251852 0.346354 0.033333 0.016667
0 0.984259 0.486979 0.022222 0.012500
0 0.524074 0.696354 0.035185 0.020833
0 0.267593 0.361979 0.025926 0.016667
0 0.286111 0.640104 0.031481 0.016667
0 0.992593 0.591667 0.014815 0.019792
0 -0.075926 0.337500 0.000000 0.000000
0 0.490741 0.652083 0.040741 0.021875
0 0.326852 0.254688 0.018519 0.019792
0 0.241667 0.325521 0.035185 0.017708
0 0.442593 0.686458 0.027778 0.014583
0 0.632407 0.551042 0.022222 0.012500
