0 0.160185 0.627083 0.033333 0.017708
0 0.099074 0.446354 0.048148 0.025000
0 0.115741 0.666667 0.035185 0.020833
0 0.095370 0.545312 0.027778 0.012500
0 0.140741 0.703125 0.037037 0.021875
0 0.130556 0.713542 0.031481 0.015625
0 0.488889 0.332813 0.024074 0.015625
0 0.162963 0.277083 0.031481 0.016667
0 0.168519 0.721875 0.035185 0.019792
0 0.279630 0.583333 0.018519 0.009375
0 0.564815 0.298958 0.024074 0.017708
0 0.216667 0.684375 0.031481 0.016667
0 0.995370 0.456250 0.016667 0.011458
0 0.309259 0.495833 0.029630 0.017708
0 0.771296 0.296354 0.024074 0.014583
0 0.310185 0.471354 0.029630 0.015625
0 0.997222 0.636979 0.024074 0.018750
0 0.528704 0.296875 0.029630 0.019792
0 0.557407 0.567187 0.024074 0.013542
0 0.737037 0.174479 0.011111 0.007292
0 0.750926 0.297396 0.024074 0.014583
0 0.994444 0.312500 0.009259 0.009375
0 0.587963 0.340104 0.031481 0.016667
0 0.447222 0.700000 0.027778 0.016667
0 0.524074 0.538021 0.027778 0.016667
0 0.996296 0.567187 0.007407 0.013542
0 1.000926 0.650000 0.016667 0.015625
0 0.547222 0.301563 0.031481 0.017708
0 0.590741 0.296875 0.031481 0.020833
0 0.660185 0.698438 0.025926 0.017708
0 0.591667 0.281250 0.025926 0.014583
0 0.791667 0.383333 0.018519 0.011458
0 0.536111 0.560937 0.020370 0.011458
0 0.731481 0.480208 0.024074 0.013542
0 0.630556 0.502083 0.027778 0.013542
0 0.700000 0.298438 0.024074 0.013542
0 0.618519 0.566667 0.024074 0.014583
0 0.798148 0.296875 0.025926 0.015625
0 0.853704 0.479167 0.027778 0.015625
0 0.996296 0.267708 0.003704 0.016667
0 0.751852 0.297917 0.024074 0.014583
0 0.739815 0.465104 0.022222 0.011458
0 0.666667 0.311979 0.022222 0.012500
0 0.704630 0.477083 0.020370 0.012500
0 0.666667 0.301563 0.020370 0.013542
0 0.714815 0.487500 0.024074 0.014583
0 0.996296 0.673438 0.007407 0.018750
0 0.646296 0.297396 0.024074 0.015625
0 0.674074 0.487500 0.020370 0.013542
0 0.689815 0.268750 0.025926 0.014583
0 0.660185 0.498437 0.025926 0.015625
0 0.619444 0.566667 0.025926 0.013542
0 0.677778 0.473438 0.022222 0.012500
0 0.993519 0.523438 0.009259 0.011458
0 0.659259 0.498437 0.027778 0.016667
0 0.693519 0.290104 0.025926 0.014583
0 0.995370 0.730208 0.005556 0.016667
0 0.993519 0.665104 0.011111 0.017708
0 0.995370 0.343750 0.009259 0.014583
0 0.995370 0.344271 0.012963 0.013542
0 0.994444 0.657292 0.009259 0.011458
0 1.004630 0.392708 0.012963 0.019792
0 0.995370 0.387500 0.005556 0.012500
0 0.990741 0.674479 0.020370 0.022917
0 0.919444 0.388021 0.035185 0.018750
0 0.996296 0.478646 0.003704 0.010417
0 0.992593 0.699479 0.012963 0.016667
0 0.994444 0.671354 0.009259 0.014583
0 0.996296 0.457813 0.007407 0.020833
0 0.997222 0.505729 0.003704 0.017708
0 0.991667 0.666667 0.014815 0.016667
0 0.997222 0.681250 0.003704 0.016667
0 0.990741 0.664062 0.018519 0.010417
0 0.089815 0.574479 0.012963 0.017708
0 0.011111 0.515104 0.022222 0.013542
0 0.012037 0.479167 0.024074 0.018750
0 0.021296 0.415104 0.042593 0.029167
0 0.017593 0.679167 0.035185 0.022917
0 0.034259 0.513021 0.025926 0.014583
0 0.034259 0.445833 0.050000 0.026042
0 0.112037 0.687500 0.029630 0.017708
0 0.054630 0.428646 0.051852 0.029167
0 0.008333 0.708854 0.016667 0.020833
0 0.008333 0.144271 0.016667 0.015625
