0 0.996296 0.689583 0.005556 0.017708
0 0.922222 0.484896 0.027778 0.015625
0 0.016667 0.479687 0.027778 0.010417
0 0.875926 0.652604 0.025926 0.015625
0 0.224074 0.324479 0.016667 0.015625
0 0.339815 0.584375 0.018519 0.012500
0 0.477778 0.201563 0.011111 0.006250
0 0.498148 0.320312 0.020370 0.013542
0 0.988889 0.325521 0.018519 0.017708
0 0.161111 0.361458 0.029630 0.016667
0 0.242593 0.714583 0.024074 0.013542
0 0.205556 0.557813 0.027778 0.016667
0 0.996296 0.545833 0.005556 0.011458
0 0.947222 0.707292 0.027778 0.016667
0 0.237037 0.330208 0.029630 0.017708
0 0.270370 0.325521 0.038889 0.019792
0 0.312963 0.714063 0.029630 0.017708
0 0.284259 0.311458 0.029630 0.016667
0 0.547222 0.404167 0.024074 0.012500
0 0.318519 0.577604 0.022222 0.013542
0 0.500926 0.497917 0.018519 0.011458
0 0.371296 0.519792 0.018519 0.012500
0 0.359259 0.575000 0.024074 0.010417
0 0.996296 0.419792 0.005556 0.014583
0 0.469444 0.320833 0.022222 0.011458
0 0.356481 0.582812 0.029630 0.013542
0 0.459259 0.311979 0.024074 0.014583
0 0.995370 0.691667 0.007407 0.022917
0 0.994444 0.587500 0.025926 0.012500
0 0.388889 0.517188 0.027778 0.016667
0 0.995370 0.539062 0.012963 0.012500
0 0.422222 0.490625 0.020370 0.012500
0 0.358333 0.583854 0.024074 0.014583
0 0.993519 0.689583 0.011111 0.015625
0 0.389815 0.517188 0.027778 0.015625
0 0.402778 0.512500 0.020370 0.013542
0 0.465741 0.505208 0.024074 0.014583
0 0.429630 0.294271 0.025926 0.014583
0 0.426852 0.504687 0.024074 0.014583
0 0.417593 0.318750 0.025926 0.016667
0 0.991667 0.597917 0.016667 0.033333
0 0.991667 0.616667 0.014815 0.026042
0 0.993519 0.786979 0.012963 0.020833
0 0.437963 0.323958 0.020370 0.013542
0 0.464815 0.494792 0.022222 0.010417
0 0.441667 0.333854 0.018519 0.012500
0 0.992593 0.761979 0.014815 0.034375
0 0.490741 0.483333 0.022222 0.012500
0 0.510185 0.319271 0.025926 0.013542
0 0.997222 0.298438 0.005556 0.016667
0 0.565741 0.496875 0.025926 0.014583
0 0.539815 0.318229 0.022222 0.015625
0 0.837963 0.683854 0.033333 0.020833
0 0.611111 0.408854 0.029630 0.018750
0 0.572222 0.424479 0.020370 0.010417
0 0.575000 0.440104 0.009259 0.005208
0 0.993519 0.646875 0.011111 0.018750
0 0.987963 0.536979 0.022222 0.013542
0 0.924074 0.706771 0.037037 0.021875
0 0.995370 0.329688 0.018519 0.010417
0 0.884259 0.731771 0.033333 0.018750
0 0.996296 0.553125 0.020370 0.011458
0 0.978704 0.699479 0.035185 0.017708
0 0.996296 0.763021 0.016667 0.027083
0 0.920370 0.731771 0.031481 0.017708
0 0.992593 0.711979 0.014815 0.019792
0 0.956481 0.366667 0.031481 0.017708
0 0.970370 0.308333 0.027778 0.013542
0 0.989815 0.700521 0.018519 0.023958
0 0.947222 0.385937 0.027778 0.015625
0 0.993519 0.731250 0.009259 0.020833
0 0.974074 0.402083 0.031481 0.016667
0 0.992593 0.676562 0.012963 0.018750
0 0.994444 0.611979 0.009259 0.019792
0 0.993519 0.583333 0.009259 0.026042
0 0.989815 0.794271 0.018519 0.030208
0 0.989815 0.251563 0.018519 0.010417
0 0.992593 0.278125 0.012963 0.016667
0 0.939815 0.513021 0.025926 0.013542
0 0.990741 0.746354 0.016667 0.022917
0 0.995370 0.715104 0.005556 0.015625
0 0.994444 0.548438 0.009259 0.021875
0 0.994444 0.714063 0.009259 0.014583
0 0.993519 0.777604 0.012963 0.016667
0 0.995370 0.612500 0.009259 0.016667
0 0.995370 0.705729 0.005556 0.011458
0 0.999074 0.436979 0.000000 0.000000
0 0.994444 0.713542 0.012963 0.018750
