0 0.380556 0.676042 0.025926 0.015625
0 0.989815 0.395833 0.020370 0.022917
0 0.751852 0.734375 0.029630 0.016667
0 0.993519 0.716667 0.012963 0.018750
0 1.000926 0.371354 0.033333 0.023958
0 0.799074 0.763021 0.027778 0.015625
0 0.936111 0.217188 0.040741 0.025000
0 0.995370 0.538021 0.007407 0.021875
0 0.990741 0.724479 0.016667 0.016667
0 0.671296 0.254167 0.031481 0.019792
0 0.329630 0.476562 0.024074 0.013542
0 0.999074 0.517188 0.024074 0.018750
0 0.469444 0.263542 0.031481 0.018750
0 0.566667 0.693750 0.037037 0.021875
0 0.679630 0.688021 0.029630 0.018750
0 1.004630 0.543750 0.025926 0.019792
0 0.678704 0.665104 0.035185 0.016667
0 0.765741 0.660417 0.035185 0.020833
0 1.002778 0.263021 0.029630 0.016667
0 0.996296 0.418229 0.005556 0.015625
0 0.959259 0.722917 0.042593 0.022917
0 0.993519 0.594792 0.012963 0.020833
0 0.717593 0.773438 0.031481 0.018750
0 0.797222 0.665104 0.038889 0.023958
0 0.995370 0.485938 0.005556 0.018750
0 0.774074 0.381250 0.042593 0.023958
0 0.994444 0.685417 0.011111 0.020833
0 0.682407 0.714063 0.031481 0.018750
0 1.004630 0.503125 0.055556 0.028125
0 0.985185 0.590104 0.025926 0.020833
0 0.683333 0.654167 0.037037 0.019792
0 0.992593 0.263542 0.012963 0.022917
0 0.995370 0.598958 0.007407 0.022917
0 0.987037 0.334896 0.029630 0.016667
0 0.746296 0.358854 0.042593 0.025000
0 0.576852 0.780729 0.037037 0.021875
0 0.650000 0.434375 0.037037 0.021875
0 0.990741 0.541146 0.016667 0.026042
0 0.294444 0.448437 0.027778 0.015625
0 0.865741 0.633854 0.035185 0.015625
0 1.002778 0.291146 0.022222 0.014583
0 0.318519 0.306771 0.018519 0.009375
0 0.668519 0.538542 0.027778 0.015625
0 0.992593 0.542188 0.033333 0.018750
0 0.990741 0.577083 0.014815 0.018750
0 0.647222 0.646875 0.024074 0.015625
0 1.011111 0.695833 0.035185 0.020833
0 0.426852 0.675000 0.022222 0.013542
0 0.939815 0.548438 0.040741 0.023958
0 0.770370 0.771354 0.025926 0.014583
0 0.993519 0.520312 0.011111 0.018750
0 0.996296 0.278646 0.024074 0.015625
0 1.006481 0.573958 0.027778 0.017708
0 0.408333 0.680729 0.029630 0.015625
0 0.988889 0.454167 0.027778 0.017708
0 0.184259 0.663542 0.037037 0.020833
0 0.187037 0.648438 0.024074 0.012500
0 0.402778 0.554688 0.022222 0.012500
0 0.798148 0.665625 0.040741 0.023958
0 0.139815 0.696875 0.033333 0.018750
0 0.672222 0.285938 0.025926 0.013542
0 0.132407 0.672396 0.035185 0.019792
0 0.020370 0.385417 0.016667 0.012500
0 0.317593 0.640625 0.029630 0.016667
0 0.901852 0.576042 0.048148 0.026042
0 0.986111 0.269792 0.031481 0.015625
0 0.991667 0.585938 0.012963 0.019792
0 0.687963 0.519792 0.038889 0.021875
0 0.597222 0.682292 0.040741 0.022917
0 0.993519 0.550000 0.012963 0.018750
0 0.986111 0.486979 0.027778 0.025000
0 0.281481 0.348958 0.031481 0.016667
0 0.987963 0.483854 0.022222 0.012500
0 0.566667 0.694792 0.035185 0.019792
0 0.297222 0.363542 0.027778 0.015625
0 0.000000 0.000000 0.000000 0.000000
0 0.531481 0.650521 0.042593 0.021875
0 0.372222 0.257812 0.018519 0.020833
0 0.271296 0.327604 0.033333 0.016667
0 0.475000 0.685937 0.027778 0.014583
0 0.859259 0.659375 0.035185 0.018750
0 0.665741 0.548958 0.022222 0.012500
0 0.197222 0.670833 0.031481 0.017708
0 0.177778 0.695312 0.031481 0.017708
0 0.766667 0.660417 0.031481 0.019792
