0 0.909259 0.731771 0.033333 0.018750
0 0.994444 0.593750 0.025926 0.012500
0 0.416667 0.511979 0.029630 0.017708
0 0.994444 0.532292 0.009259 0.011458
0 0.448148 0.485938 0.020370 0.012500
0 0.382407 0.577604 0.025926 0.014583
0 0.993519 0.690625 0.011111 0.015625
0 0.416667 0.511458 0.025926 0.015625
0 0.428704 0.507292 0.020370 0.013542
0 0.462037 0.289062 0.025926 0.014583
0 0.451852 0.500000 0.024074 0.014583
0 0.444444 0.314583 0.022222 0.013542
0 0.995370 0.689583 0.005556 0.017708
0 0.490741 0.501042 0.024074 0.014583
0 0.465741 0.319271 0.020370 0.012500
0 0.487963 0.490625 0.022222 0.010417
0 0.470370 0.329167 0.022222 0.012500
0 0.992593 0.760417 0.014815 0.035417
0 0.516667 0.479167 0.024074 0.012500
0 0.529630 0.316146 0.020370 0.014583
0 0.996296 0.289062 0.005556 0.017708
0 0.594444 0.493229 0.027778 0.015625
0 0.571296 0.314063 0.024074 0.014583
0 0.863889 0.683333 0.033333 0.019792
0 0.644444 0.405729 0.029630 0.017708
0 0.600926 0.420312 0.020370 0.010417
0 0.600000 0.437500 0.009259 0.005208
0 1.006481 0.531771 0.012963 0.010417
0 0.950000 0.706250 0.038889 0.020833
0 0.996296 0.548958 0.020370 0.011458
0 1.005556 0.699479 0.029630 0.017708
0 0.944444 0.731250 0.029630 0.018750
0 0.992593 0.709896 0.014815 0.019792
0 0.987963 0.366667 0.022222 0.016667
0 0.999074 0.308854 0.012963 0.015625
0 0.995370 0.700000 0.012963 0.017708
0 0.981481 0.385417 0.029630 0.014583
0 0.993519 0.738021 0.009259 0.020833
0 0.995370 0.402604 0.009259 0.016667
0 0.993519 0.668750 0.011111 0.015625
0 0.994444 0.590625 0.011111 0.026042
0 0.988889 0.804688 0.018519 0.031250
0 0.989815 0.253125 0.018519 0.010417
0 0.992593 0.276562 0.011111 0.016667
0 0.966667 0.513542 0.025926 0.013542
0 0.990741 0.748437 0.016667 0.022917
0 0.996296 0.713021 0.005556 0.014583
0 0.995370 0.550521 0.009259 0.021875
0 0.993519 0.711458 0.009259 0.014583
0 0.993519 0.777083 0.012963 0.016667
0 0.995370 0.706250 0.005556 0.011458
0 0.999074 0.436458 0.000000 0.000000
0 0.992593 0.610938 0.014815 0.027083
0 0.993519 0.789583 0.012963 0.020833
0 0.994444 0.610938 0.009259 0.020833
0 0.992593 0.642708 0.011111 0.020833
0 0.992593 0.708854 0.012963 0.019792
0 0.990741 0.606250 0.016667 0.033333
0 0.951852 0.484896 0.027778 0.015625
0 0.996296 0.545833 0.007407 0.012500
0 0.990741 0.325000 0.016667 0.015625
0 0.194444 0.354167 0.025926 0.016667
0 0.212963 0.706250 0.033333 0.014583
0 0.233333 0.550521 0.029630 0.017708
0 0.975926 0.707292 0.027778 0.017708
0 0.273148 0.322396 0.029630 0.017708
0 0.307407 0.318229 0.038889 0.019792
0 0.340741 0.707292 0.027778 0.016667
0 0.319444 0.304167 0.029630 0.015625
0 0.575000 0.400521 0.022222 0.013542
0 0.340741 0.570833 0.024074 0.012500
0 0.526852 0.494271 0.018519 0.011458
0 0.397222 0.514062 0.018519 0.012500
0 0.384259 0.569271 0.024074 0.010417
0 0.996296 0.423438 0.003704 0.014583
0 0.498148 0.315625 0.022222 0.012500
0 0.381481 0.577083 0.029630 0.013542
0 0.488889 0.307812 0.024074 0.014583
0 0.995370 0.703125 0.007407 0.022917
0 0.038889 0.509896 0.031481 0.014583
0 0.541667 0.314583 0.024074 0.014583
0 0.040741 0.470313 0.025926 0.009375
0 0.902778 0.652604 0.027778 0.015625
0 0.259259 0.317708 0.020370 0.015625
0 0.364815 0.578125 0.020370 0.013542
0 0.498148 0.197917 0.011111 0.006250
0 0.528704 0.316667 0.018519 0.013542
