0 0.994444 0.619271 0.009259 0.020833
0 0.993519 0.646354 0.009259 0.017708
0 0.993519 0.708333 0.012963 0.018750
0 0.990741 0.578125 0.016667 0.033333
0 0.891667 0.481250 0.027778 0.015625
0 0.989815 0.786458 0.018519 0.030208
0 0.989815 0.250000 0.018519 0.010417
0 0.992593 0.280208 0.011111 0.016667
0 0.910185 0.508854 0.025926 0.014583
0 0.989815 0.738542 0.016667 0.023958
0 0.996296 0.716146 0.007407 0.015625
0 0.994444 0.708333 0.009259 0.014583
0 0.994444 0.534896 0.009259 0.022917
0 0.993519 0.779167 0.012963 0.016667
0 0.994444 0.616146 0.009259 0.016667
0 0.995370 0.704688 0.005556 0.011458
0 0.999074 0.438542 0.000000 0.001042
0 0.992593 0.616146 0.014815 0.026042
0 0.993519 0.784896 0.012963 0.019792
0 0.996296 0.416667 0.003704 0.014583
0 0.186111 0.328125 0.020370 0.014583
0 0.313889 0.586979 0.018519 0.011458
0 0.441667 0.202604 0.011111 0.006250
0 0.465741 0.321875 0.020370 0.013542
0 0.982407 0.323437 0.031481 0.016667
0 0.123148 0.366146 0.031481 0.016667
0 0.212037 0.719271 0.022222 0.013542
0 0.175926 0.562500 0.027778 0.016667
0 0.990741 0.545833 0.018519 0.012500
0 0.916667 0.703125 0.027778 0.016667
0 0.199074 0.333333 0.031481 0.017708
0 0.232407 0.328646 0.040741 0.019792
0 0.286111 0.718229 0.027778 0.017708
0 0.244444 0.314063 0.031481 0.016667
0 0.517593 0.404167 0.024074 0.012500
0 0.294444 0.580729 0.020370 0.012500
0 0.475000 0.498437 0.020370 0.011458
0 0.342593 0.522396 0.018519 0.012500
0 0.335185 0.577604 0.025926 0.011458
0 0.995370 0.329688 0.018519 0.010417
0 0.857407 0.728125 0.033333 0.018750
0 0.995370 0.555729 0.020370 0.011458
0 0.948148 0.694271 0.033333 0.017708
0 0.997222 0.755208 0.016667 0.027083
0 0.892593 0.727604 0.029630 0.018750
0 0.992593 0.712500 0.012963 0.019792
0 0.917593 0.362500 0.031481 0.016667
0 0.935185 0.304688 0.025926 0.012500
0 0.989815 0.699479 0.018519 0.023958
0 0.910185 0.381771 0.027778 0.014583
0 0.993519 0.726562 0.011111 0.020833
0 0.937037 0.397917 0.029630 0.015625
0 0.974074 0.671875 0.031481 0.017708
0 0.994444 0.581771 0.011111 0.025000
0 0.438889 0.321875 0.022222 0.012500
0 0.331481 0.585417 0.029630 0.013542
0 0.426852 0.314063 0.025926 0.015625
0 0.995370 0.688021 0.007407 0.022917
0 0.994444 0.576562 0.024074 0.012500
0 0.362037 0.519792 0.029630 0.016667
0 0.972222 0.534896 0.018519 0.012500
0 0.395370 0.493229 0.022222 0.013542
0 0.332407 0.586458 0.025926 0.014583
0 0.993519 0.685937 0.011111 0.015625
0 0.361111 0.519271 0.029630 0.016667
0 0.374074 0.514583 0.020370 0.012500
0 0.394444 0.295833 0.024074 0.014583
0 0.400000 0.506250 0.024074 0.015625
0 0.387037 0.321875 0.024074 0.014583
0 0.996296 0.685937 0.005556 0.017708
0 0.438889 0.506250 0.024074 0.013542
0 0.405556 0.326042 0.020370 0.013542
0 0.437037 0.496354 0.022222 0.010417
0 0.412037 0.334896 0.022222 0.013542
0 0.992593 0.766667 0.014815 0.033333
0 0.463889 0.483854 0.022222 0.011458
0 0.476852 0.320312 0.024074 0.013542
0 0.971296 0.294792 0.031481 0.016667
0 0.537037 0.496875 0.025926 0.015625
0 0.506481 0.318750 0.024074 0.014583
0 0.811111 0.680729 0.033333 0.020833
0 0.577778 0.408333 0.029630 0.017708
0 0.544444 0.423958 0.020370 0.010417
0 0.542593 0.440104 0.009259 0.006250
0 0.960185 0.532292 0.024074 0.012500
0 0.583333 0.401042 0.014815 0.008333
0 0.893519 0.703125 0.037037 0.019792
