0 0.963889 0.267708 0.035185 0.018750
0 0.209259 0.480729 0.022222 0.013542
0 0.043519 0.505208 0.020370 0.012500
0 0.034259 0.561979 0.024074 0.010417
0 0.826852 0.381771 0.029630 0.016667
0 0.174074 0.298958 0.020370 0.012500
0 0.034259 0.569792 0.025926 0.015625
0 0.157407 0.289062 0.024074 0.012500
0 0.919444 0.619792 0.031481 0.019792
0 0.872222 0.535417 0.024074 0.011458
0 0.058333 0.502083 0.031481 0.015625
0 0.705556 0.518229 0.022222 0.011458
0 0.107407 0.474479 0.022222 0.011458
0 0.051852 0.570312 0.024074 0.014583
0 0.939815 0.690625 0.022222 0.013542
0 0.072222 0.505208 0.025926 0.014583
0 0.087963 0.496875 0.024074 0.014583
0 0.104630 0.270313 0.027778 0.014583
0 0.118519 0.489063 0.025926 0.015625
0 0.117593 0.297917 0.024074 0.014583
0 0.834259 0.639583 0.037037 0.020833
0 0.157407 0.489063 0.025926 0.013542
0 0.140741 0.302083 0.024074 0.013542
0 0.175926 0.480208 0.025926 0.012500
0 0.150000 0.311979 0.022222 0.013542
0 0.948148 0.793229 0.046296 0.025000
0 0.187037 0.466146 0.025926 0.012500
0 0.189815 0.297917 0.025926 0.014583
0 0.674074 0.276562 0.027778 0.014583
0 0.230556 0.479687 0.027778 0.015625
0 0.225000 0.296354 0.025926 0.014583
0 0.471296 0.665625 0.031481 0.018750
0 0.259259 0.389062 0.031481 0.018750
0 0.285185 0.406250 0.022222 0.010417
0 0.243519 0.421354 0.018519 0.010417
0 0.687037 0.515104 0.020370 0.013542
0 0.266667 0.382292 0.018519 0.011458
0 0.523148 0.685417 0.033333 0.020833
0 0.948148 0.292708 0.022222 0.012500
0 0.507407 0.710938 0.031481 0.018750
0 0.992593 0.690625 0.014815 0.028125
0 0.725926 0.568229 0.027778 0.013542
0 0.577778 0.662500 0.020370 0.010417
0 0.575926 0.677083 0.035185 0.017708
0 0.997222 0.671875 0.014815 0.023958
0 0.543519 0.709375 0.029630 0.017708
0 0.572222 0.685417 0.022222 0.011458
0 1.055556 0.608333 0.164815 0.092708
0 0.801852 0.699479 0.029630 0.014583
0 0.600926 0.344271 0.029630 0.016667
0 0.646296 0.286458 0.025926 0.015625
0 0.955556 0.661979 0.048148 0.021875
0 0.600000 0.363542 0.027778 0.013542
0 0.990741 0.704688 0.038889 0.022917
0 0.623148 0.380208 0.029630 0.015625
0 0.650926 0.654687 0.029630 0.017708
0 0.994444 0.634896 0.009259 0.023958
0 0.993519 0.549479 0.011111 0.018750
0 0.995370 0.694792 0.012963 0.022917
0 0.993519 0.534896 0.011111 0.021875
0 0.990741 0.754687 0.018519 0.017708
0 0.994444 0.665104 0.007407 0.012500
0 0.990741 0.767708 0.014815 0.008333
0 0.973148 0.231250 0.018519 0.011458
0 0.991667 0.736458 0.014815 0.014583
0 0.622222 0.492188 0.024074 0.013542
0 0.997222 0.523958 0.022222 0.017708
0 0.985185 0.705729 0.027778 0.022917
0 0.991667 0.709896 0.012963 0.017708
0 0.994444 0.450521 0.009259 0.021875
0 0.719444 0.690104 0.029630 0.016667
0 0.921296 0.782292 0.033333 0.019792
0 0.994444 0.377083 0.009259 0.023958
0 0.994444 0.261458 0.009259 0.014583
0 0.992593 0.660417 0.011111 0.019792
0 0.994444 0.718229 0.009259 0.018750
0 0.993519 0.414062 0.012963 0.022917
0 0.995370 0.631250 0.009259 0.019792
0 0.992593 0.772917 0.011111 0.018750
0 0.992593 0.750521 0.012963 0.026042
0 0.991667 0.662500 0.014815 0.025000
0 0.995370 0.653646 0.005556 0.011458
0 0.750926 0.694271 0.035185 0.017708
0 0.996296 0.813542 0.027778 0.016667
0 0.992593 0.546875 0.012963 0.025000
0 0.998148 0.677083 0.033333 0.014583
0 1.000926 0.666667 0.022222 0.015625
0 0.992593 0.647917 0.031481 0.014583
0 0.597222 0.464583 0.027778 0.016667
