0 0.466667 0.727083 0.035185 0.018750
0 0.836111 0.697396 0.042593 0.025000
0 0.250926 0.292187 0.027778 0.014583
0 0.926852 0.582812 0.035185 0.019792
0 0.470370 0.367188 0.040741 0.022917
0 0.502778 0.391146 0.044444 0.021875
0 0.873148 0.509896 0.037037 0.020833
0 0.567593 0.678125 0.035185 0.019792
0 0.945370 0.346875 0.029630 0.017708
0 0.792593 0.270833 0.040741 0.026042
0 0.445370 0.666146 0.037037 0.020833
0 0.971296 0.579688 0.035185 0.019792
0 0.996296 0.516667 0.007407 0.020833
0 0.802778 0.708854 0.025926 0.014583
0 0.103704 0.459896 0.027778 0.015625
0 0.754630 0.558854 0.025926 0.016667
0 0.762963 0.535937 0.027778 0.016667
0 0.954630 0.542708 0.038889 0.020833
0 0.622222 0.643229 0.033333 0.017708
0 0.789815 0.291667 0.024074 0.016667
0 0.164815 0.303125 0.020370 0.010417
0 0.568519 0.458854 0.038889 0.023958
0 0.228704 0.691667 0.020370 0.012500
0 0.450926 0.548958 0.027778 0.016667
0 0.940741 0.563542 0.029630 0.017708
0 0.869444 0.644271 0.025926 0.014583
0 0.937963 0.366667 0.027778 0.013542
0 0.957407 0.576562 0.029630 0.016667
0 0.403704 0.659896 0.027778 0.016667
0 0.799074 0.726562 0.033333 0.020833
0 0.539815 0.746875 0.029630 0.017708
0 0.982407 0.385417 0.035185 0.022917
0 0.724074 0.494792 0.042593 0.026042
0 0.982407 0.534375 0.033333 0.018750
0 0.359259 0.696875 0.040741 0.023958
0 0.453704 0.529687 0.038889 0.021875
0 0.796296 0.280208 0.031481 0.015625
0 0.660185 0.585417 0.048148 0.028125
0 0.288889 0.700000 0.029630 0.015625
0 0.062963 0.336458 0.037037 0.017708
0 0.079630 0.264583 0.016667 0.018750
0 0.287963 0.665625 0.035185 0.019792
0 -0.075926 0.337500 0.000000 0.000000
0 0.972222 0.580208 0.033333 0.018750
0 0.073148 0.357292 0.033333 0.015625
0 0.829630 0.504687 0.035185 0.020833
0 0.562963 0.781771 0.027778 0.014583
0 0.683333 0.556771 0.040741 0.022917
0 0.934259 0.526042 0.038889 0.021875
0 0.808333 0.288021 0.033333 0.017708
0 0.789815 0.580208 0.024074 0.015625
0 0.211111 0.695833 0.031481 0.016667
0 0.773148 0.556771 0.029630 0.018750
0 0.444444 0.678125 0.035185 0.015625
0 0.548148 0.672396 0.042593 0.019792
0 0.800000 0.258333 0.029630 0.016667
0 0.952778 0.439583 0.044444 0.025000
0 0.720370 0.732292 0.042593 0.020833
0 0.987963 0.566146 0.024074 0.019792
0 0.508333 0.785937 0.029630 0.018750
0 0.369444 0.795312 0.044444 0.022917
0 0.183333 0.691667 0.027778 0.015625
0 0.872222 0.495312 0.020370 0.010417
0 0.406481 0.443750 0.037037 0.020833
0 0.459259 0.700000 0.031481 0.017708
0 0.324074 0.709896 0.035185 0.021875
0 0.322222 0.709896 0.037037 0.022917
0 0.093519 0.373437 0.031481 0.015625
0 0.120370 0.655208 0.031481 0.017708
0 0.485185 0.562500 0.022222 0.013542
0 0.187963 0.270313 0.027778 0.017708
0 0.633333 0.669271 0.031481 0.019792
0 0.817593 0.280208 0.018519 0.014583
0 0.787037 0.524479 0.031481 0.018750
0 0.148148 0.487500 0.025926 0.014583
0 0.481481 0.261979 0.029630 0.019792
0 0.767593 0.730208 0.035185 0.020833
0 0.848148 0.550000 0.046296 0.023958
0 0.675926 0.225000 0.042593 0.026042
0 0.592593 0.773438 0.024074 0.015625
0 1.003704 0.388542 0.029630 0.019792
