0 0.253704 0.420833 0.018519 0.010417
0 0.697222 0.515625 0.022222 0.013542
0 0.277778 0.382292 0.018519 0.011458
0 0.533333 0.685417 0.035185 0.020833
0 0.962037 0.293750 0.022222 0.011458
0 0.517593 0.711458 0.029630 0.018750
0 0.735185 0.568750 0.025926 0.013542
0 0.587963 0.662500 0.020370 0.010417
0 0.586111 0.677604 0.035185 0.017708
0 0.992593 0.688542 0.014815 0.028125
0 0.218519 0.480729 0.022222 0.011458
0 0.055556 0.505208 0.022222 0.012500
0 0.043519 0.560417 0.024074 0.010417
0 0.838889 0.382812 0.029630 0.015625
0 0.185185 0.298958 0.020370 0.012500
0 0.045370 0.568750 0.027778 0.015625
0 0.169444 0.288542 0.025926 0.012500
0 0.932407 0.621354 0.033333 0.019792
0 0.884259 0.535417 0.024074 0.011458
0 0.068519 0.501042 0.029630 0.016667
0 0.714815 0.518750 0.022222 0.011458
0 0.118519 0.473958 0.022222 0.011458
0 0.061111 0.569271 0.022222 0.014583
0 0.951852 0.691667 0.024074 0.013542
0 0.083333 0.504167 0.024074 0.013542
0 0.098148 0.496354 0.022222 0.014583
0 0.116667 0.270833 0.027778 0.015625
0 0.128704 0.488542 0.025926 0.015625
0 0.128704 0.297917 0.024074 0.014583
0 0.845370 0.640104 0.037037 0.019792
0 0.167593 0.488542 0.024074 0.013542
0 0.151852 0.302083 0.024074 0.014583
0 0.185185 0.479687 0.025926 0.012500
0 0.162037 0.311979 0.024074 0.013542
0 0.959259 0.794792 0.044444 0.025000
0 0.196296 0.465625 0.025926 0.012500
0 0.201852 0.297917 0.025926 0.014583
0 0.686111 0.277604 0.027778 0.014583
0 0.241667 0.478646 0.029630 0.015625
0 0.236111 0.296354 0.025926 0.014583
0 0.480556 0.665625 0.031481 0.018750
0 0.271296 0.389062 0.031481 0.018750
0 0.295370 0.405729 0.022222 0.011458
0 0.606481 0.465104 0.027778 0.016667
0 0.996296 0.646875 0.031481 0.014583
0 1.000000 0.671354 0.022222 0.015625
0 1.065741 0.603125 0.196296 0.110417
0 0.812037 0.701042 0.029630 0.014583
0 0.612963 0.344792 0.031481 0.016667
0 0.658333 0.286979 0.027778 0.015625
0 0.967593 0.663542 0.046296 0.021875
0 0.611111 0.364063 0.027778 0.014583
0 0.994444 0.706771 0.022222 0.021875
0 0.633333 0.380729 0.027778 0.015625
0 0.660185 0.654687 0.031481 0.017708
0 0.995370 0.634896 0.009259 0.023958
0 0.993519 0.551042 0.011111 0.017708
0 0.994444 0.703125 0.014815 0.022917
0 0.993519 0.532292 0.011111 0.021875
0 0.990741 0.754167 0.018519 0.017708
0 0.994444 0.666146 0.007407 0.012500
0 0.990741 0.767708 0.014815 0.008333
0 0.987037 0.232292 0.020370 0.011458
0 0.991667 0.735938 0.014815 0.014583
0 0.976852 0.268750 0.035185 0.017708
0 0.632407 0.492188 0.024074 0.013542
0 0.997222 0.523438 0.022222 0.017708
0 0.991667 0.705729 0.016667 0.021875
0 0.997222 0.678125 0.014815 0.023958
0 0.552778 0.709896 0.029630 0.017708
0 0.582407 0.685937 0.022222 0.012500
0 0.991667 0.709896 0.012963 0.018750
0 0.999074 0.676562 0.033333 0.014583
0 0.993519 0.549479 0.012963 0.026042
0 0.761111 0.694792 0.031481 0.017708
0 0.993519 0.649479 0.005556 0.010417
0 0.991667 0.661979 0.016667 0.025000
0 0.992593 0.750521 0.012963 0.026042
0 0.992593 0.775521 0.011111 0.018750
0 0.995370 0.628646 0.009259 0.019792
0 0.992593 0.415625 0.011111 0.022917
0 0.993519 0.717708 0.009259 0.018750
0 0.993519 0.657813 0.011111 0.019792
0 0.994444 0.260417 0.009259 0.014583
0 0.994444 0.382292 0.009259 0.022917
0 0.932407 0.783333 0.031481 0.020833
0 0.727778 0.690625 0.027778 0.016667
0 0.994444 0.449479 0.009259 0.021875
