0 0.278704 0.312500 0.031481 0.016667
0 0.542593 0.404687 0.022222 0.012500
0 0.314815 0.578125 0.022222 0.012500
0 0.497222 0.498958 0.018519 0.011458
0 0.366667 0.520312 0.018519 0.012500
0 0.356481 0.575521 0.025926 0.010417
0 0.996296 0.420833 0.003704 0.014583
0 0.996296 0.553646 0.020370 0.011458
0 0.465741 0.321354 0.022222 0.012500
0 0.352778 0.583854 0.029630 0.013542
0 0.454630 0.313021 0.024074 0.014583
0 0.995370 0.692187 0.007407 0.022917
0 0.995370 0.586458 0.025926 0.011458
0 0.385185 0.517708 0.029630 0.016667
0 0.992593 0.539062 0.012963 0.012500
0 0.417593 0.491146 0.020370 0.012500
0 0.354630 0.584375 0.024074 0.014583
0 0.993519 0.689063 0.011111 0.015625
0 0.387037 0.517708 0.025926 0.015625
0 0.398148 0.513021 0.020370 0.013542
0 0.424074 0.294792 0.024074 0.014583
0 0.423148 0.505208 0.024074 0.015625
0 0.412037 0.320312 0.024074 0.016667
0 0.995370 0.690625 0.005556 0.018750
0 0.462037 0.505729 0.024074 0.013542
0 0.433333 0.324479 0.020370 0.014583
0 0.880556 0.731771 0.031481 0.018750
0 0.461111 0.495312 0.024074 0.010417
0 0.437963 0.334375 0.020370 0.013542
0 0.992593 0.760938 0.014815 0.034375
0 0.487037 0.483854 0.022222 0.012500
0 0.505556 0.319792 0.024074 0.014583
0 0.993519 0.297917 0.011111 0.018750
0 0.562037 0.496875 0.027778 0.015625
0 0.535185 0.318750 0.024074 0.015625
0 0.834259 0.683854 0.033333 0.019792
0 0.606481 0.409375 0.029630 0.018750
0 0.567593 0.424479 0.020370 0.010417
0 0.569444 0.440625 0.009259 0.006250
0 0.983333 0.536458 0.024074 0.012500
0 0.995370 0.329688 0.018519 0.010417
0 0.920370 0.706250 0.037037 0.021875
0 0.012963 0.480729 0.025926 0.009375
0 0.872222 0.652604 0.025926 0.015625
0 0.218519 0.326042 0.018519 0.015625
0 0.336111 0.584896 0.018519 0.011458
0 0.472222 0.202083 0.011111 0.006250
0 0.493519 0.321354 0.020370 0.014583
0 0.989815 0.324479 0.018519 0.016667
0 0.155556 0.362500 0.027778 0.016667
0 0.238889 0.715625 0.024074 0.013542
0 0.201852 0.558854 0.027778 0.016667
0 0.995370 0.547396 0.005556 0.011458
0 0.942593 0.706771 0.027778 0.016667
0 0.232407 0.330729 0.031481 0.016667
0 0.264815 0.326562 0.040741 0.019792
0 0.309259 0.714583 0.029630 0.016667
0 0.993519 0.786458 0.012963 0.020833
0 0.975000 0.698958 0.035185 0.017708
0 0.997222 0.761979 0.016667 0.027083
0 0.916667 0.731250 0.031481 0.016667
0 0.992593 0.713021 0.014815 0.019792
0 0.950000 0.366146 0.029630 0.017708
0 0.964815 0.307812 0.027778 0.013542
0 0.989815 0.700521 0.018519 0.023958
0 0.941667 0.385417 0.027778 0.015625
0 0.993519 0.730208 0.009259 0.020833
0 0.967593 0.402083 0.031481 0.016667
0 0.990741 0.676042 0.018519 0.017708
0 0.994444 0.581771 0.011111 0.026042
0 0.990741 0.792188 0.018519 0.029167
0 0.989815 0.251563 0.018519 0.010417
0 0.992593 0.277604 0.011111 0.016667
0 0.935185 0.512500 0.025926 0.013542
0 0.990741 0.746354 0.016667 0.023958
0 0.994444 0.715625 0.005556 0.015625
0 0.994444 0.548438 0.009259 0.022917
0 0.994444 0.715104 0.009259 0.014583
0 0.993519 0.778125 0.012963 0.016667
0 0.994444 0.613021 0.009259 0.016667
0 0.995370 0.705729 0.005556 0.011458
0 0.999074 0.436979 0.000000 0.000000
0 0.992593 0.617188 0.014815 0.026042
0 0.994444 0.613542 0.009259 0.020833
0 0.993519 0.646875 0.009259 0.018750
0 0.992593 0.713021 0.012963 0.018750
0 0.991667 0.595313 0.016667 0.033333
0 0.918519 0.484896 0.027778 0.015625
