0 0.806481 0.573438 0.035185 0.019792
0 0.823148 0.509375 0.031481 0.019792
0 0.286111 0.708854 0.031481 0.018750
0 0.642593 0.687500 0.044444 0.023958
0 0.279630 0.372917 0.042593 0.021875
0 0.666667 0.498958 0.037037 0.021875
0 0.366667 0.661458 0.035185 0.020833
0 0.329630 0.768229 0.031481 0.017708
0 0.829630 0.559896 0.033333 0.019792
0 0.508333 0.718750 0.040741 0.020833
0 0.737037 0.428646 0.044444 0.026042
0 0.611111 0.243229 0.033333 0.019792
0 0.342593 0.657292 0.035185 0.018750
0 0.244444 0.658854 0.035185 0.013542
0 0.625000 0.547917 0.029630 0.017708
0 0.070370 0.673438 0.031481 0.016667
0 0.627778 0.571354 0.027778 0.016667
0 0.696296 0.276562 0.031481 0.017708
0 0.742593 0.516667 0.037037 0.021875
0 0.391667 0.765625 0.029630 0.016667
0 0.464815 0.541667 0.042593 0.021875
0 0.826852 0.539062 0.031481 0.018750
0 0.206481 0.359896 0.025926 0.012500
0 0.085185 0.644271 0.040741 0.017708
0 0.279630 0.669271 0.031481 0.016667
0 0.646296 0.700521 0.029630 0.015625
0 0.200000 0.637500 0.031481 0.018750
0 0.796296 0.569271 0.025926 0.012500
0 0.695370 0.633854 0.025926 0.014583
0 0.786111 0.557292 0.027778 0.015625
0 0.441667 0.208333 0.024074 0.013542
0 0.237037 0.360938 0.025926 0.010417
0 0.300926 0.539583 0.022222 0.013542
0 0.387037 0.443229 0.031481 0.018750
0 0.802778 0.379167 0.033333 0.018750
0 0.800000 0.525521 0.035185 0.018750
0 0.494444 0.479687 0.044444 0.026042
0 0.762037 0.373958 0.044444 0.022917
0 0.362037 0.730208 0.029630 0.016667
0 0.599074 0.715625 0.037037 0.020833
0 0.419444 0.758333 0.025926 0.016667
0 0.485185 0.209375 0.038889 0.023958
0 0.651852 0.538542 0.046296 0.023958
0 0.563889 0.718750 0.033333 0.019792
0 0.379630 0.248958 0.031481 0.019792
0 0.046296 0.469792 0.027778 0.014583
0 0.588889 0.276562 0.022222 0.013542
0 0.636111 0.516667 0.035185 0.016667
0 0.707407 0.269271 0.022222 0.013542
0 0.061111 0.252083 0.025926 0.015625
0 0.123148 0.686979 0.033333 0.019792
0 0.274074 0.681250 0.029630 0.016667
0 0.213889 0.426042 0.038889 0.020833
0 0.678704 0.482812 0.029630 0.016667
0 0.044444 0.668750 0.025926 0.013542
0 0.200000 0.773438 0.044444 0.025000
0 0.242593 0.349479 0.040741 0.023958
0 0.091667 0.282292 0.033333 0.017708
0 0.820370 0.334896 0.025926 0.014583
0 0.764815 0.575521 0.033333 0.019792
0 0.603704 0.256250 0.040741 0.027083
0 0.240741 0.647396 0.037037 0.018750
0 0.459259 0.570833 0.048148 0.027083
0 0.634259 0.266146 0.033333 0.020833
0 0.265741 0.513021 0.042593 0.022917
0 0.150000 0.674479 0.044444 0.025000
0 0.067593 0.263542 0.025926 0.013542
0 0.685185 0.284375 0.024074 0.014583
0 0.411111 0.627604 0.031481 0.017708
0 0.614815 0.526042 0.031481 0.018750
0 0.587963 0.547396 0.027778 0.017708
0 0.004630 0.442708 0.009259 0.012500
0 0.784259 0.346875 0.027778 0.014583
0 0.763889 0.533854 0.035185 0.020833
