0 0.059259 0.551042 0.027778 0.012500
0 0.018519 0.434896 0.037037 0.028125
0 0.056481 0.581250 0.012963 0.017708
0 0.069444 0.694792 0.031481 0.017708
0 0.057407 0.453125 0.050000 0.027083
0 0.073148 0.673958 0.037037 0.020833
0 0.097222 0.710417 0.035185 0.021875
0 0.118519 0.633854 0.033333 0.017708
0 0.096296 0.720833 0.029630 0.015625
0 0.442593 0.340104 0.024074 0.014583
0 0.131481 0.283854 0.033333 0.018750
0 0.135185 0.727604 0.033333 0.019792
0 0.237037 0.590104 0.018519 0.009375
0 0.531481 0.305208 0.025926 0.018750
0 0.996296 0.678646 0.007407 0.017708
0 0.687037 0.493229 0.025926 0.014583
0 0.642593 0.307292 0.020370 0.013542
0 0.676852 0.482292 0.022222 0.013542
0 0.642593 0.318229 0.022222 0.013542
0 0.712037 0.470833 0.022222 0.011458
0 0.725926 0.303125 0.022222 0.015625
0 0.997222 0.267708 0.005556 0.016667
0 0.823148 0.484896 0.029630 0.014583
0 0.771296 0.301563 0.025926 0.016667
0 0.990741 0.677604 0.018519 0.021875
0 0.887963 0.394792 0.031481 0.019792
0 0.828704 0.421354 0.020370 0.010417
0 0.997222 0.504167 0.003704 0.017708
0 0.991667 0.672917 0.014815 0.016667
0 0.997222 0.694271 0.003704 0.016667
0 0.989815 0.667188 0.018519 0.011458
0 0.996296 0.735417 0.007407 0.016667
0 0.993519 0.675000 0.011111 0.017708
0 0.994444 0.347396 0.007407 0.014583
0 0.992593 0.346875 0.011111 0.013542
0 0.994444 0.660937 0.009259 0.012500
0 1.002778 0.384896 0.009259 0.013542
0 0.995370 0.390104 0.007407 0.012500
0 0.994444 0.679167 0.009259 0.016667
0 0.996296 0.462500 0.007407 0.020833
0 0.996296 0.695312 0.005556 0.013542
0 0.995370 0.702083 0.009259 0.013542
0 0.992593 0.703125 0.012963 0.016667
0 0.996296 0.482292 0.003704 0.009375
0 1.000926 0.659375 0.018519 0.016667
0 0.512037 0.307812 0.031481 0.018750
0 0.556481 0.302604 0.031481 0.019792
0 0.646296 0.492708 0.024074 0.013542
0 0.619444 0.705208 0.029630 0.017708
0 0.558333 0.288542 0.024074 0.015625
0 0.764815 0.389062 0.018519 0.011458
0 0.512037 0.566146 0.024074 0.012500
0 0.703704 0.486458 0.024074 0.014583
0 0.601852 0.507812 0.027778 0.014583
0 0.675926 0.303646 0.022222 0.013542
0 0.588889 0.572396 0.025926 0.014583
0 0.668519 0.295312 0.025926 0.014583
0 0.629630 0.504167 0.027778 0.016667
0 0.622222 0.302604 0.022222 0.016667
0 0.994444 0.525000 0.009259 0.011458
0 0.649074 0.478646 0.022222 0.012500
0 0.590741 0.572396 0.025926 0.014583
0 0.630556 0.504687 0.027778 0.016667
0 0.662963 0.274479 0.027778 0.014583
0 0.639815 0.501042 0.016667 0.010417
0 0.182407 0.691146 0.033333 0.016667
0 0.990741 0.460417 0.016667 0.011458
0 0.274074 0.502083 0.031481 0.017708
0 0.745370 0.302083 0.024074 0.015625
0 0.277778 0.478125 0.029630 0.016667
0 0.996296 0.643229 0.024074 0.017708
0 0.494444 0.303646 0.027778 0.018750
0 0.531481 0.573438 0.024074 0.012500
0 0.710185 0.180208 0.011111 0.007292
0 0.725926 0.302604 0.024074 0.015625
0 0.994444 0.316146 0.011111 0.009375
0 0.536111 0.346875 0.029630 0.016667
0 0.415741 0.706250 0.025926 0.016667
0 0.481481 0.544792 0.027778 0.017708
0 0.995370 0.565625 0.005556 0.013542
0 0.010185 0.453125 0.020370 0.022917
