0 0.885185 0.408854 0.027778 0.019792
0 0.031481 0.362500 0.025926 0.014583
0 0.882407 0.600000 0.033333 0.018750
0 0.017593 0.342187 0.033333 0.017708
0 0.723148 0.519792 0.033333 0.019792
0 0.207407 0.707812 0.035185 0.025000
0 0.047222 0.378646 0.029630 0.015625
0 0.047222 0.653125 0.031481 0.017708
0 0.549074 0.595313 0.048148 0.027083
0 0.709259 0.297917 0.033333 0.017708
0 0.354630 0.536458 0.038889 0.021875
0 0.238889 0.697396 0.042593 0.023958
0 0.884259 0.553125 0.035185 0.018750
0 0.600000 0.506250 0.042593 0.026042
0 0.866667 0.405208 0.044444 0.021875
0 0.435185 0.754687 0.031481 0.017708
0 0.683333 0.740625 0.035185 0.020833
0 0.686111 0.307812 0.022222 0.013542
0 0.102778 0.490104 0.025926 0.013542
0 0.447222 0.276562 0.029630 0.018750
0 0.650926 0.744271 0.033333 0.018750
0 0.740741 0.565104 0.046296 0.026042
0 0.587037 0.241667 0.038889 0.022917
0 0.487963 0.783333 0.029630 0.016667
0 0.861111 0.378125 0.027778 0.013542
0 0.059259 0.462500 0.027778 0.014583
0 0.660185 0.572396 0.027778 0.016667
0 0.686111 0.550521 0.029630 0.016667
0 0.505556 0.653125 0.027778 0.016667
0 0.747222 0.313542 0.025926 0.017708
0 0.143519 0.289062 0.022222 0.011458
0 0.475000 0.468750 0.037037 0.021875
0 0.850926 0.560937 0.037037 0.019792
0 0.330556 0.681771 0.035185 0.014583
0 0.694444 0.572396 0.031481 0.017708
0 0.130556 0.695312 0.031481 0.015625
0 0.704630 0.596354 0.029630 0.015625
0 0.762963 0.307292 0.029630 0.017708
0 0.831481 0.544271 0.037037 0.020833
0 0.459259 0.790104 0.029630 0.016667
0 0.563889 0.567708 0.038889 0.022917
0 0.903704 0.566146 0.029630 0.017708
0 0.284259 0.382812 0.027778 0.012500
0 0.175926 0.665625 0.037037 0.018750
0 0.358333 0.693229 0.024074 0.012500
0 0.710185 0.725000 0.031481 0.016667
0 0.286111 0.662500 0.025926 0.016667
0 0.872222 0.595833 0.031481 0.016667
0 0.756481 0.658854 0.024074 0.014583
0 0.861111 0.583333 0.027778 0.015625
0 0.510185 0.237500 0.024074 0.012500
0 0.384259 0.556250 0.025926 0.014583
0 0.304630 0.383854 0.022222 0.009375
0 0.204630 0.708854 0.035185 0.020833
0 0.133333 0.277083 0.029630 0.014583
0 0.773148 0.300000 0.020370 0.014583
0 0.708333 0.540625 0.035185 0.018750
0 0.310185 0.451042 0.038889 0.020833
0 0.762963 0.510417 0.022222 0.010417
0 0.104630 0.690625 0.027778 0.013542
0 0.265741 0.797396 0.044444 0.025000
0 0.358333 0.377083 0.038889 0.022917
0 0.166667 0.306771 0.029630 0.016667
0 0.884259 0.364583 0.025926 0.014583
0 0.839815 0.601562 0.037037 0.019792
0 0.701852 0.288021 0.038889 0.026042
0 0.329630 0.670833 0.037037 0.020833
0 0.880556 0.598437 0.040741 0.017708
0 0.910185 0.536458 0.035185 0.020833
0 0.361111 0.732292 0.031481 0.018750
0 0.725000 0.712500 0.040741 0.025000
0 0.390741 0.400521 0.040741 0.021875
0 0.762037 0.526042 0.037037 0.021875
0 0.454630 0.685937 0.031481 0.019792
0 0.400000 0.793229 0.029630 0.018750
0 0.904630 0.586979 0.033333 0.018750
0 0.597222 0.744271 0.042593 0.020833
0 0.838889 0.457813 0.046296 0.023958
0 0.352778 0.704688 0.031481 0.016667
0 0.709259 0.275000 0.031481 0.016667
0 0.432407 0.681250 0.035185 0.018750
