0 0.993519 0.526563 0.011111 0.018750
0 0.831481 0.765104 0.022222 0.012500
0 0.994444 0.544271 0.009259 0.023958
0 0.485185 0.671354 0.020370 0.012500
0 0.988889 0.687500 0.035185 0.020833
0 0.719444 0.642188 0.024074 0.016667
0 0.990741 0.573958 0.014815 0.018750
0 0.991667 0.535937 0.031481 0.017708
0 0.735185 0.535937 0.025926 0.014583
0 1.002778 0.297917 0.024074 0.015625
0 0.937037 0.629687 0.029630 0.014583
0 0.851852 0.380208 0.044444 0.022917
0 0.993519 0.655729 0.011111 0.021875
0 0.746296 0.709375 0.031481 0.018750
0 1.007407 0.503646 0.068519 0.033333
0 0.986111 0.591667 0.027778 0.021875
0 0.754630 0.650000 0.035185 0.019792
0 0.977778 0.259375 0.037037 0.019792
0 0.995370 0.598958 0.007407 0.022917
0 0.986111 0.336979 0.029630 0.016667
0 0.825000 0.357812 0.042593 0.022917
0 0.641667 0.776563 0.033333 0.021875
0 0.437963 0.672917 0.027778 0.016667
0 0.722222 0.432812 0.037037 0.021875
0 0.347222 0.447917 0.027778 0.016667
0 0.990741 0.540104 0.016667 0.025000
0 0.996296 0.465104 0.005556 0.017708
0 0.866667 0.659896 0.038889 0.022917
0 0.779630 0.767708 0.029630 0.018750
0 0.993519 0.599479 0.012963 0.021875
0 0.993519 0.714063 0.011111 0.021875
0 0.996296 0.402083 0.005556 0.014583
0 1.002778 0.275000 0.027778 0.016667
0 0.833333 0.655729 0.037037 0.021875
0 0.748148 0.660417 0.033333 0.015625
0 1.006481 0.536458 0.029630 0.021875
0 0.466667 0.677604 0.029630 0.015625
0 1.008333 0.565625 0.033333 0.019792
0 1.005556 0.282292 0.027778 0.017708
0 0.375926 0.636979 0.029630 0.016667
0 0.354630 0.364063 0.027778 0.015625
0 0.639815 0.689063 0.037037 0.022917
0 0.989815 0.485417 0.022222 0.012500
0 0.337963 0.347396 0.033333 0.015625
0 0.992593 0.590625 0.014815 0.019792
0 0.000000 0.000000 0.000000 0.000000
0 0.606481 0.645312 0.044444 0.022917
0 0.405556 0.268229 0.029630 0.016667
0 0.330556 0.328125 0.031481 0.017708
0 0.529630 0.682813 0.025926 0.014583
0 0.900000 0.656771 0.025926 0.014583
0 0.725926 0.547917 0.020370 0.011458
0 1.001852 0.357292 0.035185 0.023958
0 0.834259 0.655729 0.031481 0.021875
0 0.244444 0.691667 0.029630 0.017708
0 0.745370 0.683333 0.029630 0.017708
0 0.640741 0.689063 0.038889 0.021875
0 0.550926 0.265625 0.033333 0.019792
0 0.994444 0.523958 0.024074 0.018750
0 0.379630 0.475521 0.024074 0.013542
0 0.716667 0.255208 0.029630 0.017708
0 0.991667 0.723437 0.016667 0.015625
0 0.262963 0.668750 0.027778 0.014583
0 0.995370 0.527604 0.007407 0.020833
0 0.990741 0.218750 0.016667 0.022917
0 0.858333 0.757812 0.027778 0.015625
0 0.993519 0.708854 0.011111 0.016667
0 0.813889 0.729688 0.031481 0.016667
0 0.987963 0.393750 0.020370 0.022917
0 0.992593 0.496354 0.012963 0.022917
0 0.992593 0.539583 0.011111 0.017708
0 0.670370 0.676562 0.046296 0.022917
0 0.756481 0.517188 0.038889 0.021875
0 0.988889 0.275000 0.031481 0.015625
0 0.969444 0.572396 0.050000 0.026042
0 1.005556 0.458854 0.027778 0.018750
0 0.255556 0.659375 0.035185 0.019792
0 0.257407 0.644792 0.024074 0.012500
0 0.459259 0.553125 0.025926 0.013542
0 0.867593 0.660417 0.040741 0.023958
0 0.206481 0.693229 0.033333 0.017708
0 0.710185 0.287500 0.024074 0.013542
0 0.205556 0.668229 0.037037 0.020833
0 0.018519 0.362500 0.025926 0.011458
0 0.457407 0.500000 0.020370 0.011458
0 0.012037 0.399479 0.024074 0.015625
0 0.066667 0.384375 0.018519 0.010417
