0 0.874074 0.318229 0.024074 0.014583
0 0.924074 0.198958 0.012963 0.008333
0 0.937963 0.317188 0.024074 0.013542
0 0.697222 0.713542 0.018519 0.010417
0 0.800926 0.317708 0.029630 0.012500
0 0.827778 0.315104 0.033333 0.016667
0 0.922222 0.712500 0.029630 0.016667
0 0.827778 0.302083 0.024074 0.013542
0 0.993519 0.396354 0.014815 0.009375
0 0.753704 0.576562 0.014815 0.007292
0 0.823148 0.518229 0.025926 0.014583
0 0.995370 0.663542 0.005556 0.010417
0 0.996296 0.403646 0.007407 0.017708
0 0.988889 0.659375 0.024074 0.028125
0 0.987037 0.315625 0.024074 0.014583
0 0.994444 0.477604 0.005556 0.013542
0 0.938889 0.318229 0.024074 0.014583
0 0.929630 0.482292 0.018519 0.011458
0 0.837963 0.331771 0.024074 0.014583
0 0.896296 0.492188 0.024074 0.014583
0 0.841667 0.321875 0.024074 0.013542
0 0.906481 0.504167 0.025926 0.013542
0 0.996296 0.659375 0.007407 0.019792
0 0.839815 0.314583 0.022222 0.012500
0 0.872222 0.504167 0.018519 0.012500
0 0.884259 0.290104 0.024074 0.014583
0 0.867593 0.514583 0.027778 0.015625
0 0.823148 0.582292 0.024074 0.013542
0 0.875000 0.488542 0.018519 0.009375
0 0.869444 0.514583 0.029630 0.016667
0 0.865741 0.310417 0.022222 0.013542
0 0.822222 0.583333 0.024074 0.013542
0 0.422222 0.640625 0.029630 0.015625
0 0.405556 0.716667 0.033333 0.021875
0 0.332407 0.561458 0.029630 0.013542
0 0.385185 0.680208 0.033333 0.020833
0 0.381481 0.462500 0.044444 0.025000
0 0.383333 0.701042 0.031481 0.018750
0 0.318519 0.592187 0.014815 0.018750
0 0.345370 0.444271 0.044444 0.028125
0 0.319444 0.460417 0.048148 0.026042
0 0.216667 0.530208 0.025926 0.014583
0 0.263889 0.693229 0.035185 0.020833
0 0.307407 0.431771 0.046296 0.028125
0 0.213889 0.496354 0.029630 0.016667
0 0.194444 0.532292 0.024074 0.013542
0 0.269444 0.166667 0.024074 0.014583
0 0.252778 0.722917 0.035185 0.020833
0 0.232407 0.615104 0.029630 0.016667
0 0.590741 0.377604 0.033333 0.016667
0 0.267593 0.166146 0.025926 0.014583
0 0.210185 0.716667 0.027778 0.019792
0 0.179630 0.523438 0.014815 0.009375
0 0.219444 0.453646 0.027778 0.016667
0 0.397222 0.285938 0.031481 0.014583
0 0.406481 0.244792 0.031481 0.016667
0 0.214815 0.331250 0.029630 0.017708
0 0.238889 0.329688 0.029630 0.016667
0 0.234259 0.711458 0.027778 0.016667
0 0.163889 0.544792 0.033333 0.018750
0 0.195370 0.454688 0.033333 0.017708
0 0.192593 0.440625 0.033333 0.020833
0 0.275926 0.154167 0.025926 0.013542
0 0.162037 0.277083 0.031481 0.018750
0 0.923148 0.436979 0.024074 0.012500
0 0.174074 0.228125 0.037037 0.020833
0 0.907407 0.721875 0.029630 0.013542
0 0.129630 0.544271 0.035185 0.019792
0 0.131481 0.258854 0.031481 0.021875
0 0.136111 0.255729 0.020370 0.018750
0 0.419444 0.295833 0.031481 0.018750
0 0.485185 0.492188 0.022222 0.013542
0 0.099074 0.544792 0.027778 0.016667
0 0.415741 0.525521 0.020370 0.011458
0 0.062037 0.546875 0.037037 0.017708
0 0.040741 0.551562 0.029630 0.014583
0 0.026852 0.427083 0.038889 0.020833
0 0.835185 0.517708 0.029630 0.014583
0 0.281481 0.171354 0.022222 0.013542
0 0.752778 0.581250 0.018519 0.012500
0 0.792593 0.314583 0.037037 0.023958
0 0.541667 0.488542 0.025926 0.016667
0 0.962963 0.316146 0.024074 0.014583
0 0.547222 0.511458 0.029630 0.016667
0 0.470370 0.698438 0.025926 0.012500
0 0.807407 0.316667 0.022222 0.014583
0 0.552778 0.597396 0.018519 0.010417
0 0.379630 0.737500 0.037037 0.020833
0 0.389815 0.298958 0.029630 0.015625
0 0.796296 0.348958 0.024074 0.015625
0 0.361111 0.728646 0.027778 0.016667
