0 0.884259 0.536458 0.024074 0.013542
0 0.288889 0.678125 0.025926 0.015625
0 0.475000 0.786458 0.038889 0.021875
0 0.625000 0.361458 0.042593 0.023958
0 0.380556 0.283854 0.027778 0.013542
0 0.987037 0.336979 0.029630 0.017708
0 0.995370 0.593229 0.007407 0.021875
0 0.949074 0.267708 0.040741 0.025000
0 0.567593 0.659375 0.035185 0.020833
0 0.986111 0.590104 0.024074 0.019792
0 0.996296 0.509375 0.007407 0.018750
0 0.576852 0.719792 0.031481 0.017708
0 0.958333 0.698958 0.040741 0.023958
0 0.653704 0.385417 0.044444 0.022917
0 0.999074 0.511458 0.007407 0.021875
0 0.685185 0.672917 0.038889 0.020833
0 0.613889 0.779687 0.029630 0.017708
0 0.993519 0.581250 0.012963 0.020833
0 0.843519 0.731250 0.048148 0.021875
0 0.995370 0.431771 0.005556 0.016667
0 0.958333 0.255208 0.027778 0.015625
0 0.659259 0.666146 0.033333 0.020833
0 0.563889 0.670833 0.033333 0.015625
0 0.896296 0.555208 0.025926 0.018750
0 0.315741 0.682813 0.029630 0.016667
0 0.919444 0.580208 0.025926 0.015625
0 0.944444 0.285938 0.024074 0.015625
0 0.993519 0.523958 0.012963 0.020833
0 0.667593 0.777083 0.025926 0.014583
0 0.822222 0.555208 0.040741 0.022917
0 0.334259 0.677083 0.020370 0.012500
0 0.928704 0.709896 0.025926 0.014583
0 0.528704 0.652083 0.027778 0.016667
0 0.990741 0.579688 0.016667 0.018750
0 0.998148 0.645833 0.025926 0.014583
0 0.991667 0.555729 0.035185 0.019792
0 0.565741 0.541667 0.027778 0.015625
0 0.234259 0.304688 0.018519 0.009375
0 0.938889 0.289583 0.022222 0.014583
0 0.749074 0.640625 0.035185 0.016667
0 0.216667 0.447396 0.025926 0.015625
0 0.987037 0.548438 0.024074 0.025000
0 0.790741 0.582812 0.048148 0.026042
0 0.023148 0.671875 0.037037 0.019792
0 0.613889 0.288021 0.024074 0.012500
0 0.037037 0.696354 0.033333 0.019792
0 0.681481 0.670312 0.031481 0.019792
0 0.320370 0.555729 0.025926 0.014583
0 0.080556 0.648438 0.027778 0.014583
0 0.075000 0.663021 0.038889 0.020833
0 0.962037 0.440104 0.029630 0.018750
0 0.658333 0.665625 0.033333 0.019792
0 0.075926 0.695312 0.031481 0.018750
0 0.099074 0.670833 0.031481 0.018750
0 0.581481 0.557292 0.022222 0.013542
0 0.740741 0.666667 0.035185 0.017708
0 0.387037 0.688542 0.027778 0.015625
0 0.188889 0.325521 0.035185 0.018750
0 0.246296 0.255729 0.018519 0.019792
0 0.412963 0.654687 0.037037 0.020833
0 -0.075926 0.337500 0.000000 0.000000
0 0.991667 0.591146 0.012963 0.019792
0 0.197222 0.345833 0.031481 0.015625
0 0.927778 0.491146 0.022222 0.013542
0 0.448148 0.700000 0.038889 0.023958
0 0.215741 0.361979 0.029630 0.015625
0 0.227778 0.641146 0.029630 0.017708
0 0.952778 0.277083 0.031481 0.015625
0 0.582407 0.523438 0.040741 0.021875
0 0.480556 0.686979 0.042593 0.025000
0 0.991667 0.547917 0.012963 0.020833
0 0.872222 0.493750 0.046296 0.025000
0 0.988889 0.382292 0.020370 0.021875
0 0.649074 0.741146 0.031481 0.017708
0 0.920370 0.727604 0.035185 0.019792
0 1.000926 0.379167 0.031481 0.021875
0 0.697222 0.769792 0.024074 0.015625
0 0.833333 0.219792 0.042593 0.023958
0 0.978704 0.551042 0.040741 0.026042
0 0.887963 0.730729 0.035185 0.018750
0 0.604630 0.254688 0.031481 0.018750
0 0.255556 0.476042 0.025926 0.014583
0 0.907407 0.525000 0.035185 0.018750
0 0.961111 0.283333 0.018519 0.014583
0 0.346296 0.263021 0.029630 0.017708
0 0.447222 0.699479 0.037037 0.021875
0 0.573148 0.693229 0.031481 0.018750
0 0.542593 0.436979 0.038889 0.020833
0 0.994444 0.492708 0.031481 0.015625
