0 0.994444 0.603646 0.009259 0.025000
0 0.412963 0.668750 0.035185 0.019792
0 1.008333 0.503646 0.031481 0.019792
0 0.999074 0.679688 0.031481 0.019792
0 0.389815 0.700000 0.029630 0.017708
0 0.412963 0.677604 0.024074 0.013542
0 0.906481 0.567708 0.018519 0.010417
0 1.009259 0.668229 0.033333 0.018750
0 0.662963 0.699479 0.027778 0.014583
0 0.494444 0.342187 0.031481 0.017708
0 0.557407 0.285938 0.025926 0.014583
0 0.774074 0.663542 0.044444 0.021875
0 0.992593 0.603646 0.014815 0.020833
0 0.493519 0.361458 0.029630 0.015625
0 0.994444 0.504687 0.020370 0.011458
0 0.804630 0.708333 0.038889 0.020833
0 0.515741 0.377604 0.027778 0.015625
0 0.513889 0.648958 0.029630 0.017708
0 0.414815 0.653646 0.022222 0.012500
0 0.933333 0.538542 0.042593 0.022917
0 0.841667 0.696875 0.051852 0.023958
0 0.992593 0.544792 0.011111 0.017708
0 0.599074 0.567187 0.024074 0.014583
0 0.992593 0.678125 0.014815 0.026042
0 0.353704 0.700521 0.031481 0.017708
0 0.860185 0.308854 0.022222 0.014583
0 0.361111 0.675000 0.037037 0.020833
0 0.167593 0.370312 0.024074 0.013542
0 0.587963 0.514062 0.022222 0.013542
0 0.153704 0.405729 0.025926 0.014583
0 0.208333 0.392708 0.018519 0.009375
0 0.152778 0.375521 0.033333 0.018750
0 0.324074 0.655208 0.029630 0.016667
0 0.146296 0.283333 0.025926 0.014583
0 0.120370 0.464062 0.029630 0.015625
0 0.579630 0.276562 0.027778 0.015625
0 0.112037 0.283854 0.027778 0.015625
0 0.096296 0.448958 0.025926 0.012500
0 0.775926 0.794792 0.037037 0.025000
0 0.087963 0.297396 0.022222 0.013542
0 0.071296 0.462500 0.024074 0.012500
0 0.075926 0.286979 0.022222 0.014583
0 0.060185 0.471354 0.025926 0.014583
0 0.688889 0.639583 0.033333 0.018750
0 0.053704 0.282813 0.024074 0.013542
0 0.023148 0.470313 0.024074 0.015625
0 0.028704 0.254167 0.025926 0.014583
0 0.994444 0.679688 0.020370 0.021875
0 0.929630 0.792708 0.031481 0.018750
0 0.992593 0.602083 0.012963 0.022917
0 0.992593 0.749479 0.012963 0.023958
0 0.996296 0.397396 0.005556 0.013542
0 0.992593 0.680208 0.012963 0.021875
0 0.916667 0.682292 0.033333 0.016667
0 1.011111 0.464062 0.046296 0.034375
0 0.604630 0.692187 0.027778 0.016667
0 1.008333 0.317188 0.042593 0.026042
0 0.994444 0.502083 0.011111 0.016667
0 0.980556 0.791667 0.018519 0.011458
0 0.994444 0.551562 0.009259 0.021875
0 0.624074 0.686458 0.022222 0.013542
0 1.000926 0.697396 0.035185 0.015625
0 0.894444 0.662500 0.024074 0.015625
0 0.992593 0.589063 0.012963 0.015625
0 0.994444 0.648958 0.031481 0.014583
0 0.490741 0.460417 0.025926 0.015625
0 0.990741 0.534375 0.018519 0.027083
0 0.993519 0.528646 0.012963 0.022917
0 0.993519 0.399479 0.011111 0.021875
0 0.992593 0.593750 0.012963 0.025000
0 0.901852 0.732292 0.031481 0.018750
0 1.010185 0.514583 0.088889 0.043750
0 0.985185 0.629687 0.027778 0.021875
0 0.926852 0.671875 0.037037 0.019792
0 0.993519 0.262500 0.009259 0.016667
0 0.995370 0.601042 0.009259 0.023958
0 0.995370 0.377604 0.009259 0.021875
0 0.756481 0.782813 0.031481 0.019792
0 0.575926 0.686458 0.025926 0.016667
0 0.906481 0.452604 0.038889 0.019792
0 0.905556 0.705208 0.029630 0.016667
0 0.803704 0.708333 0.038889 0.021875
0 0.997222 0.546354 0.024074 0.017708
0 0.517593 0.488542 0.024074 0.013542
0 0.916667 0.275000 0.029630 0.018750
0 0.991667 0.732812 0.016667 0.015625
0 0.995370 0.491667 0.007407 0.021875
0 0.994444 0.222917 0.009259 0.018750
0 1.005556 0.783854 0.025926 0.013542
0 0.994444 0.696875 0.009259 0.014583
0 0.967593 0.755208 0.031481 0.017708
0 0.987037 0.453125 0.022222 0.025000
0 0.996296 0.443229 0.005556 0.015625
