0 0.388889 0.732292 0.029630 0.016667
0 0.003704 0.364583 0.007407 0.015625
0 0.011111 0.638542 0.022222 0.017708
0 0.486111 0.572396 0.048148 0.027083
0 0.644444 0.268750 0.029630 0.019792
0 0.290741 0.516667 0.040741 0.022917
0 0.182407 0.678646 0.044444 0.023958
0 0.821296 0.525000 0.035185 0.018750
0 0.523148 0.481250 0.042593 0.025000
0 0.786111 0.373958 0.044444 0.020833
0 0.628704 0.714583 0.035185 0.020833
0 0.818519 0.380208 0.031481 0.019792
0 0.444444 0.759375 0.027778 0.016667
0 0.501852 0.214062 0.038889 0.023958
0 0.675926 0.539062 0.044444 0.025000
0 0.595370 0.718750 0.033333 0.020833
0 0.383333 0.254167 0.031481 0.018750
0 0.056481 0.475521 0.025926 0.013542
0 0.607407 0.279167 0.020370 0.012500
0 0.651852 0.515625 0.029630 0.016667
0 0.712037 0.271354 0.020370 0.015625
0 0.066667 0.258333 0.029630 0.014583
0 0.148148 0.689063 0.031481 0.019792
0 0.301852 0.683854 0.029630 0.016667
0 0.236111 0.431250 0.040741 0.020833
0 0.695370 0.484375 0.024074 0.011458
0 0.064815 0.674479 0.027778 0.014583
0 0.225926 0.776042 0.044444 0.026042
0 0.270370 0.354167 0.037037 0.022917
0 0.098148 0.288542 0.033333 0.016667
0 0.826852 0.336458 0.025926 0.015625
0 0.785185 0.574479 0.033333 0.019792
0 0.621296 0.259896 0.040741 0.025000
0 0.271296 0.650521 0.037037 0.018750
0 0.827778 0.571875 0.033333 0.018750
0 0.846296 0.508333 0.035185 0.019792
0 0.313889 0.710938 0.031481 0.017708
0 0.670370 0.686458 0.042593 0.023958
0 0.307407 0.377604 0.040741 0.020833
0 0.691667 0.498958 0.035185 0.020833
0 0.395370 0.663542 0.038889 0.020833
0 0.357407 0.770312 0.029630 0.018750
0 0.849074 0.558333 0.031481 0.018750
0 0.540741 0.718750 0.042593 0.020833
0 0.762037 0.428646 0.042593 0.025000
0 0.626852 0.246354 0.037037 0.017708
0 0.374074 0.659375 0.033333 0.018750
0 0.275000 0.661979 0.033333 0.014583
0 0.642593 0.547917 0.029630 0.016667
0 0.089815 0.678646 0.031481 0.015625
0 0.644444 0.571354 0.027778 0.014583
0 0.702778 0.278646 0.033333 0.017708
0 0.766667 0.516667 0.037037 0.020833
0 0.417593 0.766667 0.031481 0.016667
0 0.493519 0.543229 0.040741 0.021875
0 0.848148 0.538021 0.029630 0.017708
0 0.219444 0.364063 0.025926 0.012500
0 0.118519 0.647917 0.037037 0.017708
0 0.668519 0.699479 0.035185 0.015625
0 0.230556 0.642708 0.029630 0.016667
0 0.816667 0.568750 0.025926 0.015625
0 0.711111 0.632812 0.022222 0.013542
0 0.806481 0.556250 0.027778 0.015625
0 0.442593 0.213021 0.024074 0.012500
0 0.246296 0.365625 0.024074 0.009375
0 0.311111 0.542708 0.020370 0.012500
0 0.406481 0.445833 0.031481 0.018750
0 0.073148 0.270313 0.027778 0.013542
0 0.689815 0.285417 0.025926 0.015625
0 0.442593 0.629687 0.031481 0.017708
0 0.632407 0.525521 0.033333 0.018750
0 0.607407 0.548438 0.027778 0.017708
0 0.010185 0.449479 0.020370 0.013542
0 0.797222 0.348958 0.027778 0.013542
0 0.787037 0.533333 0.035185 0.019792
