0 0.231481 0.808854 0.044444 0.026042
0 0.056481 0.701562 0.027778 0.014583
0 0.736111 0.514062 0.020370 0.010417
0 0.280556 0.454167 0.038889 0.019792
0 0.323148 0.712500 0.031481 0.018750
0 0.173148 0.720313 0.031481 0.023958
0 0.729630 0.304688 0.020370 0.014583
0 0.675000 0.543229 0.031481 0.018750
0 0.659259 0.312500 0.020370 0.013542
0 0.050926 0.494271 0.025926 0.014583
0 0.402778 0.279167 0.029630 0.018750
0 0.625926 0.747917 0.033333 0.019792
0 0.713889 0.568229 0.046296 0.023958
0 0.558333 0.246354 0.037037 0.022917
0 0.457407 0.790104 0.029630 0.017708
0 0.868519 0.413542 0.027778 0.019792
0 0.658333 0.743750 0.033333 0.019792
0 0.405556 0.761979 0.031481 0.017708
0 0.840741 0.409896 0.042593 0.021875
0 0.580556 0.510417 0.042593 0.025000
0 0.851852 0.555729 0.031481 0.018750
0 0.209259 0.707292 0.042593 0.025000
0 0.325926 0.541667 0.040741 0.022917
0 0.678704 0.302604 0.031481 0.015625
0 0.525926 0.600000 0.048148 0.028125
0 0.011111 0.666146 0.016667 0.014583
0 0.009259 0.377083 0.014815 0.017708
0 0.178704 0.717708 0.037037 0.027083
0 0.697222 0.522917 0.031481 0.018750
0 0.013889 0.340104 0.016667 0.018750
0 0.849074 0.601562 0.031481 0.017708
0 -0.055556 0.347917 0.009259 0.004167
0 0.139815 0.676042 0.035185 0.019792
0 0.083333 0.275521 0.027778 0.016667
0 0.867593 0.588021 0.031481 0.017708
0 0.371296 0.801562 0.031481 0.018750
0 0.427778 0.692187 0.035185 0.019792
0 0.736111 0.529167 0.035185 0.020833
0 0.366667 0.403646 0.040741 0.021875
0 0.699074 0.715104 0.042593 0.023958
0 0.330556 0.739583 0.031481 0.018750
0 0.877778 0.539062 0.033333 0.019792
0 0.848148 0.601562 0.033333 0.018750
0 0.301852 0.678646 0.037037 0.020833
0 0.674074 0.293229 0.040741 0.025000
0 0.804630 0.603125 0.033333 0.019792
0 0.835185 0.370312 0.029630 0.016667
0 0.171296 0.307812 0.029630 0.015625
0 0.336111 0.380208 0.042593 0.025000
0 0.821296 0.563021 0.037037 0.019792
0 0.826852 0.584896 0.027778 0.015625
0 0.464815 0.240625 0.024074 0.012500
0 0.297222 0.387500 0.022222 0.008333
0 0.354630 0.561458 0.027778 0.015625
0 0.446296 0.472396 0.037037 0.021875
0 0.140741 0.298438 0.022222 0.011458
0 0.704630 0.316667 0.025926 0.017708
0 0.481481 0.657813 0.029630 0.016667
0 0.652778 0.553125 0.029630 0.016667
0 0.628704 0.575521 0.027778 0.016667
0 0.005556 0.466146 0.025926 0.015625
0 0.825926 0.382292 0.027778 0.013542
0 0.575926 0.748958 0.042593 0.020833
0 0.812037 0.460938 0.042593 0.023958
0 0.679630 0.280729 0.031481 0.017708
0 0.407407 0.687500 0.037037 0.018750
0 0.302778 0.689583 0.033333 0.014583
0 0.660185 0.575000 0.029630 0.017708
0 0.085185 0.705729 0.031481 0.017708
0 0.678704 0.599479 0.029630 0.015625
0 0.720370 0.311979 0.029630 0.017708
0 0.801852 0.546354 0.037037 0.019792
0 0.428704 0.797396 0.029630 0.016667
0 0.541667 0.571354 0.040741 0.022917
0 0.867593 0.567187 0.029630 0.016667
0 0.245370 0.385937 0.027778 0.013542
0 0.107407 0.701042 0.024074 0.013542
0 0.329630 0.701042 0.022222 0.011458
0 0.675000 0.727604 0.029630 0.017708
0 0.259259 0.670312 0.029630 0.016667
0 0.836111 0.596875 0.029630 0.016667
0 0.730556 0.661458 0.024074 0.014583
