0 0.112963 0.602604 0.022222 0.010417
0 0.032407 0.741146 0.038889 0.020833
0 0.308333 0.351042 0.025926 0.015625
0 0.021296 0.295833 0.035185 0.016667
0 0.396296 0.319271 0.029630 0.017708
0 1.000926 0.675521 0.018519 0.016667
0 0.995370 0.561979 0.005556 0.012500
0 0.364815 0.555208 0.027778 0.017708
0 0.314815 0.715625 0.029630 0.015625
0 0.384259 0.356771 0.027778 0.014583
0 0.992593 0.321354 0.012963 0.011458
0 0.621296 0.314063 0.022222 0.014583
0 0.603704 0.192708 0.011111 0.007292
0 0.441667 0.581250 0.024074 0.014583
0 0.381481 0.315104 0.025926 0.018750
0 0.991667 0.651042 0.024074 0.017708
0 0.164815 0.489583 0.031481 0.014583
0 0.637963 0.312500 0.024074 0.014583
0 0.161111 0.513021 0.033333 0.017708
0 0.989815 0.458333 0.018519 0.012500
0 0.081481 0.703646 0.040741 0.021875
0 0.416667 0.316667 0.027778 0.017708
0 0.546296 0.327083 0.022222 0.012500
0 0.611111 0.479167 0.022222 0.011458
0 0.620370 0.313021 0.022222 0.014583
0 0.996296 0.267708 0.003704 0.015625
0 0.712037 0.492708 0.027778 0.014583
0 0.664815 0.311979 0.024074 0.014583
0 1.000000 0.682292 0.016667 0.021875
0 0.769444 0.403646 0.029630 0.018750
0 0.713889 0.430208 0.020370 0.010417
0 0.584259 0.490625 0.025926 0.012500
0 0.545370 0.317188 0.020370 0.014583
0 0.587037 0.501563 0.024074 0.014583
0 0.996296 0.682292 0.005556 0.017708
0 0.524074 0.313021 0.025926 0.014583
0 0.547222 0.501563 0.024074 0.014583
0 0.556481 0.285938 0.025926 0.015625
0 0.534259 0.508854 0.016667 0.011458
0 0.525926 0.513021 0.025926 0.016667
0 0.487963 0.580729 0.025926 0.014583
0 0.546296 0.486979 0.022222 0.012500
0 0.994444 0.533854 0.009259 0.011458
0 0.526852 0.512500 0.025926 0.016667
0 0.569444 0.305208 0.024074 0.014583
0 0.487963 0.580729 0.025926 0.014583
0 0.577778 0.313542 0.022222 0.013542
0 0.996296 0.452083 0.005556 0.016667
0 0.502778 0.517188 0.022222 0.013542
0 0.603704 0.494792 0.022222 0.013542
0 0.430556 0.570833 0.029630 0.014583
0 0.662963 0.398958 0.022222 0.012500
0 0.441667 0.300000 0.027778 0.015625
0 0.498148 0.713542 0.029630 0.016667
0 0.437963 0.314583 0.031481 0.019792
0 0.994444 0.711458 0.009259 0.014583
0 0.999074 0.435937 0.000000 0.000000
0 0.992593 0.585938 0.016667 0.028125
0 0.991667 0.710417 0.014815 0.018750
0 0.996296 0.475521 0.003704 0.011458
0 0.997222 0.502083 0.003704 0.017708
0 0.991667 0.690625 0.016667 0.017708
0 0.997222 0.706771 0.003704 0.017708
0 0.988889 0.662500 0.020370 0.012500
0 0.996296 0.740625 0.007407 0.017708
0 0.992593 0.694271 0.011111 0.018750
0 0.995370 0.354687 0.009259 0.015625
0 0.992593 0.335938 0.012963 0.013542
0 0.994444 0.665625 0.011111 0.013542
0 0.942593 0.385937 0.009259 0.012500
0 0.995370 0.395833 0.007407 0.013542
0 0.997222 0.682813 0.009259 0.018750
0 0.993519 0.591667 0.011111 0.028125
0 0.996296 0.483333 0.007407 0.020833
0 0.996296 0.715104 0.005556 0.014583
