0 0.792593 0.664583 0.040741 0.022917
0 0.562037 0.693750 0.038889 0.021875
0 0.675926 0.687500 0.031481 0.017708
0 0.647222 0.434375 0.038889 0.021875
0 0.376852 0.676042 0.024074 0.016667
0 0.572222 0.780729 0.037037 0.022917
0 0.742593 0.358333 0.042593 0.023958
0 0.475926 0.294271 0.025926 0.013542
0 0.987963 0.334896 0.029630 0.017708
0 0.995370 0.598437 0.007407 0.022917
0 0.992593 0.266146 0.012963 0.022917
0 0.678704 0.654167 0.035185 0.019792
0 0.986111 0.589063 0.025926 0.020833
0 1.002778 0.503646 0.053704 0.027083
0 0.678704 0.714063 0.029630 0.018750
0 0.993519 0.688542 0.011111 0.020833
0 0.769444 0.380729 0.042593 0.023958
0 0.995370 0.487500 0.005556 0.019792
0 0.954630 0.722917 0.042593 0.021875
0 0.712963 0.773438 0.031481 0.018750
0 0.993519 0.595833 0.012963 0.020833
0 0.990741 0.542188 0.016667 0.026042
0 0.291667 0.448437 0.027778 0.016667
0 0.861111 0.633854 0.033333 0.015625
0 1.002778 0.290104 0.022222 0.014583
0 0.315741 0.306250 0.018519 0.009375
0 0.664815 0.538021 0.027778 0.015625
0 0.992593 0.544271 0.031481 0.018750
0 0.990741 0.578125 0.016667 0.018750
0 0.642593 0.646354 0.024074 0.015625
0 1.006481 0.696354 0.027778 0.015625
0 0.422222 0.675000 0.020370 0.013542
0 0.936111 0.548438 0.042593 0.023958
0 0.766667 0.770833 0.025926 0.014583
0 0.993519 0.518750 0.011111 0.019792
0 0.992593 0.278646 0.024074 0.015625
0 1.006481 0.572396 0.027778 0.016667
0 0.405556 0.680729 0.029630 0.016667
0 1.003704 0.544792 0.025926 0.019792
0 0.674074 0.665104 0.035185 0.016667
0 0.761111 0.660417 0.035185 0.020833
0 1.003704 0.262500 0.027778 0.015625
0 0.995370 0.416146 0.005556 0.015625
0 0.367593 0.256771 0.018519 0.020833
0 0.464815 0.263021 0.031481 0.018750
0 0.995370 0.517708 0.024074 0.018750
0 0.326852 0.476042 0.024074 0.013542
0 0.668519 0.253125 0.029630 0.019792
0 0.988889 0.723958 0.022222 0.016667
0 0.995370 0.538021 0.007407 0.020833
0 0.933333 0.216667 0.042593 0.026042
0 0.795370 0.763021 0.029630 0.015625
0 1.000926 0.371875 0.033333 0.022917
0 0.992593 0.718229 0.012963 0.018750
0 0.748148 0.734375 0.031481 0.016667
0 0.988889 0.396875 0.020370 0.022917
0 0.983333 0.486979 0.029630 0.025000
0 0.993519 0.551042 0.012963 0.018750
0 0.592593 0.680729 0.046296 0.023958
0 0.684259 0.519271 0.040741 0.021875
0 0.989815 0.270313 0.031481 0.015625
0 0.898148 0.576042 0.050000 0.027083
0 0.314815 0.640104 0.031481 0.016667
0 0.295370 0.363542 0.027778 0.016667
0 0.562037 0.694792 0.035185 0.019792
0 0.989815 0.484896 0.022222 0.012500
0 0.278704 0.348438 0.033333 0.017708
0 0.992593 0.587500 0.014815 0.019792
0 0.000000 0.000000 0.000000 0.000000
0 0.525926 0.650521 0.040741 0.022917
0 0.270370 0.327083 0.035185 0.017708
0 0.471296 0.685937 0.025926 0.014583
0 0.854630 0.659896 0.035185 0.019792
0 0.662037 0.548958 0.020370 0.012500
0 0.193519 0.670833 0.031481 0.016667
0 0.174074 0.694792 0.031481 0.017708
0 0.762963 0.660417 0.031481 0.020833
0 0.990741 0.454167 0.027778 0.018750
0 0.181481 0.663021 0.037037 0.019792
0 0.183333 0.648438 0.024074 0.013542
0 0.400926 0.555208 0.022222 0.014583
0 0.792593 0.665625 0.040741 0.023958
0 0.136111 0.696354 0.033333 0.018750
0 0.670370 0.285938 0.025926 0.013542
0 0.129630 0.671875 0.037037 0.019792
0 0.018519 0.384896 0.016667 0.013542
