0 0.618519 0.360417 0.042593 0.025000
0 0.375000 0.282813 0.025926 0.013542
0 0.987037 0.336458 0.029630 0.017708
0 0.995370 0.592187 0.007407 0.020833
0 0.943519 0.266667 0.038889 0.026042
0 0.562963 0.658854 0.035185 0.020833
0 0.986111 0.589063 0.024074 0.019792
0 0.996296 0.508333 0.007407 0.018750
0 0.572222 0.718750 0.031481 0.018750
0 0.952778 0.697396 0.042593 0.023958
0 0.646296 0.383854 0.042593 0.023958
0 0.536111 0.435937 0.037037 0.020833
0 1.009259 0.494271 0.031481 0.015625
0 0.284259 0.677083 0.027778 0.015625
0 0.471296 0.785417 0.040741 0.022917
0 0.995370 0.509896 0.009259 0.021875
0 0.679630 0.671354 0.038889 0.022917
0 0.609259 0.778646 0.027778 0.017708
0 0.993519 0.582812 0.012963 0.020833
0 0.837963 0.730208 0.044444 0.021875
0 0.995370 0.431250 0.005556 0.017708
0 0.951852 0.253646 0.027778 0.015625
0 0.653704 0.665104 0.035185 0.020833
0 0.558333 0.669792 0.033333 0.014583
0 0.890741 0.554688 0.024074 0.018750
0 0.311111 0.682292 0.027778 0.017708
0 0.912963 0.579167 0.024074 0.015625
0 0.938889 0.284896 0.024074 0.015625
0 0.992593 0.526042 0.011111 0.020833
0 0.662963 0.775521 0.025926 0.014583
0 0.816667 0.554167 0.040741 0.023958
0 0.329630 0.676562 0.022222 0.012500
0 0.922222 0.708854 0.025926 0.014583
0 0.523148 0.651563 0.027778 0.017708
0 0.990741 0.579167 0.016667 0.018750
0 0.991667 0.644792 0.024074 0.014583
0 0.991667 0.555208 0.035185 0.019792
0 0.560185 0.540625 0.027778 0.015625
0 0.228704 0.304167 0.018519 0.009375
0 0.933333 0.288021 0.022222 0.014583
0 0.744444 0.640104 0.035185 0.015625
0 0.877778 0.534896 0.024074 0.013542
0 0.212037 0.446875 0.025926 0.016667
0 0.987037 0.543750 0.024074 0.026042
0 0.183333 0.324479 0.035185 0.017708
0 0.383333 0.688021 0.027778 0.015625
0 0.735185 0.665625 0.035185 0.017708
0 0.578704 0.555208 0.024074 0.012500
0 0.093519 0.670312 0.031481 0.017708
0 0.070370 0.694792 0.031481 0.017708
0 0.653704 0.665104 0.033333 0.020833
0 0.956481 0.438542 0.029630 0.018750
0 0.069444 0.663021 0.037037 0.020833
0 0.074074 0.647917 0.025926 0.014583
0 0.315741 0.554688 0.024074 0.014583
0 0.675926 0.669271 0.031481 0.019792
0 0.030556 0.695833 0.035185 0.018750
0 0.609259 0.286979 0.024074 0.012500
0 0.017593 0.671354 0.035185 0.021875
0 0.567593 0.692187 0.029630 0.018750
0 0.441667 0.698438 0.035185 0.022917
0 0.338889 0.261979 0.029630 0.017708
0 0.955556 0.280208 0.020370 0.014583
0 0.901852 0.523438 0.033333 0.018750
0 0.251852 0.475521 0.025926 0.014583
0 0.600000 0.253646 0.029630 0.019792
0 0.882407 0.729688 0.033333 0.017708
0 0.975926 0.549479 0.044444 0.025000
0 0.826852 0.218750 0.042593 0.023958
0 0.691667 0.768750 0.025926 0.016667
0 1.000000 0.378646 0.031481 0.021875
0 0.914815 0.726042 0.035185 0.019792
0 0.644444 0.740104 0.031481 0.017708
0 0.987963 0.380208 0.020370 0.022917
0 0.867593 0.492188 0.046296 0.025000
0 0.991667 0.542708 0.014815 0.020833
0 0.475926 0.685937 0.040741 0.022917
0 0.575926 0.522396 0.038889 0.021875
0 0.946296 0.275521 0.031481 0.015625
0 0.785185 0.581771 0.048148 0.026042
0 0.223148 0.640104 0.031481 0.017708
0 0.211111 0.361458 0.029630 0.016667
0 0.440741 0.698958 0.038889 0.023958
0 0.924074 0.490104 0.022222 0.012500
0 0.192593 0.345313 0.029630 0.015625
0 0.991667 0.589583 0.012963 0.019792
0 -0.075926 0.337500 0.000000 0.000000
0 0.407407 0.653646 0.037037 0.019792
0 0.237963 0.254688 0.018519 0.019792
