0 0.579630 0.246354 0.037037 0.022917
0 0.734259 0.569271 0.042593 0.023958
0 0.647222 0.748958 0.033333 0.018750
0 0.435185 0.281250 0.029630 0.018750
0 0.092593 0.494792 0.025926 0.014583
0 0.679630 0.311979 0.020370 0.012500
0 0.699074 0.544271 0.033333 0.018750
0 0.759259 0.304167 0.018519 0.014583
0 0.122222 0.281250 0.027778 0.015625
0 0.199074 0.715625 0.031481 0.021875
0 0.347222 0.710417 0.029630 0.017708
0 0.305556 0.454688 0.037037 0.020833
0 0.757407 0.514583 0.022222 0.010417
0 0.096296 0.696875 0.025926 0.014583
0 0.259259 0.804688 0.044444 0.026042
0 0.356481 0.381250 0.040741 0.022917
0 0.166667 0.310937 0.029630 0.015625
0 0.874074 0.369271 0.025926 0.014583
0 0.831481 0.605729 0.035185 0.019792
0 0.695370 0.292708 0.038889 0.026042
0 0.325000 0.676042 0.037037 0.019792
0 0.875000 0.604167 0.035185 0.019792
0 0.903704 0.540625 0.035185 0.020833
0 0.355556 0.737500 0.031481 0.018750
0 0.721296 0.717708 0.042593 0.023958
0 0.387037 0.404687 0.040741 0.021875
0 0.757407 0.529687 0.037037 0.021875
0 0.450000 0.691146 0.031481 0.020833
0 0.395370 0.799479 0.031481 0.019792
0 0.896296 0.591146 0.033333 0.018750
0 0.594444 0.750000 0.042593 0.021875
0 0.833333 0.461458 0.044444 0.023958
0 0.700926 0.280729 0.031481 0.017708
0 0.428704 0.686458 0.035185 0.018750
0 0.325926 0.688021 0.033333 0.015625
0 0.686111 0.576042 0.031481 0.017708
0 0.121296 0.701042 0.029630 0.016667
0 0.700000 0.600521 0.029630 0.015625
0 0.750000 0.311979 0.029630 0.017708
0 0.825000 0.548438 0.037037 0.020833
0 0.452778 0.796354 0.027778 0.015625
0 0.560185 0.571875 0.038889 0.021875
0 0.895370 0.569792 0.029630 0.016667
0 0.275000 0.386979 0.027778 0.012500
0 0.170370 0.671354 0.035185 0.018750
0 0.353704 0.698958 0.024074 0.011458
0 0.701852 0.729688 0.027778 0.016667
0 0.284259 0.668229 0.029630 0.016667
0 0.862037 0.599479 0.029630 0.016667
0 0.751852 0.663542 0.024074 0.014583
0 0.851852 0.586979 0.027778 0.015625
0 0.497222 0.242188 0.024074 0.012500
0 0.296296 0.387500 0.022222 0.008333
0 0.375926 0.560937 0.027778 0.015625
0 0.468519 0.472396 0.037037 0.020833
0 0.137037 0.293229 0.022222 0.010417
0 0.733333 0.316667 0.024074 0.017708
0 0.502778 0.657813 0.029630 0.017708
0 0.677778 0.554688 0.029630 0.016667
0 0.652778 0.576562 0.027778 0.016667
0 0.049074 0.466667 0.027778 0.014583
0 0.851852 0.382292 0.025926 0.013542
0 0.845370 0.565104 0.037037 0.019792
0 0.481481 0.789062 0.029630 0.016667
0 0.349074 0.541146 0.038889 0.022917
0 0.235185 0.703646 0.042593 0.025000
0 0.877778 0.557292 0.033333 0.018750
0 0.597222 0.510417 0.040741 0.025000
0 0.862963 0.409896 0.046296 0.022917
0 0.429630 0.760417 0.031481 0.017708
0 0.679630 0.745833 0.033333 0.020833
0 0.881481 0.411979 0.027778 0.018750
0 0.020370 0.367188 0.024074 0.014583
0 0.874074 0.603646 0.033333 0.018750
0 0.012037 0.345833 0.024074 0.017708
0 0.716667 0.523958 0.031481 0.018750
0 0.203704 0.713542 0.035185 0.025000
0 0.036111 0.382292 0.029630 0.015625
0 0.037963 0.658854 0.033333 0.017708
0 0.545370 0.600000 0.048148 0.026042
0 0.699074 0.302604 0.031481 0.015625
