0 0.312037 0.680729 0.037037 0.019792
0 0.807407 0.605208 0.033333 0.019792
0 0.851852 0.603646 0.033333 0.019792
0 0.882407 0.541146 0.033333 0.019792
0 0.338889 0.741667 0.031481 0.017708
0 0.703704 0.717708 0.040741 0.023958
0 0.375926 0.405729 0.040741 0.021875
0 0.742593 0.531250 0.035185 0.020833
0 0.435185 0.694271 0.035185 0.020833
0 0.377778 0.803125 0.031481 0.019792
0 0.871296 0.590104 0.031481 0.017708
0 0.582407 0.751042 0.042593 0.020833
0 0.679630 0.293229 0.040741 0.025000
0 0.818519 0.463021 0.040741 0.023958
0 0.686111 0.281250 0.031481 0.017708
0 0.415741 0.689583 0.035185 0.018750
0 0.312037 0.692187 0.035185 0.014583
0 0.663889 0.576562 0.029630 0.016667
0 0.094444 0.707292 0.029630 0.016667
0 0.683333 0.601562 0.029630 0.015625
0 0.721296 0.311979 0.029630 0.017708
0 0.807407 0.548438 0.037037 0.019792
0 0.435185 0.797917 0.029630 0.016667
0 0.550000 0.573958 0.040741 0.021875
0 0.871296 0.569271 0.029630 0.016667
0 0.254630 0.388021 0.027778 0.013542
0 0.116667 0.702604 0.024074 0.013542
0 0.337963 0.703125 0.022222 0.011458
0 0.677778 0.729688 0.025926 0.016667
0 0.270370 0.672917 0.029630 0.015625
0 0.838889 0.599479 0.029630 0.017708
0 0.736111 0.663542 0.025926 0.014583
0 0.829630 0.587500 0.027778 0.016667
0 0.466667 0.241146 0.024074 0.013542
0 0.300926 0.389062 0.022222 0.008333
0 0.356481 0.563021 0.027778 0.015625
0 0.452778 0.473958 0.037037 0.021875
0 0.137963 0.299479 0.020370 0.010417
0 0.704630 0.316146 0.024074 0.017708
0 0.489815 0.660417 0.027778 0.016667
0 0.655556 0.555729 0.029630 0.017708
0 0.632407 0.577083 0.027778 0.016667
0 0.013889 0.469271 0.027778 0.014583
0 0.829630 0.383333 0.027778 0.013542
0 0.825926 0.565104 0.035185 0.019792
0 0.013889 0.288542 0.016667 0.017708
0 0.152778 0.677083 0.038889 0.019792
0 -0.069444 0.340625 0.003704 0.001042
0 0.192593 0.719792 0.038889 0.028125
0 0.009259 0.381250 0.018519 0.016667
0 0.012037 0.664583 0.024074 0.019792
0 0.532407 0.602083 0.046296 0.026042
0 0.683333 0.303646 0.029630 0.015625
0 0.333333 0.543750 0.040741 0.022917
0 0.222222 0.709375 0.040741 0.025000
0 0.857407 0.557292 0.031481 0.018750
0 0.587963 0.512500 0.040741 0.025000
0 0.847222 0.410938 0.040741 0.021875
0 0.412963 0.763542 0.033333 0.017708
0 0.664815 0.746354 0.033333 0.020833
0 0.869444 0.414062 0.027778 0.019792
0 0.463889 0.791146 0.029630 0.017708
0 0.566667 0.246875 0.038889 0.021875
0 0.718519 0.570312 0.044444 0.025000
0 0.632407 0.750521 0.031481 0.019792
0 0.404630 0.279687 0.029630 0.017708
0 0.057407 0.496875 0.025926 0.014583
0 0.665741 0.312500 0.020370 0.012500
0 0.677778 0.544792 0.031481 0.018750
0 0.731481 0.304688 0.020370 0.014583
0 0.088889 0.277083 0.027778 0.016667
0 0.184259 0.721875 0.031481 0.023958
0 0.330556 0.714063 0.029630 0.017708
0 0.288889 0.456250 0.037037 0.020833
0 0.742593 0.516146 0.020370 0.010417
0 0.065741 0.703125 0.029630 0.013542
0 0.239815 0.809896 0.040741 0.022917
0 0.345370 0.381771 0.040741 0.022917
0 0.173148 0.307292 0.029630 0.015625
0 0.838889 0.371875 0.029630 0.017708
0 0.850926 0.603125 0.033333 0.019792
0 0.010185 0.341667 0.018519 0.018750
0 0.702778 0.524479 0.031481 0.018750
