0 0.550926 0.253125 0.031481 0.018750
0 0.854630 0.520833 0.035185 0.018750
0 0.898148 0.273958 0.020370 0.014583
0 0.273148 0.263021 0.029630 0.017708
0 0.394444 0.700000 0.035185 0.023958
0 0.523148 0.692187 0.031481 0.017708
0 0.481481 0.435937 0.037037 0.020833
0 0.952778 0.491146 0.022222 0.010417
0 0.244444 0.680208 0.025926 0.015625
0 0.431481 0.785937 0.042593 0.022917
0 0.554630 0.360417 0.040741 0.025000
0 0.321296 0.283333 0.025926 0.014583
0 0.986111 0.336458 0.029630 0.017708
0 0.988889 0.580208 0.022222 0.020833
0 0.878704 0.263542 0.038889 0.025000
0 0.513889 0.658854 0.038889 0.020833
0 0.987963 0.579167 0.024074 0.018750
0 0.995370 0.508854 0.005556 0.018750
0 0.529630 0.719271 0.033333 0.018750
0 0.904630 0.694271 0.044444 0.025000
0 0.585185 0.383854 0.042593 0.022917
0 0.953704 0.506250 0.038889 0.021875
0 0.636111 0.672396 0.035185 0.018750
0 0.568519 0.778646 0.029630 0.018750
0 0.992593 0.575521 0.011111 0.019792
0 0.789815 0.728125 0.046296 0.021875
0 0.996296 0.431771 0.007407 0.017708
0 0.885185 0.251042 0.027778 0.015625
0 0.607407 0.664583 0.037037 0.020833
0 0.511111 0.670312 0.033333 0.015625
0 0.841667 0.553125 0.025926 0.019792
0 0.271296 0.685417 0.027778 0.016667
0 0.862037 0.576562 0.024074 0.015625
0 0.884259 0.281771 0.031481 0.017708
0 0.997222 0.522396 0.012963 0.020833
0 0.623148 0.776042 0.025926 0.015625
0 0.761111 0.552083 0.040741 0.022917
0 0.289815 0.680729 0.022222 0.013542
0 0.873148 0.705729 0.024074 0.014583
0 0.474074 0.652604 0.027778 0.016667
0 0.989815 0.575521 0.018519 0.021875
0 0.940741 0.641146 0.025926 0.014583
0 1.011111 0.559896 0.033333 0.019792
0 0.511111 0.541146 0.029630 0.016667
0 0.642593 0.452083 0.038889 0.022917
0 0.176852 0.305729 0.020370 0.009375
0 0.869444 0.285938 0.022222 0.015625
0 0.693519 0.638021 0.035185 0.016667
0 0.829630 0.531250 0.027778 0.015625
0 0.830556 0.553125 0.025926 0.016667
0 0.167593 0.449479 0.025926 0.016667
0 1.003704 0.367188 0.029630 0.013542
0 0.987963 0.540104 0.024074 0.025000
0 0.882407 0.272917 0.031481 0.015625
0 0.525000 0.522917 0.038889 0.021875
0 0.428704 0.688021 0.040741 0.025000
0 0.991667 0.541667 0.014815 0.021875
0 0.806481 0.489063 0.046296 0.025000
0 0.988889 0.373958 0.018519 0.021875
0 0.602778 0.739583 0.031481 0.017708
0 0.867593 0.722917 0.037037 0.019792
0 0.998148 0.389062 0.029630 0.020833
0 0.651852 0.767708 0.024074 0.016667
0 0.762963 0.217708 0.042593 0.025000
0 0.923148 0.545833 0.048148 0.023958
0 0.835185 0.727083 0.035185 0.018750
0 0.209259 0.477604 0.025926 0.014583
0 0.026852 0.700521 0.033333 0.017708
0 0.625000 0.667708 0.033333 0.020833
0 0.273148 0.557292 0.024074 0.014583
0 0.026852 0.653125 0.027778 0.014583
0 0.022222 0.667708 0.040741 0.018750
0 0.902778 0.435937 0.029630 0.019792
0 0.608333 0.664583 0.037037 0.020833
0 0.050000 0.675521 0.033333 0.017708
0 0.541667 0.555729 0.024074 0.012500
0 0.694444 0.664062 0.031481 0.018750
0 0.346296 0.689583 0.027778 0.014583
0 0.131481 0.326562 0.033333 0.017708
0 0.168519 0.256771 0.016667 0.018750
0 0.358333 0.655729 0.037037 0.020833
0 -0.075926 0.337500 0.000000 0.000000
0 0.991667 0.577604 0.012963 0.018750
0 0.145370 0.347917 0.029630 0.015625
0 0.876852 0.486458 0.020370 0.013542
0 0.392593 0.700521 0.037037 0.022917
0 0.162037 0.364063 0.029630 0.015625
0 0.182407 0.643750 0.029630 0.017708
0 0.732407 0.580208 0.050000 0.026042
0 0.563889 0.286979 0.024074 0.012500
0 0.002778 0.702083 0.005556 0.016667
