0 0.753704 0.312500 0.029630 0.017708
0 0.682407 0.311979 0.022222 0.013542
0 0.702778 0.544792 0.033333 0.019792
0 0.762963 0.304688 0.018519 0.014583
0 0.126852 0.280729 0.029630 0.015625
0 0.349074 0.710417 0.029630 0.017708
0 0.307407 0.454688 0.038889 0.021875
0 0.759259 0.515104 0.020370 0.010417
0 0.098148 0.696875 0.027778 0.014583
0 0.261111 0.804688 0.042593 0.026042
0 0.358333 0.381250 0.040741 0.023958
0 0.168519 0.310937 0.029630 0.015625
0 0.876852 0.369792 0.025926 0.014583
0 0.833333 0.606250 0.035185 0.019792
0 0.697222 0.292708 0.038889 0.026042
0 0.326852 0.676042 0.037037 0.018750
0 0.876852 0.604167 0.037037 0.018750
0 0.905556 0.540625 0.035185 0.020833
0 0.357407 0.738021 0.031481 0.018750
0 0.722222 0.717708 0.042593 0.025000
0 0.388889 0.404687 0.040741 0.021875
0 0.759259 0.530208 0.037037 0.020833
0 0.450926 0.691146 0.031481 0.019792
0 0.397222 0.799479 0.031481 0.018750
0 0.897222 0.591146 0.031481 0.018750
0 0.596296 0.750000 0.042593 0.020833
0 0.835185 0.461458 0.044444 0.023958
0 0.705556 0.280729 0.033333 0.018750
0 0.430556 0.686979 0.035185 0.018750
0 0.327778 0.688021 0.035185 0.014583
0 0.688889 0.576042 0.029630 0.017708
0 0.123148 0.701562 0.029630 0.016667
0 0.700926 0.600521 0.029630 0.015625
0 0.355556 0.698958 0.024074 0.011458
0 0.703704 0.730208 0.029630 0.016667
0 0.285185 0.668229 0.027778 0.016667
0 0.865741 0.598958 0.029630 0.017708
0 0.753704 0.663542 0.025926 0.014583
0 0.854630 0.587500 0.027778 0.015625
0 0.500926 0.242188 0.024074 0.012500
0 0.299074 0.387500 0.022222 0.008333
0 0.377778 0.560417 0.027778 0.014583
0 0.470370 0.472396 0.035185 0.020833
0 0.138889 0.293229 0.022222 0.011458
0 0.737037 0.317188 0.024074 0.017708
0 0.504630 0.657813 0.029630 0.017708
0 0.680556 0.555208 0.029630 0.016667
0 0.655556 0.576562 0.027778 0.016667
0 0.051852 0.466667 0.027778 0.014583
0 0.854630 0.382292 0.027778 0.013542
0 0.846296 0.565104 0.037037 0.019792
0 0.825926 0.548438 0.037037 0.020833
0 0.455556 0.796875 0.027778 0.016667
0 0.562963 0.571875 0.040741 0.022917
0 0.897222 0.570312 0.029630 0.017708
0 0.277778 0.386979 0.027778 0.013542
0 0.172222 0.671354 0.037037 0.018750
0 0.200000 0.715625 0.031481 0.021875
0 0.023148 0.367188 0.025926 0.014583
0 0.876852 0.603646 0.033333 0.018750
0 0.013889 0.345833 0.027778 0.016667
0 0.719444 0.523958 0.033333 0.019792
0 0.205556 0.714063 0.035185 0.025000
0 0.039815 0.382292 0.031481 0.015625
0 0.040741 0.658854 0.033333 0.017708
0 0.546296 0.600521 0.048148 0.026042
0 0.701852 0.302083 0.031481 0.015625
0 0.350926 0.541146 0.038889 0.022917
0 0.237037 0.703646 0.042593 0.023958
0 0.880556 0.557292 0.033333 0.018750
0 0.599074 0.510417 0.040741 0.025000
0 0.863889 0.409896 0.046296 0.022917
0 0.430556 0.760417 0.029630 0.017708
0 0.681481 0.746354 0.033333 0.020833
0 0.882407 0.412500 0.027778 0.018750
0 0.483333 0.789062 0.029630 0.016667
0 0.582407 0.246875 0.037037 0.022917
0 0.736111 0.569271 0.044444 0.023958
0 0.648148 0.749479 0.033333 0.018750
0 0.438889 0.281250 0.029630 0.019792
0 0.095370 0.494792 0.025926 0.014583
