0 1.002778 0.300000 0.024074 0.015625
0 0.990741 0.535417 0.016667 0.026042
0 0.365741 0.455729 0.025926 0.016667
0 0.963889 0.635417 0.029630 0.013542
0 0.993519 0.541667 0.031481 0.017708
0 0.991667 0.576042 0.014815 0.017708
0 0.745370 0.648438 0.024074 0.016667
0 0.969444 0.700000 0.029630 0.013542
0 0.505556 0.678125 0.020370 0.012500
0 0.994444 0.545312 0.009259 0.022917
0 0.852778 0.771354 0.022222 0.012500
0 0.993519 0.521354 0.011111 0.017708
0 1.005556 0.295312 0.029630 0.018750
0 1.009259 0.568750 0.035185 0.022917
0 0.487963 0.684375 0.029630 0.015625
0 1.008333 0.518750 0.033333 0.025000
0 0.773148 0.666667 0.031481 0.015625
0 0.858333 0.661458 0.038889 0.021875
0 1.003704 0.286979 0.027778 0.015625
0 0.996296 0.401042 0.005556 0.014583
0 0.993519 0.719271 0.012963 0.022917
0 0.993519 0.602604 0.012963 0.020833
0 0.801852 0.773958 0.031481 0.018750
0 0.891667 0.666667 0.038889 0.025000
0 0.996296 0.453646 0.005556 0.016667
0 0.878704 0.390104 0.042593 0.021875
0 0.993519 0.649479 0.012963 0.022917
0 0.768519 0.715625 0.033333 0.018750
0 1.008333 0.504687 0.074074 0.036458
0 0.985185 0.597917 0.025926 0.021875
0 0.780556 0.655729 0.037037 0.019792
0 0.987963 0.271354 0.024074 0.019792
0 0.995370 0.606250 0.009259 0.022917
0 0.987037 0.343229 0.029630 0.017708
0 0.854630 0.368229 0.042593 0.021875
0 0.637037 0.770312 0.027778 0.018750
0 0.267593 0.698438 0.029630 0.018750
0 0.286111 0.675000 0.025926 0.014583
0 0.753704 0.555208 0.020370 0.011458
0 0.925926 0.663542 0.025926 0.014583
0 0.549074 0.689583 0.027778 0.013542
0 0.353704 0.336979 0.031481 0.016667
0 0.423148 0.279167 0.025926 0.015625
0 0.631481 0.652083 0.042593 0.021875
0 0.000000 0.000000 0.000000 0.000000
0 0.991667 0.596354 0.014815 0.019792
0 0.358333 0.356771 0.027778 0.015625
0 0.996296 0.495833 0.022222 0.012500
0 0.664815 0.695312 0.037037 0.022917
0 0.378704 0.372917 0.027778 0.015625
0 0.396296 0.643750 0.029630 0.016667
0 0.983333 0.580208 0.029630 0.026042
0 0.781481 0.524479 0.040741 0.020833
0 0.698148 0.682813 0.046296 0.025000
0 0.992593 0.541667 0.011111 0.016667
0 0.993519 0.502604 0.011111 0.022917
0 0.987963 0.408854 0.020370 0.022917
0 0.836111 0.735938 0.029630 0.017708
0 0.994444 0.715104 0.011111 0.016667
0 0.878704 0.763542 0.024074 0.015625
0 0.994444 0.223958 0.009259 0.019792
0 0.995370 0.520312 0.007407 0.020833
0 0.991667 0.725000 0.016667 0.015625
0 0.738889 0.266667 0.029630 0.020833
0 0.398148 0.483333 0.024074 0.013542
0 0.996296 0.526042 0.024074 0.018750
0 0.584259 0.276562 0.033333 0.019792
0 0.664815 0.695312 0.037037 0.021875
0 0.768519 0.689063 0.029630 0.016667
0 0.747222 0.441146 0.037037 0.020833
0 0.459259 0.679688 0.025926 0.015625
0 0.283333 0.651563 0.024074 0.012500
0 0.478704 0.559896 0.025926 0.014583
0 0.890741 0.666667 0.038889 0.025000
0 0.229630 0.700000 0.031481 0.017708
0 0.726852 0.298438 0.024074 0.013542
0 0.230556 0.675000 0.035185 0.020833
0 0.038889 0.370312 0.025926 0.012500
0 0.474074 0.507292 0.022222 0.012500
0 0.029630 0.406250 0.024074 0.013542
0 0.086111 0.392708 0.018519 0.010417
0 0.012963 0.376563 0.025926 0.018750
0 0.200000 0.655729 0.027778 0.014583
0 0.010185 0.282813 0.020370 0.015625
0 1.006481 0.464062 0.027778 0.017708
0 0.858333 0.661979 0.031481 0.020833
0 0.282407 0.666667 0.037037 0.019792
