0 0.933333 0.482292 0.029630 0.016667
0 0.943519 0.456250 0.016667 0.008333
0 0.889815 0.552604 0.025926 0.015625
0 0.934259 0.483333 0.027778 0.016667
0 0.932407 0.255208 0.025926 0.013542
0 0.941667 0.475000 0.018519 0.011458
0 0.904630 0.282813 0.025926 0.012500
0 0.962963 0.472917 0.025926 0.014583
0 0.928704 0.290104 0.022222 0.013542
0 0.955556 0.460417 0.025926 0.014583
0 0.912963 0.297396 0.024074 0.014583
0 0.985185 0.448958 0.018519 0.013542
0 0.984259 0.282292 0.024074 0.016667
0 0.995370 0.435937 0.007407 0.014583
0 0.983333 0.282292 0.025926 0.014583
0 0.996296 0.396354 0.005556 0.016667
0 0.573148 0.676042 0.024074 0.011458
0 0.626852 0.486458 0.029630 0.017708
0 0.996296 0.281250 0.005556 0.016667
0 0.615741 0.463542 0.027778 0.016667
0 0.913889 0.278125 0.042593 0.027083
0 0.863889 0.560417 0.018519 0.012500
0 0.964815 0.160417 0.011111 0.007292
0 0.980556 0.283333 0.016667 0.015625
0 0.827778 0.687500 0.018519 0.010417
0 0.913889 0.283333 0.027778 0.011458
0 0.904630 0.282813 0.022222 0.012500
0 0.995370 0.690104 0.007407 0.015625
0 0.899074 0.267188 0.024074 0.012500
0 0.878704 0.579688 0.012963 0.006250
0 0.905556 0.492188 0.024074 0.014583
0 0.913889 0.284375 0.020370 0.011458
0 0.889815 0.552604 0.025926 0.013542
0 0.920370 0.280208 0.024074 0.014583
0 0.730556 0.688021 0.031481 0.017708
0 0.300000 0.322396 0.027778 0.015625
0 0.688889 0.650000 0.025926 0.014583
0 0.166667 0.232292 0.027778 0.018750
0 0.300926 0.544792 0.024074 0.014583
0 0.741667 0.322917 0.031481 0.018750
0 0.117593 0.443750 0.025926 0.011458
0 0.337963 0.138542 0.022222 0.014583
0 0.897222 0.486458 0.024074 0.014583
0 0.095370 0.410417 0.038889 0.021875
0 0.111111 0.538542 0.029630 0.014583
0 0.135185 0.533854 0.031481 0.017708
0 0.464815 0.506250 0.016667 0.011458
0 0.157407 0.529167 0.029630 0.017708
0 0.559259 0.468750 0.024074 0.014583
0 0.465741 0.268229 0.027778 0.018750
0 0.157407 0.236979 0.029630 0.018750
0 0.162037 0.233854 0.035185 0.018750
0 0.192593 0.529167 0.035185 0.019792
0 1.002778 0.691667 0.025926 0.012500
0 0.221296 0.201042 0.037037 0.021875
0 0.982407 0.415625 0.020370 0.014583
0 0.195370 0.252604 0.031481 0.018750
0 0.333333 0.120313 0.025926 0.013542
0 0.274074 0.421354 0.035185 0.020833
0 0.275000 0.435937 0.031481 0.017708
0 0.225926 0.528646 0.033333 0.017708
0 0.328704 0.694792 0.027778 0.017708
0 0.280556 0.307292 0.029630 0.016667
0 0.253704 0.308854 0.029630 0.018750
0 0.456481 0.214583 0.031481 0.016667
0 0.454630 0.257292 0.031481 0.017708
0 0.297222 0.434375 0.025926 0.018750
0 0.240741 0.505208 0.014815 0.008333
0 0.300000 0.700000 0.031481 0.018750
0 0.326852 0.133854 0.025926 0.015625
0 0.662963 0.352083 0.037037 0.022917
0 0.316667 0.598437 0.029630 0.018750
0 0.350926 0.705729 0.033333 0.021875
0 0.326852 0.133333 0.025926 0.015625
0 0.238889 0.516146 0.022222 0.013542
0 0.266667 0.479167 0.029630 0.016667
0 0.400926 0.409375 0.048148 0.028125
0 0.357407 0.676562 0.031481 0.020833
0 0.261111 0.513021 0.025926 0.014583
0 0.412963 0.438021 0.050000 0.026042
0 0.442593 0.421354 0.048148 0.029167
0 0.475926 0.439583 0.048148 0.026042
0 0.489815 0.659375 0.033333 0.020833
0 0.512037 0.695833 0.033333 0.021875
0 0.449074 0.708854 0.025926 0.015625
0 0.448148 0.271354 0.024074 0.013542
0 0.460185 0.717187 0.033333 0.018750
0 0.656481 0.573438 0.018519 0.010417
0 0.919444 0.281771 0.022222 0.014583
