0 0.821296 0.509896 0.020370 0.009375
0 0.244444 0.712500 0.029630 0.015625
0 0.026852 0.347917 0.033333 0.017708
0 0.034259 0.278646 0.016667 0.017708
0 0.236111 0.678125 0.035185 0.018750
0 -0.075000 0.337500 0.001852 0.000000
0 0.926852 0.595833 0.033333 0.019792
0 0.038889 0.369792 0.029630 0.016667
0 0.779630 0.518750 0.033333 0.019792
0 0.270370 0.722396 0.035185 0.023958
0 0.058333 0.384375 0.031481 0.015625
0 0.076852 0.666667 0.031481 0.019792
0 0.610185 0.598437 0.046296 0.028125
0 0.750926 0.296354 0.031481 0.015625
0 0.407407 0.542188 0.038889 0.022917
0 0.307407 0.708854 0.040741 0.026042
0 0.933333 0.548958 0.033333 0.018750
0 0.671296 0.508333 0.042593 0.026042
0 0.927778 0.402083 0.040741 0.022917
0 0.492593 0.760417 0.031481 0.016667
0 0.749074 0.740625 0.037037 0.019792
0 0.948148 0.405208 0.027778 0.019792
0 0.543519 0.788021 0.027778 0.017708
0 0.630556 0.241667 0.042593 0.023958
0 0.796296 0.564063 0.042593 0.025000
0 0.716667 0.744792 0.031481 0.019792
0 0.450000 0.276562 0.031481 0.019792
0 0.112037 0.498437 0.025926 0.013542
0 0.734259 0.306771 0.020370 0.013542
0 0.744444 0.538542 0.031481 0.017708
0 0.781481 0.296354 0.020370 0.014583
0 0.141667 0.282813 0.027778 0.016667
0 0.270370 0.721875 0.038889 0.025000
0 0.410185 0.712500 0.031481 0.016667
0 0.359259 0.455729 0.037037 0.020833
0 0.137963 0.703646 0.029630 0.015625
0 0.320370 0.808854 0.042593 0.025000
0 0.420370 0.380208 0.040741 0.023958
0 0.216667 0.303646 0.027778 0.015625
0 0.901852 0.363021 0.029630 0.017708
0 0.881481 0.597917 0.035185 0.019792
0 0.746296 0.288021 0.040741 0.027083
0 0.394444 0.679167 0.037037 0.020833
0 0.925000 0.595313 0.037037 0.019792
0 0.961111 0.532292 0.035185 0.018750
0 0.418519 0.739583 0.031481 0.018750
0 0.787037 0.711458 0.042593 0.023958
0 0.451852 0.404167 0.040741 0.021875
0 0.822222 0.524479 0.037037 0.021875
0 0.517593 0.691667 0.033333 0.020833
0 0.459259 0.800521 0.031481 0.019792
0 0.945370 0.581771 0.031481 0.018750
0 0.668519 0.746875 0.044444 0.022917
0 0.900000 0.455208 0.044444 0.023958
0 0.751852 0.275000 0.027778 0.016667
0 0.497222 0.685417 0.042593 0.019792
0 0.393519 0.690104 0.033333 0.015625
0 0.730556 0.570833 0.029630 0.018750
0 0.164815 0.707812 0.031481 0.016667
0 0.741667 0.593750 0.024074 0.014583
0 0.773148 0.304167 0.029630 0.018750
0 0.884259 0.541146 0.037037 0.020833
0 0.514815 0.796354 0.027778 0.015625
0 0.631481 0.570312 0.040741 0.022917
0 0.945370 0.560937 0.029630 0.016667
0 0.320370 0.388542 0.027778 0.013542
0 0.187037 0.702604 0.024074 0.013542
0 0.415741 0.701562 0.020370 0.010417
0 0.752778 0.723437 0.025926 0.014583
0 0.904630 0.557292 0.038889 0.019792
0 0.352778 0.672396 0.027778 0.017708
0 0.912037 0.591146 0.029630 0.017708
0 0.818519 0.658854 0.025926 0.014583
0 0.895370 0.578646 0.029630 0.017708
0 0.510185 0.237500 0.024074 0.013542
0 0.351852 0.388021 0.020370 0.008333
0 0.414815 0.561458 0.027778 0.015625
0 0.523148 0.471354 0.038889 0.022917
0 0.154630 0.301563 0.020370 0.010417
0 0.754630 0.307812 0.025926 0.016667
0 0.572222 0.656771 0.027778 0.017708
0 0.721296 0.549479 0.029630 0.016667
0 0.708333 0.572396 0.027778 0.016667
0 0.068519 0.470313 0.027778 0.015625
0 0.884259 0.382812 0.027778 0.013542
