0 0.389815 0.575521 0.022222 0.012500
0 0.322222 0.315625 0.024074 0.016667
0 0.014815 0.690625 0.029630 0.018750
0 0.956481 0.466146 0.025926 0.011458
0 0.066667 0.506771 0.029630 0.015625
0 0.564815 0.311458 0.024074 0.014583
0 0.064815 0.468229 0.025926 0.009375
0 0.932407 0.650521 0.029630 0.015625
0 0.287037 0.313542 0.022222 0.014583
0 0.537963 0.192188 0.011111 0.007292
0 0.552778 0.312500 0.020370 0.013542
0 0.991667 0.324479 0.016667 0.014583
0 0.224074 0.350521 0.027778 0.014583
0 0.238889 0.703646 0.027778 0.012500
0 0.261111 0.547917 0.029630 0.017708
0 0.996296 0.545312 0.007407 0.011458
0 1.000926 0.702604 0.018519 0.016667
0 0.300000 0.318750 0.029630 0.017708
0 0.337963 0.314063 0.035185 0.019792
0 0.371296 0.704688 0.029630 0.017708
0 0.980556 0.482292 0.027778 0.016667
0 0.996296 0.719792 0.005556 0.014583
0 0.994444 0.556250 0.009259 0.021875
0 0.994444 0.714063 0.009259 0.014583
0 0.992593 0.777083 0.012963 0.016667
0 0.995370 0.707812 0.005556 0.010417
0 0.999074 0.436458 0.000000 0.000000
0 0.992593 0.597917 0.014815 0.027083
0 0.994444 0.602604 0.009259 0.019792
0 0.992593 0.715625 0.012963 0.018750
0 0.990741 0.510417 0.016667 0.014583
0 0.346296 0.300000 0.029630 0.015625
0 0.599074 0.397396 0.022222 0.012500
0 0.362037 0.567187 0.025926 0.015625
0 0.550000 0.491667 0.018519 0.010417
0 0.423148 0.511979 0.020370 0.013542
0 0.410185 0.566667 0.025926 0.011458
0 0.996296 0.426042 0.003704 0.015625
0 0.519444 0.311979 0.020370 0.012500
0 0.405556 0.575000 0.024074 0.014583
0 0.511111 0.303646 0.024074 0.014583
0 0.990741 0.750000 0.016667 0.022917
0 0.995370 0.721354 0.007407 0.022917
0 0.995370 0.597917 0.025926 0.011458
0 0.441667 0.509375 0.029630 0.017708
0 0.994444 0.530208 0.009259 0.011458
0 0.472222 0.482812 0.022222 0.012500
0 0.406481 0.575000 0.025926 0.014583
0 0.993519 0.692187 0.011111 0.015625
0 0.442593 0.508854 0.027778 0.015625
0 0.452778 0.504167 0.018519 0.012500
0 0.485185 0.284896 0.024074 0.015625
0 0.475000 0.497396 0.024074 0.014583
0 0.467593 0.311458 0.025926 0.014583
0 0.996296 0.695833 0.005556 0.018750
0 0.513889 0.497917 0.022222 0.014583
0 0.487037 0.315104 0.020370 0.013542
0 0.511111 0.487500 0.022222 0.010417
0 0.491667 0.326042 0.022222 0.013542
0 0.992593 0.753125 0.014815 0.037500
0 0.540741 0.476042 0.022222 0.011458
0 0.552778 0.312500 0.020370 0.014583
0 0.997222 0.280208 0.005556 0.015625
0 0.620370 0.490104 0.025926 0.015625
0 0.595370 0.310937 0.022222 0.015625
0 0.894444 0.681250 0.033333 0.019792
0 0.673148 0.402083 0.029630 0.017708
0 0.625000 0.417708 0.020370 0.010417
0 1.000926 0.516146 0.003704 0.003125
0 0.982407 0.705208 0.035185 0.019792
0 0.940741 0.729688 0.035185 0.018750
0 0.995370 0.545833 0.020370 0.011458
0 0.988889 0.671354 0.022222 0.013542
0 0.975926 0.729688 0.031481 0.017708
0 0.991667 0.717708 0.014815 0.020833
0 0.995370 0.359896 0.009259 0.014583
0 0.992593 0.311979 0.012963 0.014583
0 0.993519 0.683333 0.012963 0.017708
0 0.994444 0.384896 0.007407 0.013542
0 0.994444 0.741667 0.011111 0.019792
0 0.994444 0.401042 0.007407 0.015625
0 0.993519 0.676562 0.011111 0.015625
0 0.994444 0.595833 0.011111 0.026042
0 0.988889 0.813542 0.018519 0.031250
0 0.990741 0.253125 0.018519 0.010417
0 0.992593 0.275000 0.011111 0.015625
