0 0.996296 0.690104 0.014815 0.025000
0 0.604630 0.710417 0.029630 0.016667
0 0.637037 0.686458 0.022222 0.011458
0 0.862963 0.705729 0.027778 0.015625
0 0.676852 0.345833 0.031481 0.016667
0 0.719444 0.288021 0.027778 0.015625
0 0.992593 0.668750 0.014815 0.018750
0 0.673148 0.365625 0.027778 0.015625
0 0.994444 0.713542 0.011111 0.019792
0 0.695370 0.381771 0.027778 0.015625
0 0.712037 0.656771 0.031481 0.017708
0 0.994444 0.644271 0.009259 0.023958
0 0.993519 0.546875 0.011111 0.018750
0 0.991667 0.730729 0.014815 0.023958
0 0.990741 0.753125 0.018519 0.018750
0 0.990741 0.769792 0.014815 0.008333
0 0.990741 0.232292 0.020370 0.011458
0 0.992593 0.268229 0.012963 0.018750
0 0.687037 0.493229 0.024074 0.013542
0 0.989815 0.717708 0.016667 0.023958
0 0.991667 0.713542 0.014815 0.019792
0 0.994444 0.460417 0.009259 0.022917
0 0.780556 0.693750 0.027778 0.017708
0 0.983333 0.790625 0.031481 0.019792
0 0.994444 0.378125 0.009259 0.022917
0 0.994444 0.256771 0.007407 0.014583
0 0.994444 0.654167 0.011111 0.018750
0 0.993519 0.714583 0.009259 0.018750
0 0.992593 0.421354 0.011111 0.023958
0 0.994444 0.618750 0.007407 0.020833
0 0.990741 0.770312 0.012963 0.018750
0 0.991667 0.758854 0.012963 0.026042
0 0.995370 0.667708 0.009259 0.018750
0 0.995370 0.640625 0.005556 0.011458
0 0.812963 0.699479 0.033333 0.017708
0 0.992593 0.529687 0.012963 0.028125
0 0.128704 0.494792 0.029630 0.015625
0 0.946296 0.540104 0.024074 0.011458
0 0.988889 0.626563 0.022222 0.017708
0 0.231481 0.284896 0.025926 0.012500
0 0.100000 0.561458 0.024074 0.014583
0 0.245370 0.295833 0.018519 0.012500
0 0.903704 0.385937 0.033333 0.016667
0 0.100926 0.553125 0.024074 0.010417
0 0.112963 0.498437 0.020370 0.013542
0 0.271296 0.475521 0.022222 0.012500
0 0.035185 0.550521 0.022222 0.012500
0 0.316667 0.380208 0.020370 0.012500
0 0.767593 0.520833 0.020370 0.010417
0 0.175926 0.468229 0.020370 0.011458
0 0.113889 0.561458 0.020370 0.012500
0 0.998148 0.697396 0.011111 0.015625
0 0.138889 0.497917 0.025926 0.013542
0 0.153704 0.490104 0.022222 0.013542
0 0.182407 0.266667 0.027778 0.015625
0 0.184259 0.482812 0.025926 0.014583
0 0.190741 0.294271 0.024074 0.014583
0 0.900926 0.645312 0.037037 0.019792
0 0.223148 0.483333 0.024074 0.014583
0 0.213889 0.297917 0.022222 0.013542
0 0.240741 0.475000 0.025926 0.012500
0 0.998148 0.676562 0.033333 0.014583
0 0.995370 0.639583 0.031481 0.014583
0 0.663889 0.465625 0.027778 0.016667
0 0.265741 0.294792 0.027778 0.014583
0 0.755556 0.278125 0.029630 0.014583
0 0.298148 0.475521 0.025926 0.015625
0 0.298148 0.293750 0.024074 0.014583
0 0.534259 0.664062 0.033333 0.019792
0 0.332407 0.386458 0.029630 0.017708
0 0.350926 0.402604 0.020370 0.010417
0 0.312963 0.417187 0.014815 0.008333
0 0.750000 0.517708 0.022222 0.012500
0 0.337963 0.379688 0.016667 0.010417
0 0.587963 0.685937 0.035185 0.020833
0 0.996296 0.306250 0.022222 0.011458
0 0.569444 0.710938 0.031481 0.017708
0 0.991667 0.686979 0.014815 0.028125
0 0.789815 0.571354 0.025926 0.013542
0 0.642593 0.663542 0.018519 0.010417
0 0.640741 0.678125 0.033333 0.018750
0 0.222222 0.307812 0.022222 0.012500
0 0.994444 0.800000 0.009259 0.022917
0 0.251852 0.460417 0.025926 0.013542
