0 0.392593 0.463542 0.044444 0.026042
0 0.881481 0.505729 0.018519 0.012500
0 0.892593 0.292187 0.024074 0.015625
0 0.877778 0.516146 0.027778 0.015625
0 0.832407 0.583854 0.024074 0.013542
0 0.884259 0.490104 0.016667 0.009375
0 0.878704 0.516667 0.027778 0.015625
0 0.874074 0.312500 0.024074 0.012500
0 0.832407 0.584896 0.025926 0.013542
0 0.882407 0.320312 0.022222 0.013542
0 0.832407 0.520312 0.024074 0.014583
0 0.763889 0.578646 0.014815 0.007292
0 1.000000 0.396354 0.016667 0.009375
0 0.837963 0.303646 0.024074 0.012500
0 0.933333 0.715104 0.029630 0.014583
0 0.837963 0.316667 0.033333 0.016667
0 0.812037 0.319271 0.029630 0.012500
0 0.709259 0.715625 0.018519 0.010417
0 0.947222 0.319271 0.024074 0.013542
0 0.932407 0.200521 0.012963 0.007292
0 0.764815 0.583333 0.020370 0.013542
0 0.804630 0.316146 0.037037 0.023958
0 0.551852 0.490104 0.025926 0.016667
0 0.972222 0.317708 0.025926 0.014583
0 0.557407 0.513021 0.029630 0.016667
0 0.480556 0.700000 0.025926 0.012500
0 0.818519 0.318750 0.022222 0.014583
0 0.563889 0.598958 0.018519 0.009375
0 0.387963 0.739583 0.035185 0.020833
0 0.399074 0.300000 0.029630 0.014583
0 0.808333 0.350000 0.025926 0.015625
0 0.371296 0.730208 0.027778 0.016667
0 0.432407 0.642708 0.029630 0.015625
0 0.415741 0.718229 0.033333 0.021875
0 0.342593 0.563021 0.029630 0.013542
0 0.395370 0.681771 0.031481 0.020833
0 0.849074 0.316146 0.022222 0.012500
0 0.394444 0.703125 0.031481 0.018750
0 0.327778 0.594271 0.014815 0.019792
0 0.357407 0.445312 0.044444 0.028125
0 0.330556 0.461458 0.048148 0.026042
0 0.225000 0.531250 0.024074 0.014583
0 0.274074 0.694792 0.035185 0.021875
0 0.318519 0.432812 0.046296 0.028125
0 0.224074 0.497396 0.029630 0.016667
0 0.204630 0.533854 0.024074 0.013542
0 0.280556 0.168229 0.022222 0.014583
0 0.995370 0.663542 0.005556 0.010417
0 0.996296 0.402604 0.007407 0.017708
0 0.987963 0.659375 0.022222 0.028125
0 0.991667 0.317188 0.014815 0.016667
0 0.996296 0.471875 0.005556 0.013542
0 0.948148 0.319792 0.024074 0.014583
0 0.938889 0.483854 0.018519 0.009375
0 0.845370 0.332292 0.024074 0.013542
0 0.905556 0.494271 0.024074 0.014583
0 0.850926 0.323437 0.022222 0.013542
0 0.916667 0.506250 0.025926 0.014583
0 0.996296 0.659896 0.007407 0.019792
0 0.109259 0.545833 0.027778 0.016667
0 0.429630 0.297396 0.031481 0.020833
0 0.496296 0.493750 0.020370 0.012500
0 0.424074 0.526563 0.020370 0.011458
0 0.073148 0.547917 0.035185 0.017708
0 0.051852 0.552083 0.029630 0.014583
0 0.037963 0.428125 0.037037 0.020833
0 0.844444 0.519792 0.029630 0.014583
0 0.293519 0.172917 0.022222 0.013542
0 0.262963 0.724479 0.035185 0.020833
0 0.243519 0.616146 0.031481 0.017708
0 0.601852 0.378646 0.037037 0.016667
0 0.279630 0.168229 0.025926 0.015625
0 0.220370 0.717708 0.027778 0.019792
0 0.189815 0.524479 0.016667 0.009375
0 0.230556 0.454688 0.027778 0.016667
0 0.406481 0.286979 0.029630 0.014583
0 0.417593 0.246354 0.031481 0.016667
0 0.225000 0.332292 0.027778 0.017708
0 0.248148 0.330729 0.027778 0.015625
0 0.244444 0.713021 0.027778 0.017708
0 0.173148 0.545833 0.031481 0.018750
0 0.206481 0.456250 0.033333 0.017708
0 0.203704 0.441146 0.035185 0.019792
0 0.287963 0.155729 0.024074 0.013542
0 0.172222 0.278125 0.031481 0.017708
0 0.931481 0.439063 0.022222 0.014583
0 0.185185 0.229167 0.037037 0.021875
0 0.919444 0.725000 0.027778 0.013542
0 0.139815 0.545312 0.035185 0.019792
0 0.141667 0.260417 0.031481 0.020833
0 0.147222 0.256771 0.020370 0.018750
