0 0.580556 0.668750 0.033333 0.020833
0 0.470370 0.672917 0.035185 0.015625
0 0.798148 0.553125 0.029630 0.017708
0 0.235185 0.690104 0.029630 0.015625
0 0.501852 0.362500 0.040741 0.023958
0 0.394444 0.789583 0.042593 0.021875
0 0.206481 0.685417 0.024074 0.014583
0 0.901852 0.491146 0.020370 0.010417
0 0.433333 0.438542 0.037037 0.020833
0 0.483333 0.694271 0.029630 0.017708
0 0.352778 0.704167 0.035185 0.022917
0 0.218519 0.265104 0.029630 0.017708
0 0.844444 0.275000 0.020370 0.014583
0 0.816667 0.576562 0.024074 0.015625
0 0.812037 0.520312 0.033333 0.018750
0 0.170370 0.482292 0.025926 0.013542
0 0.505556 0.255729 0.029630 0.018750
0 0.793519 0.726562 0.035185 0.019792
0 0.876852 0.545833 0.046296 0.025000
0 0.707407 0.218750 0.042593 0.023958
0 0.615741 0.768750 0.025926 0.015625
0 1.001852 0.390625 0.029630 0.020833
0 0.825000 0.722396 0.035185 0.018750
0 0.564815 0.741667 0.031481 0.017708
0 0.989815 0.379688 0.020370 0.021875
0 0.755556 0.490104 0.046296 0.026042
0 0.988889 0.535417 0.018519 0.019792
0 0.386111 0.691146 0.038889 0.023958
0 0.480556 0.525000 0.038889 0.021875
0 0.826852 0.273958 0.031481 0.015625
0 0.687037 0.581250 0.048148 0.027083
0 0.145370 0.649479 0.031481 0.018750
0 0.118519 0.368229 0.031481 0.015625
0 0.350926 0.704688 0.037037 0.022917
0 0.858333 0.500521 0.035185 0.021875
0 0.099074 0.352083 0.029630 0.014583
0 0.992593 0.577083 0.014815 0.020833
0 -0.075926 0.337500 0.000000 0.000000
0 0.836111 0.282813 0.033333 0.018750
0 0.568519 0.666146 0.038889 0.019792
0 0.829630 0.252083 0.029630 0.016667
0 0.980556 0.434896 0.037037 0.025000
0 0.747222 0.727604 0.044444 0.021875
0 0.992593 0.564583 0.012963 0.021875
0 0.532407 0.780729 0.031481 0.018750
0 0.594444 0.673438 0.033333 0.018750
0 0.903704 0.505729 0.037037 0.021875
0 0.531481 0.385937 0.042593 0.021875
0 0.862037 0.693750 0.044444 0.026042
0 0.490741 0.722396 0.031481 0.019792
0 0.995370 0.513542 0.005556 0.019792
0 0.994444 0.576562 0.024074 0.018750
0 0.472222 0.661458 0.037037 0.019792
0 0.823148 0.264583 0.040741 0.025000
0 0.953704 0.579167 0.037037 0.019792
0 0.853704 0.435937 0.027778 0.020833
0 0.001852 0.707292 0.003704 0.016667
0 0.013889 0.682813 0.027778 0.015625
0 0.505556 0.557813 0.024074 0.014583
0 0.656481 0.665625 0.029630 0.020833
0 0.311111 0.694271 0.027778 0.014583
0 0.086111 0.331250 0.033333 0.018750
0 0.111111 0.259375 0.016667 0.018750
0 0.315741 0.660417 0.035185 0.019792
0 0.969444 0.341146 0.029630 0.017708
0 0.275926 0.286458 0.027778 0.014583
0 0.828704 0.705729 0.025926 0.014583
0 0.982407 0.572396 0.027778 0.019792
0 0.896296 0.640625 0.025926 0.014583
0 0.967593 0.559375 0.031481 0.017708
0 0.473148 0.543750 0.029630 0.016667
0 0.596296 0.453646 0.040741 0.023958
0 0.170370 0.305729 0.020370 0.009375
0 0.815741 0.286458 0.024074 0.015625
0 0.650000 0.639583 0.031481 0.016667
0 0.787963 0.531771 0.027778 0.015625
0 0.781481 0.553646 0.025926 0.016667
0 0.126852 0.454167 0.025926 0.015625
0 0.971296 0.361979 0.027778 0.013542
0 0.981481 0.539062 0.035185 0.021875
0 0.252778 0.685417 0.022222 0.013542
0 0.712963 0.552604 0.042593 0.022917
0 0.586111 0.776563 0.025926 0.014583
0 0.962963 0.522396 0.038889 0.020833
0 0.431481 0.655208 0.025926 0.016667
