0 0.619444 0.739583 0.031481 0.017708
0 0.987963 0.377083 0.020370 0.022917
0 0.829630 0.490625 0.046296 0.026042
0 0.991667 0.540625 0.014815 0.022917
0 0.446296 0.686979 0.042593 0.022917
0 0.545370 0.522396 0.038889 0.021875
0 0.906481 0.274479 0.031481 0.015625
0 0.752778 0.581250 0.050000 0.028125
0 0.199074 0.641667 0.029630 0.018750
0 0.181481 0.362500 0.029630 0.015625
0 0.411111 0.699479 0.037037 0.022917
0 0.893519 0.488021 0.022222 0.012500
0 0.163889 0.345833 0.029630 0.014583
0 0.991667 0.581771 0.012963 0.019792
0 -0.075926 0.337500 0.000000 0.000000
0 0.376852 0.654687 0.037037 0.019792
0 0.195370 0.255208 0.018519 0.019792
0 0.152778 0.325000 0.035185 0.016667
0 0.361111 0.688542 0.029630 0.015625
0 0.710185 0.665104 0.033333 0.017708
0 0.556481 0.555729 0.022222 0.012500
0 0.066667 0.672917 0.031481 0.016667
0 0.045370 0.697396 0.031481 0.018750
0 0.625926 0.665104 0.035185 0.020833
0 0.341667 0.282813 0.027778 0.014583
0 0.040741 0.665104 0.038889 0.020833
0 0.046296 0.650000 0.025926 0.014583
0 0.290741 0.555729 0.024074 0.014583
0 0.645370 0.668750 0.031481 0.019792
0 0.011111 0.698438 0.022222 0.020833
0 0.581481 0.286458 0.024074 0.012500
0 0.922222 0.438021 0.029630 0.019792
0 0.578704 0.360417 0.042593 0.026042
0 0.982407 0.335938 0.029630 0.017708
0 0.999074 0.581250 0.007407 0.020833
0 0.903704 0.265104 0.038889 0.025000
0 0.533333 0.658854 0.037037 0.020833
0 0.446296 0.785417 0.042593 0.022917
0 0.260185 0.678646 0.025926 0.015625
0 0.975000 0.493229 0.022222 0.011458
0 0.502778 0.435937 0.038889 0.020833
0 0.540741 0.692187 0.031481 0.017708
0 0.412963 0.698958 0.035185 0.022917
0 0.298148 0.261979 0.029630 0.017708
0 0.922222 0.276562 0.018519 0.014583
0 0.873148 0.521875 0.035185 0.018750
0 0.225926 0.476042 0.025926 0.014583
0 0.569444 0.253125 0.029630 0.019792
0 0.853704 0.728125 0.033333 0.019792
0 0.944444 0.547917 0.048148 0.026042
0 0.787963 0.217708 0.042593 0.025000
0 0.668519 0.768229 0.025926 0.016667
0 1.000926 0.387500 0.029630 0.020833
0 0.887037 0.724479 0.037037 0.020833
0 0.625000 0.665104 0.033333 0.019792
0 0.911111 0.252083 0.027778 0.015625
0 0.995370 0.433333 0.005556 0.017708
0 0.809259 0.729688 0.044444 0.021875
0 0.993519 0.577604 0.011111 0.019792
0 0.585185 0.778125 0.029630 0.018750
0 0.654630 0.673438 0.033333 0.018750
0 0.975926 0.508333 0.040741 0.020833
0 0.608333 0.383854 0.046296 0.022917
0 0.923148 0.695833 0.044444 0.023958
0 0.987963 0.583854 0.024074 0.018750
0 0.995370 0.510417 0.005556 0.018750
0 0.546296 0.718750 0.033333 0.018750
0 0.961111 0.643229 0.025926 0.014583
0 0.989815 0.576562 0.018519 0.020833
0 0.492593 0.651563 0.027778 0.016667
0 0.891667 0.707292 0.024074 0.013542
0 0.305556 0.677604 0.020370 0.012500
0 0.782407 0.552604 0.040741 0.021875
0 0.638889 0.776042 0.025926 0.014583
0 0.993519 0.525000 0.012963 0.019792
0 0.904630 0.283333 0.027778 0.017708
0 0.881481 0.578125 0.024074 0.015625
0 0.287037 0.683854 0.027778 0.016667
0 0.860185 0.553646 0.024074 0.018750
0 0.987037 0.538542 0.024074 0.025000
0 1.003704 0.378646 0.029630 0.013542
0 0.185185 0.447396 0.025926 0.016667
0 0.850926 0.553646 0.025926 0.016667
0 0.848148 0.533333 0.025926 0.015625
0 0.712963 0.639583 0.035185 0.016667
0 0.893519 0.286979 0.022222 0.015625
0 0.197222 0.304688 0.018519 0.009375
0 0.980556 0.552604 0.035185 0.019792
0 0.662963 0.452604 0.038889 0.022917
0 0.529630 0.541146 0.027778 0.016667
0 0.529630 0.669792 0.033333 0.014583
