0 0.045370 0.548438 0.022222 0.012500
0 0.325926 0.379167 0.022222 0.012500
0 0.010185 0.281250 0.020370 0.017708
0 0.004630 0.690104 0.009259 0.018750
0 0.992593 0.687500 0.014815 0.028125
0 0.576852 0.710417 0.031481 0.017708
0 0.995370 0.306250 0.022222 0.011458
0 0.596296 0.685417 0.035185 0.019792
0 0.349074 0.378125 0.016667 0.010417
0 0.758333 0.517708 0.022222 0.012500
0 0.322222 0.416146 0.014815 0.008333
0 0.360185 0.401562 0.020370 0.009375
0 0.342593 0.385417 0.031481 0.018750
0 0.542593 0.663542 0.033333 0.018750
0 0.308333 0.292708 0.024074 0.014583
0 0.308333 0.473958 0.027778 0.015625
0 0.767593 0.277604 0.029630 0.014583
0 0.275926 0.293229 0.027778 0.014583
0 0.262037 0.458854 0.027778 0.014583
0 0.994444 0.800000 0.011111 0.023958
0 0.232407 0.306771 0.022222 0.012500
0 0.250000 0.473958 0.025926 0.012500
0 0.224074 0.296875 0.022222 0.012500
0 0.232407 0.481771 0.025926 0.013542
0 0.909259 0.645833 0.038889 0.020833
0 0.201852 0.292708 0.025926 0.014583
0 0.193519 0.481250 0.025926 0.014583
0 0.193519 0.265104 0.027778 0.014583
0 0.163889 0.488542 0.024074 0.013542
0 0.148148 0.496354 0.024074 0.013542
0 0.992593 0.700000 0.011111 0.015625
0 0.122222 0.559896 0.020370 0.011458
0 0.186111 0.467187 0.024074 0.011458
0 0.775000 0.520833 0.020370 0.010417
0 0.138889 0.493229 0.029630 0.015625
0 0.956481 0.540104 0.024074 0.011458
0 0.993519 0.627604 0.011111 0.019792
0 0.240741 0.283854 0.025926 0.012500
0 0.110185 0.559896 0.025926 0.014583
0 0.255556 0.294271 0.018519 0.011458
0 0.912963 0.385937 0.031481 0.015625
0 0.110185 0.551562 0.024074 0.010417
0 0.123148 0.495833 0.022222 0.013542
0 0.281481 0.474479 0.022222 0.012500
0 0.992593 0.715104 0.014815 0.019792
0 0.994444 0.462500 0.009259 0.022917
0 0.787963 0.693750 0.027778 0.018750
0 0.987963 0.791667 0.024074 0.019792
0 0.994444 0.379688 0.009259 0.022917
0 0.994444 0.256771 0.007407 0.014583
0 0.993519 0.653125 0.009259 0.018750
0 0.994444 0.713542 0.009259 0.017708
0 0.992593 0.422396 0.011111 0.023958
0 0.995370 0.616667 0.009259 0.019792
0 0.992593 0.775000 0.011111 0.019792
0 0.992593 0.759375 0.014815 0.026042
0 0.995370 0.666146 0.009259 0.019792
0 0.995370 0.639583 0.005556 0.011458
0 0.821296 0.699479 0.035185 0.017708
0 0.992593 0.529687 0.014815 0.028125
0 1.000000 0.675521 0.033333 0.014583
0 0.995370 0.638542 0.031481 0.014583
0 0.997222 0.687500 0.014815 0.025000
0 0.799074 0.571354 0.024074 0.012500
0 0.652778 0.663542 0.018519 0.010417
0 0.650000 0.678125 0.033333 0.017708
0 0.673148 0.465625 0.027778 0.016667
0 0.612963 0.709896 0.027778 0.016667
0 0.645370 0.685937 0.020370 0.011458
0 0.871296 0.706250 0.029630 0.015625
0 0.686111 0.345313 0.031481 0.016667
0 0.729630 0.287500 0.027778 0.015625
0 0.991667 0.665625 0.014815 0.019792
0 0.683333 0.365104 0.027778 0.015625
0 0.993519 0.714063 0.009259 0.019792
0 0.706481 0.381771 0.029630 0.015625
0 0.720370 0.656771 0.031481 0.017708
0 0.994444 0.647396 0.009259 0.023958
0 0.994444 0.546875 0.011111 0.018750
0 0.990741 0.731771 0.014815 0.025000
0 0.989815 0.754687 0.018519 0.018750
0 0.989815 0.769271 0.014815 0.008333
0 0.990741 0.232292 0.020370 0.011458
0 0.992593 0.267188 0.012963 0.018750
0 0.695370 0.493229 0.024074 0.013542
0 0.990741 0.716667 0.016667 0.023958
