0 0.312037 0.708333 0.040741 0.025000
0 0.938889 0.547917 0.033333 0.018750
0 0.675926 0.507292 0.042593 0.025000
0 0.933333 0.400521 0.038889 0.021875
0 0.498148 0.759375 0.031481 0.017708
0 0.754630 0.739062 0.033333 0.020833
0 0.953704 0.404167 0.027778 0.019792
0 0.550000 0.786458 0.027778 0.016667
0 0.633333 0.240104 0.040741 0.023958
0 0.803704 0.563021 0.046296 0.023958
0 0.723148 0.743229 0.033333 0.019792
0 0.451852 0.275000 0.029630 0.018750
0 0.114815 0.497396 0.025926 0.013542
0 0.737963 0.305208 0.022222 0.013542
0 0.749074 0.537500 0.029630 0.017708
0 0.145370 0.281771 0.027778 0.016667
0 0.784259 0.294792 0.020370 0.014583
0 0.593519 0.682292 0.031481 0.019792
0 0.250000 0.710938 0.029630 0.015625
0 0.028704 0.346875 0.033333 0.017708
0 0.037963 0.277604 0.016667 0.018750
0 0.240741 0.676562 0.033333 0.019792
0 -0.075000 0.337500 0.001852 0.000000
0 0.931481 0.594271 0.033333 0.018750
0 0.040741 0.369271 0.029630 0.017708
0 0.784259 0.517188 0.033333 0.019792
0 0.275926 0.721354 0.035185 0.023958
0 0.060185 0.383854 0.029630 0.015625
0 0.080556 0.665625 0.031481 0.019792
0 0.616667 0.596875 0.050000 0.027083
0 0.754630 0.295312 0.031481 0.015625
0 0.412037 0.541146 0.040741 0.022917
0 0.917593 0.590104 0.033333 0.017708
0 0.824074 0.657292 0.024074 0.014583
0 0.900000 0.577083 0.029630 0.017708
0 0.421296 0.700521 0.020370 0.010417
0 0.191667 0.701562 0.024074 0.014583
0 0.512037 0.235937 0.024074 0.013542
0 0.355556 0.386458 0.022222 0.008333
0 0.417593 0.559375 0.027778 0.015625
0 0.527778 0.470313 0.038889 0.022917
0 0.156481 0.301042 0.020370 0.009375
0 0.757407 0.306250 0.025926 0.016667
0 0.578704 0.655729 0.031481 0.016667
0 0.725000 0.548438 0.027778 0.016667
0 0.713889 0.571354 0.027778 0.016667
0 0.071296 0.469792 0.027778 0.015625
0 0.889815 0.381771 0.027778 0.013542
0 0.909259 0.556250 0.035185 0.019792
0 0.364815 0.454688 0.038889 0.019792
0 0.825926 0.508854 0.020370 0.010417
0 0.142593 0.702604 0.027778 0.015625
0 0.325926 0.807813 0.042593 0.023958
0 0.425000 0.379167 0.042593 0.022917
0 0.218519 0.303125 0.027778 0.014583
0 0.905556 0.361458 0.029630 0.016667
0 0.886111 0.596354 0.035185 0.019792
0 0.750000 0.285938 0.040741 0.025000
0 0.400000 0.677604 0.037037 0.020833
0 0.930556 0.593750 0.037037 0.019792
0 0.966667 0.531250 0.037037 0.019792
0 0.424074 0.738542 0.031481 0.018750
0 0.793519 0.710417 0.040741 0.025000
0 0.456481 0.403125 0.040741 0.021875
0 0.827778 0.522917 0.037037 0.020833
0 0.524074 0.690625 0.033333 0.020833
0 0.465741 0.798958 0.033333 0.019792
0 0.950926 0.580208 0.033333 0.018750
0 0.675000 0.745833 0.040741 0.021875
0 0.904630 0.453646 0.044444 0.023958
0 0.755556 0.273958 0.029630 0.016667
0 0.505556 0.684896 0.038889 0.020833
0 0.399074 0.689063 0.033333 0.015625
0 0.735185 0.569271 0.029630 0.018750
0 0.169444 0.707292 0.031481 0.016667
0 0.746296 0.592708 0.024074 0.015625
0 0.775000 0.302604 0.029630 0.018750
0 0.889815 0.539583 0.037037 0.020833
0 0.520370 0.794271 0.029630 0.016667
0 0.637037 0.568750 0.040741 0.022917
0 0.949074 0.559896 0.027778 0.016667
0 0.323148 0.387500 0.027778 0.013542
0 0.276852 0.721354 0.033333 0.022917
0 0.758333 0.721875 0.025926 0.014583
0 0.415741 0.711458 0.029630 0.018750
0 0.357407 0.670833 0.027778 0.016667
