0 0.995370 0.701562 0.005556 0.012500
0 1.003704 0.443750 0.003704 0.002083
0 0.992593 0.624479 0.014815 0.025000
0 0.993519 0.783333 0.012963 0.019792
0 0.994444 0.627083 0.009259 0.020833
0 0.993519 0.640625 0.009259 0.016667
0 0.994444 0.704167 0.012963 0.018750
0 0.991667 0.568750 0.016667 0.032292
0 0.875000 0.478646 0.027778 0.015625
0 0.894444 0.506250 0.025926 0.013542
0 0.990741 0.735417 0.018519 0.023958
0 0.995370 0.713542 0.005556 0.014583
0 0.994444 0.534375 0.009259 0.023958
0 0.993519 0.704688 0.009259 0.014583
0 0.992593 0.778125 0.012963 0.016667
0 0.994444 0.621875 0.009259 0.017708
0 0.918519 0.394792 0.031481 0.015625
0 0.954630 0.670312 0.031481 0.017708
0 0.994444 0.575521 0.011111 0.025000
0 0.990741 0.778646 0.018519 0.029167
0 0.989815 0.773438 0.016667 0.017708
0 0.990741 0.248958 0.018519 0.010417
0 0.833333 0.726562 0.033333 0.017708
0 0.995370 0.560417 0.020370 0.011458
0 0.924074 0.692187 0.035185 0.017708
0 0.997222 0.745833 0.016667 0.026042
0 0.869444 0.725521 0.029630 0.018750
0 0.992593 0.722917 0.012963 0.018750
0 0.901852 0.359375 0.031481 0.017708
0 0.922222 0.301042 0.027778 0.014583
0 0.990741 0.696354 0.018519 0.023958
0 0.893519 0.378646 0.027778 0.014583
0 0.993519 0.727604 0.011111 0.020833
0 0.992593 0.276042 0.011111 0.016667
0 0.565741 0.397917 0.014815 0.009375
0 0.996296 0.327083 0.020370 0.010417
0 0.870370 0.701042 0.037037 0.020833
0 0.298148 0.584375 0.016667 0.012500
0 0.426852 0.197396 0.011111 0.006250
0 0.450000 0.318229 0.020370 0.012500
0 0.968519 0.320312 0.037037 0.017708
0 0.100926 0.361458 0.029630 0.016667
0 0.184259 0.715104 0.022222 0.012500
0 0.154630 0.558333 0.027778 0.016667
0 0.979630 0.543750 0.024074 0.013542
0 0.892593 0.701042 0.027778 0.016667
0 0.175926 0.328125 0.031481 0.017708
0 0.209259 0.323958 0.040741 0.020833
0 0.262037 0.714063 0.031481 0.016667
0 0.224074 0.309896 0.031481 0.016667
0 0.500926 0.400521 0.022222 0.012500
0 0.278704 0.576562 0.022222 0.013542
0 0.457407 0.495312 0.020370 0.011458
0 0.323148 0.518750 0.018519 0.012500
0 0.315741 0.573958 0.024074 0.010417
0 0.996296 0.411458 0.003704 0.014583
0 0.425000 0.317188 0.022222 0.012500
0 0.312037 0.582292 0.029630 0.013542
0 0.412037 0.309375 0.025926 0.014583
0 0.995370 0.683333 0.007407 0.022917
0 0.995370 0.567708 0.025926 0.012500
0 0.341667 0.516667 0.027778 0.017708
0 0.959259 0.533333 0.020370 0.012500
0 0.377778 0.489583 0.022222 0.012500
0 0.312963 0.582812 0.024074 0.015625
0 0.993519 0.684375 0.011111 0.015625
0 0.340741 0.516146 0.027778 0.017708
0 0.353704 0.510938 0.020370 0.012500
0 0.377778 0.291146 0.025926 0.015625
0 0.382407 0.503125 0.025926 0.014583
0 0.371296 0.317188 0.025926 0.014583
0 0.996296 0.683854 0.005556 0.017708
0 0.421296 0.503125 0.024074 0.014583
0 0.391667 0.321354 0.020370 0.013542
0 0.419444 0.492188 0.024074 0.011458
0 0.399074 0.331250 0.022222 0.013542
0 0.992593 0.768750 0.012963 0.032292
0 0.447222 0.480729 0.024074 0.012500
0 0.459259 0.316146 0.027778 0.014583
0 0.957407 0.291146 0.031481 0.016667
0 0.517593 0.493750 0.027778 0.015625
0 0.490741 0.315104 0.024074 0.015625
0 0.788889 0.678646 0.033333 0.020833
0 0.557407 0.404687 0.029630 0.017708
0 0.527778 0.421354 0.020370 0.011458
0 0.525000 0.436458 0.011111 0.006250
0 0.946296 0.530729 0.025926 0.013542
