0 0.995370 0.705208 0.007407 0.014583
0 0.992593 0.463542 0.020370 0.014583
0 0.992593 0.627083 0.012963 0.023958
0 0.993519 0.788021 0.012963 0.019792
0 0.994444 0.629687 0.009259 0.020833
0 0.992593 0.705729 0.016667 0.020833
0 0.994444 0.528125 0.009259 0.022917
0 0.969444 0.700000 0.031481 0.017708
0 0.993519 0.780208 0.012963 0.016667
0 0.994444 0.640104 0.007407 0.014583
0 0.993519 0.705208 0.012963 0.018750
0 0.991667 0.542188 0.016667 0.031250
0 0.828704 0.470833 0.027778 0.016667
0 0.994444 0.339062 0.009259 0.021875
0 0.994444 0.623958 0.009259 0.017708
0 0.904630 0.523438 0.024074 0.013542
0 0.990741 0.729167 0.016667 0.023958
0 0.849074 0.498958 0.024074 0.013542
0 0.992593 0.271875 0.011111 0.016667
0 0.989815 0.237500 0.018519 0.010417
0 0.991667 0.761979 0.014815 0.008333
0 0.990741 0.768750 0.016667 0.017708
0 0.990741 0.765625 0.016667 0.028125
0 0.994444 0.555208 0.009259 0.023958
0 0.898148 0.663542 0.031481 0.017708
0 0.871296 0.386458 0.031481 0.016667
0 0.994444 0.727083 0.011111 0.020833
0 0.846296 0.370312 0.027778 0.015625
0 0.990741 0.682813 0.016667 0.022917
0 0.882407 0.292187 0.027778 0.015625
0 0.852778 0.350521 0.031481 0.016667
0 0.992593 0.719271 0.012963 0.018750
0 0.805556 0.717708 0.029630 0.017708
0 0.997222 0.736979 0.016667 0.026042
0 0.853704 0.684896 0.033333 0.017708
0 0.984259 0.571875 0.022222 0.011458
0 0.991667 0.676042 0.014815 0.030208
0 0.769444 0.718229 0.031481 0.018750
0 0.996296 0.319271 0.020370 0.010417
0 0.800926 0.692708 0.035185 0.021875
0 0.512037 0.387500 0.014815 0.009375
0 0.474074 0.427083 0.011111 0.007292
0 0.492593 0.411458 0.020370 0.011458
0 0.507407 0.395313 0.029630 0.017708
0 0.727778 0.670312 0.035185 0.020833
0 0.450926 0.304167 0.022222 0.014583
0 0.467593 0.484375 0.027778 0.015625
0 0.912037 0.282292 0.024074 0.016667
0 0.419444 0.305729 0.025926 0.014583
0 0.404630 0.470833 0.024074 0.012500
0 0.993519 0.770833 0.012963 0.029167
0 0.365741 0.320833 0.022222 0.013542
0 0.380556 0.483333 0.025926 0.012500
0 0.358333 0.310937 0.022222 0.013542
0 0.377778 0.493750 0.024074 0.014583
0 0.996296 0.664583 0.005556 0.017708
0 0.337963 0.306771 0.024074 0.015625
0 0.338889 0.493229 0.024074 0.015625
0 0.337037 0.279687 0.024074 0.016667
0 0.309259 0.501563 0.020370 0.012500
0 0.293519 0.506250 0.029630 0.017708
0 0.993519 0.681771 0.011111 0.015625
0 0.263889 0.572396 0.031481 0.014583
0 0.332407 0.478646 0.022222 0.012500
0 0.921296 0.526563 0.022222 0.010417
0 0.293519 0.505208 0.029630 0.016667
0 0.994444 0.541146 0.024074 0.012500
0 0.995370 0.667708 0.007407 0.021875
0 0.377778 0.298958 0.025926 0.015625
0 0.263889 0.571875 0.027778 0.014583
0 0.390741 0.306771 0.022222 0.012500
0 0.996296 0.400521 0.003704 0.014583
0 0.265741 0.563542 0.024074 0.010417
0 0.277778 0.508333 0.022222 0.013542
0 0.416667 0.485938 0.020370 0.011458
0 0.206481 0.560417 0.020370 0.011458
0 0.462963 0.390625 0.022222 0.012500
0 0.169444 0.296875 0.035185 0.018750
0 0.192593 0.702083 0.029630 0.016667
0 0.155556 0.310937 0.040741 0.021875
0 0.122222 0.315625 0.033333 0.018750
0 0.823148 0.693750 0.027778 0.017708
0 0.940741 0.535937 0.020370 0.013542
0 0.099074 0.546354 0.031481 0.017708
0 0.111111 0.703125 0.022222 0.012500
0 0.050926 0.348438 0.033333 0.016667
0 0.924074 0.310937 0.031481 0.015625
0 0.412037 0.307812 0.020370 0.013542
