0 0.386111 0.250000 0.031481 0.018750
0 0.050000 0.469271 0.025926 0.013542
0 0.810185 0.381250 0.033333 0.018750
0 0.422222 0.759375 0.027778 0.016667
0 0.493519 0.209896 0.038889 0.023958
0 0.658333 0.540104 0.044444 0.025000
0 0.569444 0.720313 0.033333 0.019792
0 0.465741 0.571354 0.050000 0.027083
0 0.641667 0.267188 0.033333 0.019792
0 0.272222 0.513021 0.040741 0.021875
0 0.154630 0.674479 0.044444 0.025000
0 0.806481 0.527604 0.037037 0.018750
0 0.502778 0.480208 0.044444 0.025000
0 0.771296 0.375521 0.042593 0.022917
0 0.364815 0.731771 0.029630 0.017708
0 0.604630 0.717187 0.035185 0.021875
0 0.202778 0.773438 0.044444 0.026042
0 0.066667 0.252083 0.025926 0.015625
0 0.251852 0.349479 0.038889 0.022917
0 0.097222 0.282292 0.033333 0.017708
0 0.825926 0.336979 0.025926 0.014583
0 0.643519 0.518229 0.035185 0.017708
0 0.596296 0.277604 0.020370 0.013542
0 0.770370 0.577083 0.035185 0.019792
0 0.612963 0.258333 0.040741 0.026042
0 0.126852 0.686979 0.037037 0.019792
0 0.277778 0.681771 0.029630 0.016667
0 0.220370 0.426563 0.038889 0.020833
0 0.683333 0.484896 0.027778 0.015625
0 0.713889 0.271354 0.024074 0.014583
0 0.046296 0.669271 0.025926 0.014583
0 0.250000 0.658854 0.035185 0.014583
0 0.630556 0.548958 0.031481 0.018750
0 0.072222 0.673438 0.031481 0.016667
0 0.632407 0.572917 0.025926 0.016667
0 0.703704 0.278646 0.033333 0.017708
0 0.750000 0.518750 0.038889 0.020833
0 0.393519 0.766667 0.029630 0.016667
0 0.473148 0.542708 0.042593 0.022917
0 0.834259 0.540625 0.031481 0.018750
0 0.284259 0.669792 0.027778 0.014583
0 0.650000 0.702083 0.031481 0.015625
0 0.205556 0.638021 0.029630 0.018750
0 0.803704 0.570833 0.027778 0.017708
0 0.698148 0.635417 0.022222 0.014583
0 0.791667 0.558854 0.029630 0.016667
0 0.447222 0.208854 0.024074 0.012500
0 0.242593 0.360938 0.025926 0.010417
0 0.303704 0.540625 0.020370 0.013542
0 0.393519 0.443750 0.031481 0.018750
0 0.073148 0.263021 0.025926 0.013542
0 0.691667 0.285417 0.024074 0.015625
0 0.417593 0.628646 0.031481 0.016667
0 0.620370 0.527083 0.031481 0.019792
0 0.593519 0.548438 0.025926 0.016667
0 0.007407 0.442708 0.012963 0.011458
0 0.790741 0.347917 0.024074 0.013542
0 0.771296 0.535417 0.037037 0.019792
0 0.247222 0.647917 0.038889 0.019792
0 0.812963 0.575000 0.035185 0.019792
0 0.830556 0.510417 0.033333 0.018750
0 0.289815 0.709375 0.031481 0.018750
0 0.648148 0.689063 0.042593 0.023958
0 0.288889 0.373437 0.044444 0.021875
0 0.674074 0.500000 0.037037 0.021875
0 0.372222 0.662500 0.035185 0.021875
0 0.333333 0.769271 0.031481 0.018750
0 0.835185 0.561458 0.031481 0.018750
0 0.513889 0.719792 0.040741 0.020833
0 0.746296 0.429688 0.044444 0.026042
0 0.619444 0.243750 0.035185 0.018750
0 0.348148 0.657813 0.035185 0.017708
0 0.212037 0.359896 0.025926 0.012500
0 0.091667 0.644271 0.038889 0.017708
