0 0.737963 0.639583 0.035185 0.016667
0 0.992593 0.589063 0.014815 0.018750
0 0.186111 0.344792 0.031481 0.015625
0 0.918519 0.489063 0.022222 0.012500
0 0.435185 0.698958 0.038889 0.023958
0 0.204630 0.360938 0.029630 0.015625
0 0.218519 0.640104 0.031481 0.017708
0 0.778704 0.581771 0.048148 0.027083
0 0.938889 0.274479 0.031481 0.015625
0 0.569444 0.522396 0.038889 0.021875
0 0.469444 0.685937 0.040741 0.023958
0 0.991667 0.541146 0.014815 0.021875
0 0.860185 0.491667 0.046296 0.025000
0 0.988889 0.377083 0.018519 0.021875
0 0.639815 0.739583 0.031481 0.017708
0 0.910185 0.725521 0.035185 0.019792
0 1.000926 0.377604 0.031481 0.021875
0 0.687963 0.768750 0.025926 0.016667
0 0.818519 0.217708 0.042593 0.025000
0 0.971296 0.548958 0.048148 0.025000
0 0.876852 0.729167 0.035185 0.018750
0 0.594444 0.252604 0.029630 0.019792
0 0.246296 0.475000 0.025926 0.013542
0 0.897222 0.522917 0.033333 0.018750
0 0.949074 0.279167 0.018519 0.014583
0 0.329630 0.261458 0.029630 0.017708
0 0.436111 0.697917 0.035185 0.021875
0 0.562963 0.691667 0.031481 0.017708
0 0.528704 0.435417 0.037037 0.020833
0 1.004630 0.494271 0.024074 0.011458
0 0.280556 0.677083 0.027778 0.015625
0 0.465741 0.784896 0.042593 0.022917
0 0.609259 0.359896 0.040741 0.025000
0 0.367593 0.282292 0.025926 0.014583
0 0.987037 0.334896 0.029630 0.017708
0 0.995370 0.589583 0.007407 0.020833
0 0.936111 0.265104 0.038889 0.025000
0 0.556481 0.658333 0.037037 0.019792
0 0.987963 0.588021 0.024074 0.019792
0 0.995370 0.506250 0.005556 0.018750
0 0.567593 0.718229 0.033333 0.017708
0 0.947222 0.697396 0.042593 0.023958
0 0.638889 0.383333 0.042593 0.022917
0 0.992593 0.509375 0.014815 0.021875
0 0.674074 0.671354 0.040741 0.019792
0 0.604630 0.778646 0.029630 0.019792
0 0.993519 0.584375 0.012963 0.020833
0 0.831481 0.730208 0.044444 0.020833
0 0.995370 0.433333 0.005556 0.017708
0 0.943519 0.252604 0.027778 0.015625
0 0.648148 0.665104 0.033333 0.020833
0 0.553704 0.669792 0.035185 0.014583
0 0.884259 0.554688 0.024074 0.018750
0 0.306481 0.681771 0.029630 0.016667
0 0.908333 0.579167 0.025926 0.015625
0 0.932407 0.284375 0.024074 0.015625
0 0.993519 0.519271 0.012963 0.019792
0 0.657407 0.775000 0.025926 0.015625
0 0.810185 0.553646 0.040741 0.022917
0 0.325000 0.676562 0.022222 0.013542
0 0.916667 0.708333 0.025926 0.014583
0 0.516667 0.651563 0.027778 0.016667
0 0.991667 0.579167 0.016667 0.018750
0 0.986111 0.644271 0.024074 0.014583
0 0.992593 0.554167 0.033333 0.019792
0 0.553704 0.540625 0.027778 0.015625
0 0.222222 0.303646 0.020370 0.009375
0 0.925926 0.287500 0.024074 0.014583
0 0.872222 0.534375 0.024074 0.013542
0 0.206481 0.446354 0.027778 0.016667
0 0.987037 0.541146 0.024074 0.025000
0 -0.075926 0.337500 0.000000 0.000000
0 0.575000 0.555208 0.024074 0.012500
0 0.728704 0.665625 0.033333 0.018750
0 0.378704 0.687500 0.025926 0.014583
0 0.175926 0.323958 0.035185 0.017708
0 0.227778 0.254167 0.018519 0.019792
0 0.400926 0.653646 0.037037 0.019792
0 0.014815 0.671354 0.029630 0.021875
0 0.603704 0.285938 0.024074 0.012500
0 0.025926 0.696354 0.035185 0.019792
0 0.669444 0.668750 0.031481 0.019792
0 0.310185 0.554688 0.024074 0.015625
0 0.068519 0.647917 0.024074 0.013542
0 0.063889 0.663021 0.038889 0.020833
0 0.950926 0.438542 0.029630 0.019792
0 0.648148 0.664583 0.035185 0.019792
0 0.065741 0.695312 0.031481 0.017708
0 0.087963 0.670312 0.031481 0.018750
