0 0.342593 0.376563 0.020370 0.012500
0 0.013889 0.684896 0.027778 0.017708
0 0.024074 0.277604 0.035185 0.017708
0 0.012037 0.291146 0.024074 0.021875
0 0.816667 0.570833 0.024074 0.013542
0 0.671296 0.661979 0.018519 0.009375
0 0.667593 0.676562 0.035185 0.018750
0 0.997222 0.690104 0.014815 0.025000
0 0.629630 0.708333 0.029630 0.017708
0 0.663889 0.684375 0.022222 0.011458
0 0.887037 0.705729 0.031481 0.015625
0 0.707407 0.343750 0.031481 0.017708
0 0.750000 0.285938 0.027778 0.015625
0 0.990741 0.672396 0.014815 0.020833
0 0.702778 0.363542 0.027778 0.015625
0 0.993519 0.723958 0.009259 0.019792
0 0.725926 0.380729 0.029630 0.015625
0 0.062963 0.543750 0.022222 0.011458
0 0.294444 0.472917 0.022222 0.012500
0 0.139815 0.492708 0.022222 0.012500
0 0.125926 0.547917 0.024074 0.010417
0 0.933333 0.385417 0.031481 0.016667
0 0.273148 0.291146 0.018519 0.011458
0 0.126852 0.556250 0.027778 0.013542
0 0.259259 0.281771 0.024074 0.013542
0 0.995370 0.624479 0.007407 0.020833
0 0.977778 0.541146 0.024074 0.011458
0 0.155556 0.489583 0.027778 0.015625
0 0.791667 0.519792 0.020370 0.011458
0 0.201852 0.463542 0.022222 0.011458
0 0.136111 0.556771 0.022222 0.012500
0 0.993519 0.697917 0.011111 0.015625
0 0.164815 0.493750 0.024074 0.013542
0 0.178704 0.485417 0.022222 0.014583
0 0.212037 0.262500 0.025926 0.015625
0 0.210185 0.478125 0.025926 0.015625
0 0.219444 0.289583 0.024074 0.014583
0 0.927778 0.645833 0.040741 0.019792
0 0.248148 0.479167 0.024074 0.014583
0 0.240741 0.293750 0.022222 0.013542
0 0.265741 0.471354 0.025926 0.012500
0 0.250000 0.304167 0.022222 0.013542
0 0.994444 0.794271 0.011111 0.023958
0 0.277778 0.456771 0.025926 0.013542
0 0.294444 0.290625 0.027778 0.014583
0 0.780556 0.276562 0.029630 0.015625
0 0.325000 0.471354 0.025926 0.015625
0 0.326852 0.289583 0.024074 0.014583
0 0.558333 0.661458 0.033333 0.018750
0 0.361111 0.382292 0.031481 0.018750
0 0.375926 0.398958 0.020370 0.010417
0 0.339815 0.414062 0.014815 0.008333
0 0.775000 0.517188 0.024074 0.013542
0 0.367593 0.375521 0.016667 0.010417
0 0.614815 0.683854 0.037037 0.019792
0 0.996296 0.310937 0.022222 0.011458
0 0.593519 0.708854 0.031481 0.018750
0 0.991667 0.690625 0.014815 0.028125
0 0.990741 0.723958 0.016667 0.022917
0 0.991667 0.708333 0.014815 0.019792
0 0.994444 0.471354 0.009259 0.022917
0 0.803704 0.693229 0.027778 0.019792
0 0.998148 0.793229 0.012963 0.017708
0 0.994444 0.373437 0.009259 0.022917
0 0.994444 0.256250 0.007407 0.014583
0 0.993519 0.651563 0.009259 0.018750
0 0.994444 0.719271 0.009259 0.017708
0 0.993519 0.423438 0.012963 0.022917
0 0.995370 0.610417 0.009259 0.020833
0 0.992593 0.781250 0.011111 0.018750
0 0.736111 0.656250 0.029630 0.017708
0 0.994444 0.654687 0.009259 0.025000
0 0.994444 0.546875 0.011111 0.018750
0 0.991667 0.732812 0.014815 0.025000
0 0.990741 0.758333 0.018519 0.018750
0 0.991667 0.765104 0.014815 0.008333
0 0.989815 0.233333 0.020370 0.011458
0 0.992593 0.265104 0.012963 0.018750
0 0.712963 0.492188 0.025926 0.014583
0 0.995370 0.638542 0.031481 0.014583
0 0.992593 0.523958 0.012963 0.028125
0 0.998148 0.672917 0.033333 0.014583
0 0.690741 0.464062 0.029630 0.016667
0 0.992593 0.755208 0.012963 0.026042
0 0.994444 0.667708 0.009259 0.019792
0 0.995370 0.644792 0.007407 0.011458
0 0.837037 0.699479 0.035185 0.018750
