0 0.252778 0.160938 0.022222 0.014583
0 0.811111 0.509896 0.027778 0.014583
0 0.227778 0.714583 0.035185 0.020833
0 0.008333 0.418750 0.016667 0.019792
0 0.014815 0.543750 0.029630 0.015625
0 0.036111 0.540104 0.035185 0.018750
0 0.395370 0.517708 0.020370 0.011458
0 0.074074 0.537500 0.027778 0.015625
0 0.460185 0.484896 0.020370 0.013542
0 0.395370 0.286458 0.035185 0.020833
0 0.110185 0.245833 0.020370 0.018750
0 0.105556 0.249479 0.031481 0.020833
0 0.104630 0.536979 0.037037 0.019792
0 0.873148 0.713021 0.029630 0.013542
0 0.145370 0.218229 0.035185 0.020833
0 0.900000 0.429167 0.024074 0.014583
0 0.136111 0.267708 0.029630 0.018750
0 0.246296 0.143750 0.024074 0.014583
0 0.163889 0.433333 0.033333 0.020833
0 0.168519 0.447396 0.035185 0.017708
0 0.138889 0.536979 0.031481 0.017708
0 0.209259 0.703125 0.027778 0.016667
0 0.214815 0.320833 0.029630 0.015625
0 0.190741 0.322396 0.027778 0.019792
0 0.380556 0.235417 0.031481 0.016667
0 0.372222 0.275521 0.029630 0.016667
0 0.191667 0.446354 0.027778 0.016667
0 0.154630 0.516146 0.014815 0.009375
0 0.185185 0.708333 0.027778 0.018750
0 0.239815 0.156250 0.024074 0.014583
0 0.206481 0.607812 0.031481 0.017708
0 0.564815 0.369792 0.031481 0.017708
0 0.316667 0.436979 0.046296 0.026042
0 0.290741 0.453125 0.050000 0.026042
0 0.194444 0.522396 0.024074 0.014583
0 0.237963 0.684896 0.033333 0.021875
0 0.278704 0.424479 0.048148 0.027083
0 0.190741 0.489063 0.031481 0.016667
0 0.172222 0.524479 0.024074 0.013542
0 0.524074 0.590104 0.018519 0.010417
0 0.443519 0.689583 0.025926 0.012500
0 0.996296 0.464583 0.014815 0.010417
0 0.521296 0.504167 0.031481 0.017708
0 0.939815 0.308333 0.025926 0.015625
0 0.515741 0.481771 0.024074 0.016667
0 0.763889 0.307292 0.037037 0.023958
0 0.724074 0.573958 0.020370 0.013542
0 0.915741 0.309896 0.025926 0.014583
0 0.991667 0.484375 0.005556 0.013542
0 0.964815 0.307812 0.025926 0.014583
0 0.988889 0.660417 0.024074 0.028125
0 0.996296 0.398958 0.005556 0.017708
0 0.995370 0.664062 0.005556 0.010417
0 0.294444 0.584896 0.014815 0.019792
0 0.355556 0.693229 0.031481 0.018750
0 0.353704 0.455208 0.046296 0.026042
0 0.357407 0.671875 0.033333 0.020833
0 0.307407 0.554167 0.029630 0.013542
0 0.377778 0.707812 0.033333 0.021875
0 0.394444 0.632812 0.029630 0.015625
0 0.337037 0.719792 0.027778 0.016667
0 0.764815 0.342187 0.025926 0.015625
0 0.363889 0.289583 0.031481 0.015625
0 0.354630 0.728125 0.033333 0.019792
0 0.777778 0.310417 0.022222 0.014583
0 0.900926 0.189062 0.011111 0.007292
0 0.914815 0.309375 0.024074 0.013542
0 0.664815 0.704688 0.018519 0.010417
0 0.771296 0.310417 0.029630 0.012500
0 0.802778 0.308333 0.031481 0.018750
0 0.889815 0.703125 0.029630 0.015625
0 0.802778 0.294792 0.022222 0.012500
0 0.984259 0.392188 0.016667 0.009375
0 0.725926 0.568750 0.014815 0.007292
0 0.799074 0.511458 0.022222 0.014583
0 0.850926 0.309375 0.024074 0.014583
0 0.796296 0.575000 0.024074 0.013542
0 0.845370 0.301563 0.025926 0.013542
0 0.843519 0.507292 0.027778 0.015625
0 0.850926 0.480729 0.018519 0.009375
0 0.796296 0.573958 0.024074 0.013542
0 0.841667 0.506771 0.027778 0.015625
0 0.861111 0.281771 0.024074 0.014583
0 0.845370 0.496354 0.018519 0.012500
0 0.813889 0.306771 0.022222 0.012500
0 0.996296 0.660417 0.007407 0.019792
0 0.881481 0.496354 0.024074 0.014583
0 0.822222 0.313021 0.022222 0.014583
0 0.871296 0.484375 0.022222 0.013542
0 0.815741 0.322917 0.025926 0.014583
0 0.904630 0.474479 0.020370 0.011458
