0 0.349074 0.301563 0.025926 0.017708
0 0.032407 0.691667 0.042593 0.020833
0 0.979630 0.446875 0.027778 0.011458
0 0.097222 0.500521 0.031481 0.017708
0 0.582407 0.296354 0.024074 0.014583
0 0.105556 0.478125 0.031481 0.014583
0 0.984259 0.629687 0.029630 0.018750
0 0.313889 0.300000 0.024074 0.017708
0 0.399074 0.567187 0.025926 0.015625
0 0.542593 0.176042 0.011111 0.007292
0 0.566667 0.297917 0.022222 0.014583
0 0.992593 0.318750 0.014815 0.012500
0 0.284259 0.344271 0.033333 0.018750
0 0.269444 0.701562 0.029630 0.014583
0 0.299074 0.541146 0.025926 0.016667
0 0.995370 0.557813 0.005556 0.012500
0 1.001852 0.686458 0.018519 0.016667
0 0.041667 0.589583 0.022222 0.010417
0 0.993519 0.764583 0.012963 0.015625
0 0.994444 0.716146 0.009259 0.014583
0 0.369444 0.299479 0.033333 0.019792
0 0.432407 0.696875 0.029630 0.017708
0 0.375000 0.284896 0.027778 0.016667
0 0.613889 0.383333 0.022222 0.012500
0 0.379630 0.557813 0.027778 0.015625
0 0.555556 0.479687 0.020370 0.011458
0 0.452778 0.502083 0.025926 0.013542
0 0.996296 0.445312 0.005556 0.015625
0 0.525926 0.297917 0.022222 0.013542
0 0.437037 0.565625 0.025926 0.014583
0 0.515741 0.290104 0.024074 0.014583
0 0.995370 0.739062 0.007407 0.022917
0 0.472222 0.497917 0.025926 0.015625
0 0.994444 0.529167 0.009259 0.011458
0 0.497222 0.471875 0.022222 0.012500
0 0.437037 0.566146 0.025926 0.014583
0 0.471296 0.497917 0.027778 0.016667
0 0.483333 0.494271 0.018519 0.012500
0 0.499074 0.269792 0.024074 0.015625
0 0.498148 0.486458 0.024074 0.014583
0 0.471296 0.298438 0.024074 0.015625
0 0.996296 0.693750 0.007407 0.018750
0 0.537963 0.486458 0.024074 0.014583
0 0.493519 0.302083 0.022222 0.014583
0 0.534259 0.475521 0.024074 0.011458
0 0.496296 0.313021 0.020370 0.013542
0 0.991667 0.741667 0.018519 0.040625
0 0.562963 0.463542 0.024074 0.011458
0 0.565741 0.297396 0.022222 0.014583
0 0.997222 0.269271 0.005556 0.015625
0 0.655556 0.476042 0.025926 0.014583
0 0.611111 0.295833 0.024074 0.015625
0 0.950000 0.662500 0.035185 0.018750
0 0.709259 0.385417 0.031481 0.017708
0 0.654630 0.414062 0.020370 0.010417
0 0.997222 0.506771 0.003704 0.017708
0 0.986111 0.681250 0.014815 0.017708
0 0.992593 0.708854 0.014815 0.019792
0 0.996296 0.521354 0.020370 0.011458
0 0.982407 0.654687 0.020370 0.012500
0 0.995370 0.737500 0.005556 0.017708
0 0.991667 0.709375 0.014815 0.020833
0 0.994444 0.349479 0.009259 0.015625
0 0.993519 0.326042 0.012963 0.014583
0 0.993519 0.672396 0.011111 0.015625
0 0.946296 0.371875 0.009259 0.012500
0 0.994444 0.395313 0.007407 0.014583
0 0.992593 0.679688 0.012963 0.016667
0 0.993519 0.578646 0.011111 0.027083
0 0.995370 0.500521 0.007407 0.020833
0 0.996296 0.720313 0.005556 0.014583
0 0.328704 0.305208 0.029630 0.018750
0 0.999074 0.435937 0.000000 0.000000
0 0.992593 0.578125 0.016667 0.029167
0 0.991667 0.708854 0.014815 0.019792
0 0.997222 0.469271 0.003704 0.012500
