0 0.463889 0.571354 0.048148 0.027083
0 0.639815 0.266667 0.033333 0.019792
0 0.271296 0.513542 0.042593 0.022917
0 0.153704 0.674479 0.044444 0.025000
0 0.804630 0.527083 0.035185 0.018750
0 0.500926 0.480208 0.044444 0.025000
0 0.769444 0.375000 0.042593 0.022917
0 0.364815 0.731250 0.031481 0.017708
0 0.603704 0.716667 0.035185 0.021875
0 0.809259 0.380729 0.033333 0.018750
0 0.421296 0.758854 0.027778 0.016667
0 0.491667 0.209896 0.037037 0.025000
0 0.657407 0.540104 0.044444 0.025000
0 0.568519 0.720313 0.033333 0.020833
0 0.385185 0.249479 0.031481 0.018750
0 0.049074 0.469271 0.025926 0.013542
0 0.595370 0.277083 0.020370 0.013542
0 0.642593 0.517708 0.035185 0.017708
0 0.712963 0.270313 0.022222 0.013542
0 0.064815 0.252083 0.025926 0.015625
0 0.126852 0.686979 0.033333 0.018750
0 0.276852 0.681771 0.029630 0.017708
0 0.219444 0.426042 0.040741 0.020833
0 0.682407 0.483854 0.029630 0.015625
0 0.045370 0.668750 0.025926 0.014583
0 0.201852 0.773438 0.044444 0.026042
0 0.250000 0.348958 0.038889 0.021875
0 0.096296 0.281771 0.035185 0.016667
0 0.825000 0.336458 0.027778 0.014583
0 0.769444 0.576562 0.035185 0.019792
0 0.611111 0.257812 0.040741 0.026042
0 0.246296 0.647917 0.038889 0.019792
0 0.812037 0.574479 0.035185 0.019792
0 0.829630 0.510417 0.033333 0.019792
0 0.288889 0.708854 0.031481 0.018750
0 0.647222 0.688542 0.044444 0.022917
0 0.286111 0.372917 0.042593 0.021875
0 0.673148 0.500000 0.037037 0.021875
0 0.371296 0.662500 0.035185 0.020833
0 0.332407 0.769271 0.031481 0.018750
0 0.835185 0.560937 0.033333 0.018750
0 0.512963 0.719792 0.042593 0.020833
0 0.744444 0.429167 0.044444 0.025000
0 0.618519 0.243750 0.033333 0.019792
0 0.347222 0.657813 0.033333 0.017708
0 0.249074 0.658854 0.033333 0.014583
0 0.629630 0.548958 0.031481 0.018750
0 0.071296 0.673438 0.031481 0.016667
0 0.631481 0.572396 0.027778 0.016667
0 0.701852 0.278125 0.031481 0.017708
0 0.749074 0.518229 0.038889 0.021875
0 0.447222 0.208854 0.024074 0.013542
0 0.769444 0.535417 0.035185 0.020833
0 0.789815 0.347396 0.024074 0.013542
0 0.006481 0.443229 0.012963 0.012500
0 0.593519 0.548438 0.027778 0.016667
0 0.619444 0.527083 0.031481 0.019792
0 0.416667 0.628125 0.031481 0.017708
0 0.689815 0.284896 0.024074 0.015625
0 0.072222 0.263021 0.025926 0.014583
0 0.392593 0.443229 0.031481 0.018750
0 0.302778 0.540104 0.020370 0.012500
0 0.241667 0.360938 0.025926 0.010417
0 0.392593 0.766146 0.029630 0.016667
0 0.471296 0.542708 0.040741 0.022917
0 0.833333 0.540625 0.031481 0.018750
0 0.211111 0.359375 0.025926 0.012500
0 0.089815 0.644271 0.040741 0.017708
0 0.282407 0.669792 0.029630 0.014583
0 0.649074 0.702083 0.031481 0.015625
0 0.203704 0.637500 0.031481 0.017708
0 0.802778 0.570312 0.027778 0.017708
0 0.698148 0.635417 0.024074 0.015625
0 0.791667 0.558854 0.029630 0.016667
