0 0.318519 0.584375 0.029630 0.014583
0 0.417593 0.310937 0.025926 0.014583
0 0.302778 0.585417 0.018519 0.012500
0 0.431481 0.198958 0.011111 0.006250
0 0.455556 0.318750 0.020370 0.013542
0 0.974074 0.320833 0.033333 0.015625
0 0.108333 0.364063 0.031481 0.017708
0 0.994444 0.571354 0.024074 0.012500
0 0.995370 0.685937 0.007407 0.022917
0 0.195370 0.717708 0.022222 0.013542
0 0.162963 0.560937 0.027778 0.016667
0 0.986111 0.543229 0.024074 0.012500
0 0.902778 0.701562 0.027778 0.016667
0 0.183333 0.330729 0.031481 0.017708
0 0.216667 0.326042 0.040741 0.020833
0 0.271296 0.716146 0.029630 0.016667
0 0.229630 0.311979 0.031481 0.016667
0 0.507407 0.402083 0.024074 0.012500
0 0.283333 0.578646 0.022222 0.012500
0 0.463889 0.496875 0.020370 0.011458
0 0.330556 0.520833 0.020370 0.013542
0 0.321296 0.576042 0.024074 0.010417
0 0.996296 0.412500 0.003704 0.014583
0 0.429630 0.319271 0.022222 0.012500
0 0.951852 0.530729 0.024074 0.013542
0 0.349074 0.518229 0.031481 0.018750
0 0.965741 0.533333 0.020370 0.012500
0 0.383333 0.491146 0.022222 0.012500
0 0.320370 0.584896 0.024074 0.014583
0 0.992593 0.684896 0.011111 0.015625
0 0.349074 0.518229 0.029630 0.017708
0 0.361111 0.513542 0.020370 0.013542
0 0.383333 0.292708 0.025926 0.015625
0 0.387963 0.504687 0.024074 0.014583
0 0.375926 0.319792 0.022222 0.015625
0 0.996296 0.684375 0.005556 0.017708
0 0.427778 0.504687 0.024074 0.014583
0 0.395370 0.322917 0.020370 0.013542
0 0.424074 0.493750 0.020370 0.011458
0 0.402778 0.332813 0.022222 0.013542
0 0.993519 0.766667 0.014815 0.032292
0 0.452778 0.481771 0.024074 0.011458
0 0.466667 0.317188 0.022222 0.013542
0 0.963889 0.291667 0.029630 0.016667
0 0.525000 0.494271 0.025926 0.015625
0 0.496296 0.316146 0.024074 0.014583
0 0.797222 0.679167 0.033333 0.020833
0 0.564815 0.406250 0.029630 0.018750
0 0.534259 0.422396 0.020370 0.011458
0 0.531481 0.438021 0.011111 0.006250
0 0.571296 0.398438 0.014815 0.008333
0 0.880556 0.701042 0.037037 0.019792
0 0.996296 0.328125 0.020370 0.010417
0 0.843519 0.726042 0.031481 0.018750
0 0.995370 0.556250 0.020370 0.011458
0 0.933333 0.692187 0.033333 0.017708
0 0.997222 0.748437 0.016667 0.026042
0 0.879630 0.725521 0.029630 0.017708
0 0.992593 0.716667 0.012963 0.018750
0 0.909259 0.359896 0.031481 0.017708
0 0.931481 0.301042 0.027778 0.014583
0 0.989815 0.698438 0.018519 0.023958
0 0.901852 0.379167 0.029630 0.015625
0 0.993519 0.725000 0.009259 0.020833
0 0.926852 0.394792 0.031481 0.015625
0 0.962963 0.669792 0.031481 0.017708
0 0.994444 0.577083 0.011111 0.026042
0 0.989815 0.784896 0.018519 0.029167
0 0.990741 0.772917 0.016667 0.017708
0 0.989815 0.249479 0.018519 0.010417
0 0.992593 0.279687 0.011111 0.017708
0 0.900926 0.506771 0.024074 0.014583
0 0.990741 0.736458 0.016667 0.023958
0 0.996296 0.718229 0.007407 0.015625
0 0.994444 0.532292 0.009259 0.022917
0 0.994444 0.706250 0.009259 0.014583
0 0.992593 0.778125 0.012963 0.016667
0 0.994444 0.619792 0.009259 0.016667
0 0.995370 0.701562 0.005556 0.012500
0 1.000000 0.440625 0.001852 0.002083
0 0.992593 0.619792 0.014815 0.026042
0 0.993519 0.784375 0.012963 0.020833
0 0.994444 0.622917 0.009259 0.020833
0 0.994444 0.642188 0.009259 0.016667
0 0.992593 0.704688 0.012963 0.017708
0 0.991667 0.572396 0.016667 0.033333
0 0.882407 0.479167 0.027778 0.015625
