0 0.953704 0.319792 0.024074 0.014583
0 0.945370 0.484375 0.018519 0.009375
0 0.850926 0.332292 0.024074 0.014583
0 0.995370 0.470313 0.005556 0.013542
0 0.996296 0.404167 0.005556 0.017708
0 0.995370 0.662500 0.005556 0.010417
0 0.994444 0.316667 0.009259 0.016667
0 0.987963 0.659375 0.024074 0.028125
0 0.977778 0.318229 0.025926 0.015625
0 0.910185 0.494792 0.024074 0.014583
0 0.855556 0.323437 0.022222 0.012500
0 0.920370 0.506771 0.024074 0.014583
0 0.996296 0.659375 0.007407 0.019792
0 0.844444 0.316667 0.031481 0.016667
0 0.887037 0.506250 0.018519 0.012500
0 0.897222 0.292187 0.024074 0.015625
0 0.882407 0.516667 0.027778 0.015625
0 0.837037 0.584896 0.024074 0.013542
0 0.889815 0.490625 0.018519 0.009375
0 0.884259 0.516667 0.027778 0.015625
0 0.880556 0.313021 0.024074 0.013542
0 0.837963 0.585417 0.025926 0.013542
0 0.887963 0.320312 0.024074 0.014583
0 0.837037 0.520833 0.024074 0.014583
0 0.769444 0.579167 0.014815 0.007292
0 1.002778 0.395833 0.014815 0.009375
0 0.843519 0.304167 0.024074 0.012500
0 0.939815 0.716146 0.029630 0.015625
0 0.843519 0.316146 0.033333 0.016667
0 0.819444 0.319792 0.029630 0.012500
0 0.715741 0.716667 0.020370 0.010417
0 0.951852 0.319271 0.024074 0.013542
0 0.937963 0.201042 0.012963 0.008333
0 0.769444 0.583854 0.018519 0.013542
0 0.811111 0.315625 0.038889 0.023958
0 0.557407 0.490625 0.025926 0.016667
0 0.562037 0.513021 0.027778 0.016667
0 0.486111 0.700521 0.025926 0.012500
0 0.824074 0.319271 0.022222 0.014583
0 0.568519 0.599479 0.018519 0.010417
0 0.391667 0.739583 0.037037 0.020833
0 0.404630 0.299479 0.029630 0.014583
0 0.814815 0.350000 0.025926 0.015625
0 0.375000 0.730208 0.027778 0.016667
0 0.437963 0.642708 0.029630 0.015625
0 0.421296 0.718750 0.033333 0.022917
0 0.347222 0.563021 0.029630 0.014583
0 0.400926 0.681771 0.033333 0.020833
0 0.398148 0.463542 0.046296 0.026042
0 0.399074 0.703125 0.031481 0.018750
0 0.332407 0.593750 0.014815 0.018750
0 0.362963 0.445312 0.044444 0.027083
0 0.336111 0.460938 0.048148 0.026042
0 0.229630 0.531250 0.025926 0.014583
0 0.278704 0.694271 0.033333 0.021875
0 0.325000 0.432812 0.048148 0.028125
0 0.228704 0.497917 0.029630 0.016667
0 0.208333 0.533333 0.024074 0.012500
0 0.286111 0.168229 0.022222 0.014583
0 0.267593 0.724479 0.033333 0.021875
0 0.247222 0.616146 0.031481 0.017708
0 0.606481 0.379688 0.033333 0.017708
0 0.285185 0.167708 0.025926 0.014583
0 0.225000 0.717708 0.027778 0.019792
0 0.193519 0.524479 0.016667 0.009375
0 0.236111 0.454688 0.029630 0.016667
0 0.412037 0.287500 0.031481 0.015625
0 0.422222 0.245833 0.031481 0.016667
0 0.228704 0.332292 0.027778 0.017708
0 0.252778 0.330729 0.027778 0.015625
0 0.249074 0.713021 0.027778 0.017708
0 0.177778 0.545833 0.033333 0.018750
0 0.212037 0.455729 0.035185 0.017708
0 0.208333 0.441667 0.033333 0.020833
0 0.293519 0.155729 0.024074 0.014583
0 0.176852 0.278125 0.029630 0.017708
0 0.936111 0.439583 0.020370 0.013542
0 0.189815 0.229167 0.035185 0.020833
0 0.926852 0.725521 0.029630 0.013542
0 0.146296 0.260417 0.033333 0.021875
0 0.144444 0.544792 0.035185 0.018750
0 0.500926 0.493229 0.022222 0.012500
0 0.434259 0.297396 0.033333 0.019792
0 0.151852 0.256771 0.020370 0.018750
0 0.427778 0.526563 0.020370 0.011458
0 0.113889 0.545833 0.027778 0.016667
0 0.077778 0.547917 0.035185 0.017708
0 0.056481 0.552083 0.029630 0.014583
0 0.043519 0.427604 0.038889 0.019792
0 0.849074 0.519792 0.029630 0.014583
0 0.298148 0.172917 0.022222 0.013542
