0 0.004630 0.346875 0.009259 0.017708
0 0.036111 0.701562 0.031481 0.014583
0 0.033333 0.544792 0.033333 0.017708
0 0.881481 0.542188 0.020370 0.011458
0 0.735185 0.698438 0.027778 0.017708
0 0.062963 0.314583 0.031481 0.017708
0 0.095370 0.309896 0.038889 0.020833
0 0.108333 0.700521 0.031481 0.016667
0 0.111111 0.296354 0.035185 0.018750
0 0.415741 0.392708 0.022222 0.013542
0 0.144444 0.559375 0.018519 0.011458
0 0.366667 0.487500 0.020370 0.012500
0 0.220370 0.507812 0.022222 0.014583
0 0.204630 0.563021 0.024074 0.010417
0 0.996296 0.394271 0.005556 0.015625
0 0.345370 0.308333 0.020370 0.012500
0 0.206481 0.571354 0.029630 0.014583
0 0.335185 0.300000 0.024074 0.014583
0 0.995370 0.656771 0.007407 0.022917
0 1.006481 0.544271 0.024074 0.011458
0 0.234259 0.505208 0.029630 0.016667
0 0.863889 0.532813 0.020370 0.010417
0 0.278704 0.479167 0.022222 0.013542
0 0.206481 0.571875 0.027778 0.014583
0 0.993519 0.696875 0.011111 0.015625
0 0.236111 0.506250 0.029630 0.017708
0 0.255556 0.500521 0.022222 0.014583
0 0.289815 0.281250 0.024074 0.016667
0 0.285185 0.493229 0.027778 0.015625
0 0.293519 0.307812 0.024074 0.013542
0 0.996296 0.655729 0.007407 0.018750
0 0.324074 0.493750 0.024074 0.013542
0 0.313889 0.311979 0.020370 0.013542
0 0.328704 0.483333 0.024074 0.012500
0 0.322222 0.321875 0.022222 0.013542
0 0.994444 0.784896 0.011111 0.026042
0 0.352778 0.471875 0.025926 0.012500
0 0.368519 0.307812 0.025926 0.014583
0 0.856481 0.289062 0.027778 0.016667
0 0.406481 0.485417 0.025926 0.014583
0 0.401852 0.306250 0.022222 0.014583
0 0.649074 0.675000 0.035185 0.020833
0 0.445370 0.396354 0.029630 0.018750
0 0.446296 0.414062 0.020370 0.011458
0 0.420370 0.428125 0.012963 0.008333
0 0.848148 0.529167 0.022222 0.013542
0 0.446296 0.388021 0.016667 0.009375
0 0.712037 0.697917 0.037037 0.020833
0 0.996296 0.320312 0.020370 0.010417
0 0.686111 0.722917 0.031481 0.019792
0 0.991667 0.694792 0.014815 0.029167
0 0.903704 0.582292 0.020370 0.012500
0 0.765741 0.690104 0.033333 0.018750
0 0.997222 0.717187 0.016667 0.025000
0 0.722222 0.722396 0.029630 0.018750
0 0.975926 0.719792 0.029630 0.015625
0 0.788889 0.356250 0.031481 0.016667
0 0.991667 0.533854 0.014815 0.029167
0 0.825926 0.298958 0.027778 0.015625
0 0.990741 0.691146 0.016667 0.022917
0 0.784259 0.375521 0.029630 0.015625
0 0.994444 0.723958 0.011111 0.020833
0 0.807407 0.392188 0.029630 0.015625
0 0.824074 0.669271 0.031481 0.017708
0 0.994444 0.659375 0.009259 0.025000
0 0.994444 0.553125 0.011111 0.017708
0 0.990741 0.743750 0.016667 0.026042
0 0.990741 0.764062 0.018519 0.018750
0 0.991667 0.765625 0.014815 0.008333
0 0.990741 0.234375 0.018519 0.010417
0 0.993519 0.271875 0.012963 0.017708
0 0.789815 0.504167 0.024074 0.013542
0 0.989815 0.729688 0.016667 0.023958
0 0.768519 0.476562 0.027778 0.016667
0 0.991667 0.710938 0.014815 0.020833
0 0.994444 0.508854 0.009259 0.023958
0 0.893519 0.706771 0.029630 0.016667
0 0.992593 0.784375 0.014815 0.017708
0 0.994444 0.358854 0.009259 0.022917
0 0.994444 0.260937 0.007407 0.014583
0 0.993519 0.639583 0.009259 0.018750
0 0.994444 0.714583 0.007407 0.016667
0 0.993519 0.431771 0.012963 0.023958
0 0.993519 0.622917 0.012963 0.020833
0 0.993519 0.786458 0.011111 0.019792
0 0.994444 0.656250 0.009259 0.020833
0 0.999074 0.684375 0.033333 0.014583
0 0.995370 0.654687 0.007407 0.013542
0 0.927778 0.713021 0.033333 0.018750
