0 0.557407 0.487500 0.022222 0.011458
0 0.523148 0.317708 0.024074 0.015625
0 0.995370 0.728646 0.007407 0.022917
0 0.994444 0.606771 0.025926 0.012500
0 0.460185 0.520833 0.029630 0.015625
0 0.994444 0.528125 0.009259 0.010417
0 0.489815 0.495833 0.022222 0.012500
0 0.425000 0.588021 0.025926 0.014583
0 0.992593 0.694792 0.011111 0.015625
0 0.462037 0.520833 0.025926 0.015625
0 0.470370 0.516146 0.018519 0.012500
0 0.500926 0.298438 0.024074 0.015625
0 0.490741 0.509375 0.022222 0.015625
0 0.480556 0.325000 0.025926 0.014583
0 0.995370 0.699479 0.005556 0.018750
0 0.531481 0.509896 0.024074 0.014583
0 0.500926 0.328646 0.022222 0.013542
0 0.527778 0.500000 0.022222 0.011458
0 0.503704 0.338542 0.022222 0.012500
0 0.991667 0.766146 0.016667 0.037500
0 0.568519 0.326042 0.020370 0.013542
0 0.997222 0.279687 0.005556 0.015625
0 0.642593 0.501563 0.027778 0.015625
0 0.611111 0.323437 0.024074 0.015625
0 0.922222 0.691667 0.033333 0.019792
0 0.694444 0.413021 0.029630 0.017708
0 0.640741 0.429167 0.020370 0.010417
0 0.997222 0.519271 0.003704 0.018750
0 0.998148 0.714063 0.016667 0.017708
0 0.971296 0.740625 0.035185 0.019792
0 0.996296 0.539583 0.020370 0.011458
0 1.000926 0.669271 0.022222 0.013542
0 0.995370 0.739583 0.007407 0.019792
0 0.991667 0.726042 0.014815 0.020833
0 0.994444 0.367188 0.009259 0.014583
0 0.992593 0.316667 0.012963 0.014583
0 0.993519 0.681771 0.012963 0.016667
0 0.989815 0.397396 0.009259 0.013542
0 0.993519 0.745313 0.009259 0.019792
0 0.995370 0.412500 0.009259 0.015625
0 0.992593 0.680729 0.012963 0.017708
0 0.994444 0.603125 0.011111 0.027083
0 0.988889 0.819792 0.018519 0.031250
0 0.990741 0.253646 0.018519 0.010417
0 0.992593 0.275000 0.011111 0.015625
0 0.996296 0.512500 0.007407 0.021875
0 0.990741 0.757812 0.016667 0.022917
0 0.996296 0.726562 0.005556 0.014583
0 0.994444 0.715104 0.009259 0.014583
0 0.993519 0.770833 0.012963 0.016667
0 0.999074 0.436458 0.000000 0.000000
0 0.991667 0.603125 0.014815 0.027083
0 0.995370 0.595833 0.009259 0.019792
0 0.992593 0.724479 0.012963 0.020833
0 0.993519 0.491146 0.012963 0.015625
0 0.613889 0.409375 0.022222 0.012500
0 0.015741 0.607292 0.020370 0.010417
0 0.343519 0.328646 0.025926 0.017708
0 0.022222 0.708333 0.035185 0.019792
0 0.975000 0.475521 0.027778 0.012500
0 0.086111 0.520312 0.031481 0.015625
0 0.580556 0.324479 0.025926 0.014583
0 0.081481 0.482292 0.025926 0.009375
0 0.960185 0.659896 0.029630 0.017708
0 0.306481 0.327083 0.022222 0.015625
0 0.394444 0.589063 0.022222 0.014583
0 0.552778 0.207292 0.011111 0.007292
0 0.566667 0.325521 0.018519 0.013542
0 0.991667 0.323958 0.016667 0.014583
0 0.255556 0.363542 0.027778 0.015625
0 0.253704 0.719792 0.029630 0.014583
0 0.280556 0.560937 0.029630 0.017708
0 0.996296 0.548958 0.007407 0.012500
0 0.995370 0.704167 0.018519 0.016667
0 0.322222 0.331771 0.031481 0.017708
0 0.360185 0.327083 0.033333 0.019792
0 0.397222 0.718750 0.031481 0.017708
0 0.367593 0.313021 0.027778 0.016667
0 0.375926 0.580729 0.025926 0.015625
0 0.565741 0.503125 0.018519 0.010417
0 0.442593 0.523958 0.027778 0.014583
0 0.426852 0.579688 0.025926 0.011458
0 0.996296 0.439583 0.005556 0.015625
0 0.533333 0.325521 0.022222 0.013542
0 0.424074 0.588021 0.024074 0.014583
