0 0.716667 0.471875 0.020370 0.011458
0 0.665741 0.566146 0.025926 0.013542
0 0.705556 0.497396 0.027778 0.016667
0 0.719444 0.270833 0.024074 0.013542
0 0.712963 0.485938 0.020370 0.013542
0 0.667593 0.300000 0.022222 0.013542
0 0.996296 0.667708 0.007407 0.018750
0 0.752778 0.486458 0.024074 0.013542
0 0.688889 0.303646 0.020370 0.012500
0 0.740741 0.475000 0.022222 0.013542
0 0.687963 0.313542 0.022222 0.013542
0 0.775000 0.463542 0.020370 0.011458
0 0.777778 0.299479 0.022222 0.014583
0 0.896296 0.475521 0.027778 0.014583
0 0.825000 0.296875 0.022222 0.015625
0 0.989815 0.666667 0.022222 0.025000
0 0.960185 0.385417 0.035185 0.018750
0 0.997222 0.500521 0.003704 0.017708
0 0.991667 0.660417 0.014815 0.016667
0 0.997222 0.667708 0.003704 0.015625
0 0.995370 0.727604 0.005556 0.016667
0 0.994444 0.652083 0.009259 0.015625
0 0.994444 0.339583 0.007407 0.013542
0 1.006481 0.423438 0.016667 0.025000
0 0.994444 0.666667 0.007407 0.013542
0 0.995370 0.453125 0.007407 0.020833
0 0.992593 0.690104 0.011111 0.015625
0 0.997222 0.474479 0.003704 0.009375
0 0.674074 0.501042 0.031481 0.014583
0 0.767593 0.479167 0.024074 0.013542
0 0.721296 0.298958 0.022222 0.013542
0 0.666667 0.565625 0.025926 0.014583
0 0.717593 0.291667 0.022222 0.011458
0 0.705556 0.497396 0.027778 0.015625
0 0.583333 0.561458 0.018519 0.008333
0 0.833333 0.380729 0.016667 0.010417
0 0.639815 0.285417 0.024074 0.012500
0 0.733333 0.693750 0.025926 0.016667
0 0.639815 0.300000 0.031481 0.019792
0 0.003704 0.433333 0.007407 0.018750
0 0.008333 0.446875 0.016667 0.016667
0 0.005556 0.538021 0.011111 0.018750
0 0.054630 0.705208 0.029630 0.017708
0 0.069444 0.317708 0.033333 0.015625
0 0.043519 0.318750 0.025926 0.015625
0 0.217593 0.229167 0.029630 0.016667
0 0.214815 0.271354 0.029630 0.017708
0 0.023148 0.445833 0.029630 0.017708
0 0.021296 0.518750 0.018519 0.010417
0 0.043519 0.708854 0.033333 0.018750
0 0.041667 0.152604 0.025926 0.014583
0 0.411111 0.366667 0.037037 0.021875
0 0.052778 0.608333 0.031481 0.017708
0 0.075000 0.715625 0.035185 0.020833
0 0.061111 0.156771 0.024074 0.014583
0 0.049074 0.523958 0.024074 0.013542
0 0.052778 0.488021 0.035185 0.017708
0 0.091667 0.422917 0.050000 0.027083
0 0.087037 0.685937 0.040741 0.022917
0 0.072222 0.521354 0.025926 0.014583
0 0.107407 0.452083 0.050000 0.026042
0 0.130556 0.435937 0.050000 0.029167
0 0.150926 0.582292 0.014815 0.018750
0 0.193519 0.692187 0.031481 0.017708
0 0.172222 0.453125 0.048148 0.025000
0 0.195370 0.671875 0.035185 0.020833
0 0.157407 0.552083 0.027778 0.013542
0 0.220370 0.706771 0.035185 0.021875
0 0.235185 0.631250 0.033333 0.017708
0 0.200000 0.718229 0.027778 0.016667
0 0.566667 0.336458 0.025926 0.016667
0 0.209259 0.285938 0.031481 0.015625
0 0.227778 0.727083 0.035185 0.019792
0 0.357407 0.585938 0.018519 0.009375
0 0.613889 0.302083 0.024074 0.016667
0 0.287963 0.687500 0.029630 0.014583
0 0.979630 0.452604 0.014815 0.011458
0 0.369444 0.500000 0.031481 0.017708
0 0.800000 0.297396 0.025926 0.014583
0 0.368519 0.476562 0.031481 0.016667
0 0.996296 0.629167 0.024074 0.017708
0 0.577778 0.299479 0.027778 0.017708
0 0.596296 0.566667 0.024074 0.014583
0 0.757407 0.177604 0.011111 0.008333
0 0.777778 0.298438 0.024074 0.015625
0 0.691667 0.339062 0.040741 0.021875
0 0.504630 0.698958 0.022222 0.012500
0 0.594444 0.537500 0.025926 0.015625
0 1.000926 0.639062 0.016667 0.015625
0 0.596296 0.303646 0.031481 0.014583
