0 0.001852 0.538542 0.003704 0.014583
0 0.359259 0.515104 0.020370 0.012500
0 0.027778 0.536458 0.025926 0.015625
0 0.411111 0.483854 0.022222 0.012500
0 0.347222 0.284375 0.035185 0.020833
0 0.063889 0.244792 0.020370 0.017708
0 0.059259 0.247917 0.029630 0.021875
0 0.057407 0.535937 0.035185 0.019792
0 0.815741 0.710938 0.029630 0.014583
0 0.093519 0.217708 0.037037 0.020833
0 0.856481 0.428646 0.022222 0.014583
0 0.090741 0.266146 0.031481 0.017708
0 0.190741 0.143229 0.024074 0.013542
0 0.110185 0.432812 0.035185 0.019792
0 0.114815 0.446875 0.033333 0.017708
0 0.092593 0.535937 0.033333 0.018750
0 0.159259 0.702083 0.025926 0.016667
0 0.170370 0.319792 0.029630 0.014583
0 0.146296 0.321354 0.027778 0.018750
0 0.330556 0.234896 0.031481 0.015625
0 0.322222 0.276042 0.029630 0.015625
0 0.139815 0.445312 0.027778 0.016667
0 0.111111 0.515625 0.016667 0.009375
0 0.138889 0.706771 0.029630 0.018750
0 0.180556 0.156771 0.025926 0.015625
0 0.531481 0.372396 0.025926 0.019792
0 0.158333 0.606771 0.031481 0.017708
0 0.178704 0.713021 0.035185 0.020833
0 0.197222 0.160938 0.022222 0.014583
0 0.131481 0.523438 0.024074 0.013542
0 0.144444 0.487500 0.031481 0.016667
0 0.222222 0.424479 0.048148 0.028125
0 0.188889 0.683333 0.035185 0.021875
0 0.153704 0.520833 0.025926 0.014583
0 0.761111 0.307812 0.020370 0.012500
0 0.799074 0.494271 0.020370 0.012500
0 0.835185 0.700000 0.029630 0.015625
0 0.750000 0.309375 0.031481 0.019792
0 0.712963 0.311979 0.031481 0.012500
0 0.704630 0.542708 0.024074 0.014583
0 0.607407 0.703125 0.020370 0.011458
0 0.867593 0.309375 0.024074 0.013542
0 0.853704 0.189062 0.011111 0.007292
0 0.674074 0.572396 0.018519 0.013542
0 0.703704 0.309375 0.035185 0.021875
0 0.997222 0.628646 0.024074 0.017708
0 0.468519 0.480729 0.027778 0.016667
0 0.890741 0.308333 0.025926 0.014583
0 0.472222 0.503646 0.031481 0.017708
0 0.997222 0.457292 0.014815 0.010417
0 0.392593 0.688021 0.027778 0.013542
0 0.723148 0.310937 0.020370 0.013542
0 0.470370 0.589063 0.018519 0.010417
0 0.311111 0.726042 0.033333 0.020833
0 0.314815 0.289583 0.031481 0.017708
0 0.701852 0.343750 0.025926 0.015625
0 0.290741 0.717708 0.025926 0.016667
0 0.343519 0.631771 0.029630 0.015625
0 0.326852 0.706771 0.035185 0.022917
0 0.260185 0.552604 0.029630 0.013542
0 0.305556 0.670833 0.033333 0.020833
0 0.297222 0.455208 0.046296 0.025000
0 0.304630 0.691667 0.033333 0.018750
0 0.248148 0.583854 0.014815 0.019792
0 0.259259 0.436979 0.046296 0.028125
0 0.235185 0.452604 0.048148 0.026042
0 0.812037 0.281771 0.024074 0.014583
0 0.792593 0.505208 0.027778 0.015625
0 0.750000 0.572396 0.024074 0.013542
0 0.802778 0.480208 0.018519 0.010417
0 0.794444 0.505729 0.025926 0.015625
0 0.800926 0.301563 0.025926 0.013542
0 0.751852 0.572917 0.025926 0.013542
0 0.805556 0.308854 0.024074 0.012500
0 0.761111 0.508854 0.031481 0.014583
0 0.850000 0.488021 0.024074 0.013542
0 0.677778 0.567187 0.016667 0.007292
0 0.931481 0.391667 0.016667 0.010417
0 0.750926 0.295312 0.024074 0.012500
0 0.997222 0.475000 0.003704 0.008333
0 0.993519 0.681250 0.011111 0.014583
0 0.995370 0.663542 0.005556 0.011458
0 0.994444 0.641146 0.007407 0.014583
0 0.997222 0.670312 0.003704 0.015625
0 0.996296 0.392188 0.005556 0.017708
0 0.987963 0.663542 0.022222 0.027083
0 0.914815 0.307292 0.024074 0.014583
0 0.986111 0.485938 0.025926 0.015625
0 0.866667 0.309375 0.024074 0.014583
0 0.858333 0.472917 0.020370 0.010417
0 0.771296 0.321875 0.024074 0.015625
0 0.825926 0.483333 0.022222 0.013542
0 0.774074 0.312500 0.020370 0.013542
0 0.835185 0.494792 0.024074 0.013542
0 0.995370 0.664583 0.005556 0.019792
