0 0.993519 0.688021 0.011111 0.015625
0 0.208333 0.327604 0.020370 0.014583
0 0.329630 0.586458 0.020370 0.012500
0 0.460185 0.203125 0.011111 0.006250
0 0.484259 0.322917 0.020370 0.013542
0 0.993519 0.326562 0.018519 0.017708
0 0.144444 0.364583 0.033333 0.016667
0 0.230556 0.717708 0.024074 0.013542
0 0.193519 0.561458 0.029630 0.017708
0 0.999074 0.547396 0.005556 0.011458
0 0.934259 0.705729 0.027778 0.016667
0 0.221296 0.332813 0.031481 0.017708
0 0.253704 0.328125 0.040741 0.019792
0 0.302778 0.716667 0.029630 0.016667
0 0.266667 0.314063 0.031481 0.016667
0 0.533333 0.405208 0.024074 0.012500
0 0.308333 0.579688 0.020370 0.012500
0 0.489815 0.499479 0.018519 0.011458
0 0.358333 0.521875 0.018519 0.012500
0 0.349074 0.577083 0.024074 0.010417
0 0.997222 0.420833 0.005556 0.014583
0 0.456481 0.322396 0.022222 0.011458
0 0.345370 0.584896 0.027778 0.013542
0 0.444444 0.314063 0.025926 0.014583
0 0.995370 0.690104 0.007407 0.022917
0 0.994444 0.584375 0.024074 0.012500
0 0.376852 0.519271 0.027778 0.017708
0 0.987037 0.538021 0.018519 0.013542
0 0.410185 0.492708 0.020370 0.012500
0 0.347222 0.585417 0.025926 0.014583
0 0.987963 0.297396 0.024074 0.016667
0 0.378704 0.518750 0.025926 0.015625
0 0.390741 0.514583 0.020370 0.013542
0 0.413889 0.295833 0.025926 0.014583
0 0.414815 0.506250 0.024074 0.015625
0 0.403704 0.321875 0.025926 0.015625
0 0.996296 0.688021 0.005556 0.017708
0 0.453704 0.506771 0.024074 0.014583
0 0.423148 0.326042 0.020370 0.012500
0 0.452778 0.495833 0.024074 0.010417
0 0.428704 0.335938 0.020370 0.013542
0 0.992593 0.759896 0.014815 0.033333
0 0.478704 0.484375 0.022222 0.011458
0 0.495370 0.320833 0.025926 0.014583
0 0.553704 0.497396 0.027778 0.015625
0 0.525000 0.319271 0.022222 0.014583
0 0.825926 0.682813 0.033333 0.020833
0 0.596296 0.409896 0.027778 0.018750
0 0.560185 0.425000 0.020370 0.010417
0 0.560185 0.441146 0.009259 0.006250
0 0.975000 0.534896 0.024074 0.012500
0 0.912037 0.705208 0.035185 0.020833
0 0.996296 0.329167 0.018519 0.010417
0 0.873148 0.730729 0.033333 0.018750
0 0.996296 0.556250 0.020370 0.011458
0 0.964815 0.697396 0.035185 0.017708
0 0.997222 0.758854 0.016667 0.027083
0 0.908333 0.730208 0.029630 0.017708
0 0.992593 0.714063 0.014815 0.019792
0 0.938889 0.365104 0.029630 0.017708
0 0.952778 0.306771 0.027778 0.013542
0 0.989815 0.700521 0.018519 0.023958
0 0.930556 0.384375 0.029630 0.014583
0 0.993519 0.728646 0.009259 0.019792
0 0.957407 0.400521 0.031481 0.016667
0 0.986111 0.674479 0.027778 0.018750
0 0.994444 0.582812 0.011111 0.026042
0 0.989815 0.790104 0.018519 0.029167
0 0.989815 0.251042 0.018519 0.010417
0 0.992593 0.277604 0.011111 0.016667
0 0.925926 0.510938 0.025926 0.013542
0 0.990741 0.743750 0.016667 0.023958
0 0.996296 0.715625 0.007407 0.015625
0 0.994444 0.541667 0.009259 0.022917
0 0.993519 0.714063 0.009259 0.014583
0 0.993519 0.776563 0.012963 0.016667
0 0.994444 0.613021 0.009259 0.016667
0 0.995370 0.707292 0.005556 0.011458
0 0.999074 0.437500 0.000000 0.001042
0 0.992593 0.616667 0.014815 0.026042
0 0.992593 0.785937 0.012963 0.020833
0 0.994444 0.617188 0.009259 0.020833
0 0.993519 0.646875 0.009259 0.017708
0 0.992593 0.711979 0.012963 0.018750
0 0.991667 0.589583 0.016667 0.033333
0 0.909259 0.483854 0.027778 0.015625
