0 0.931481 0.501563 0.027778 0.015625
0 0.944444 0.273958 0.024074 0.014583
0 0.936111 0.491146 0.018519 0.011458
0 0.902778 0.297917 0.027778 0.013542
0 0.966667 0.491667 0.025926 0.014583
0 0.912963 0.307292 0.022222 0.012500
0 0.955556 0.479167 0.024074 0.014583
0 0.898148 0.314583 0.024074 0.014583
0 1.002778 0.466667 0.018519 0.009375
0 0.996296 0.302083 0.025926 0.014583
0 0.995370 0.455729 0.005556 0.013542
0 0.992593 0.302083 0.014815 0.014583
0 0.996296 0.401562 0.005556 0.016667
0 0.228704 0.211458 0.033333 0.021875
0 0.978704 0.424479 0.022222 0.013542
0 0.206481 0.261458 0.031481 0.018750
0 0.338889 0.133854 0.025926 0.014583
0 0.262037 0.427604 0.035185 0.020833
0 0.263889 0.442188 0.035185 0.016667
0 0.218519 0.533333 0.031481 0.018750
0 0.304630 0.701042 0.029630 0.018750
0 0.287963 0.315625 0.031481 0.015625
0 0.261111 0.317188 0.029630 0.018750
0 0.462963 0.227604 0.031481 0.017708
0 0.456481 0.269271 0.031481 0.017708
0 0.287037 0.441146 0.027778 0.017708
0 0.233333 0.511458 0.014815 0.008333
0 0.276852 0.705208 0.029630 0.019792
0 0.332407 0.146875 0.024074 0.015625
0 0.658333 0.365104 0.037037 0.020833
0 0.298148 0.604167 0.029630 0.017708
0 0.325926 0.711979 0.035185 0.019792
0 0.331481 0.146875 0.022222 0.014583
0 0.238889 0.521875 0.022222 0.013542
0 0.263889 0.484896 0.031481 0.016667
0 0.384259 0.418229 0.046296 0.028125
0 0.334259 0.682813 0.035185 0.021875
0 0.260185 0.519271 0.025926 0.015625
0 0.396296 0.446875 0.048148 0.026042
0 0.425000 0.430729 0.046296 0.027083
0 0.382407 0.581250 0.014815 0.018750
0 0.462963 0.690104 0.033333 0.018750
0 0.459259 0.448958 0.050000 0.026042
0 0.462963 0.668750 0.033333 0.020833
0 0.397222 0.550521 0.031481 0.014583
0 0.483333 0.705729 0.033333 0.022917
0 0.426852 0.717708 0.025926 0.016667
0 0.306481 0.551562 0.022222 0.014583
0 0.740741 0.338021 0.031481 0.018750
0 0.109259 0.447396 0.025926 0.010417
0 0.343519 0.151562 0.022222 0.014583
0 0.900000 0.504687 0.024074 0.013542
0 0.088889 0.414062 0.037037 0.019792
0 0.100926 0.540104 0.029630 0.014583
0 0.123148 0.536458 0.033333 0.017708
0 0.457407 0.514062 0.016667 0.010417
0 0.151852 0.532813 0.027778 0.017708
0 0.550000 0.480208 0.022222 0.014583
0 0.472222 0.280208 0.027778 0.018750
0 0.174074 0.243750 0.033333 0.020833
0 0.174074 0.243229 0.035185 0.018750
0 0.185185 0.532813 0.037037 0.019792
0 0.999074 0.711458 0.027778 0.013542
0 0.450000 0.282813 0.025926 0.013542
0 0.440741 0.726562 0.035185 0.019792
0 0.633333 0.585417 0.016667 0.010417
0 0.903704 0.300000 0.022222 0.014583
0 0.547222 0.687500 0.024074 0.012500
0 0.614815 0.498437 0.029630 0.017708
0 0.995370 0.302083 0.005556 0.015625
0 0.608333 0.476562 0.029630 0.019792
0 0.891667 0.295833 0.040741 0.026042
0 0.839815 0.570312 0.018519 0.012500
0 0.984259 0.179688 0.011111 0.007292
0 0.993519 0.302604 0.016667 0.014583
0 0.794444 0.704167 0.018519 0.010417
0 0.898148 0.300521 0.029630 0.012500
0 0.905556 0.297396 0.024074 0.013542
0 0.996296 0.700000 0.007407 0.014583
0 0.899074 0.284896 0.024074 0.012500
0 1.000926 0.385937 0.014815 0.009375
0 0.838889 0.578125 0.014815 0.006250
0 0.888889 0.507812 0.025926 0.014583
0 0.928704 0.301042 0.022222 0.013542
0 0.886111 0.570833 0.025926 0.013542
0 0.923148 0.294271 0.022222 0.014583
0 0.932407 0.501563 0.029630 0.015625
0 0.941667 0.474479 0.016667 0.008333
0 0.885185 0.570833 0.025926 0.013542
