0 0.990741 0.759375 0.016667 0.022917
0 0.996296 0.728125 0.005556 0.014583
0 0.994444 0.718750 0.009259 0.014583
0 0.993519 0.769792 0.012963 0.016667
0 0.999074 0.436458 0.000000 0.000000
0 0.991667 0.604688 0.014815 0.027083
0 0.995370 0.594792 0.009259 0.019792
0 0.993519 0.492708 0.012963 0.015625
0 0.992593 0.726562 0.014815 0.019792
0 0.997222 0.521354 0.003704 0.018750
0 1.001852 0.716667 0.016667 0.017708
0 0.975926 0.742708 0.035185 0.018750
0 0.996296 0.538542 0.020370 0.011458
0 0.988889 0.668750 0.022222 0.012500
0 0.997222 0.740104 0.007407 0.017708
0 0.991667 0.728125 0.014815 0.020833
0 0.994444 0.372917 0.009259 0.014583
0 0.992593 0.318229 0.012963 0.014583
0 0.993519 0.682813 0.012963 0.016667
0 0.984259 0.399479 0.009259 0.013542
0 0.993519 0.746354 0.009259 0.019792
0 0.994444 0.411979 0.007407 0.014583
0 0.992593 0.681250 0.012963 0.017708
0 0.994444 0.604167 0.011111 0.027083
0 0.988889 0.822396 0.018519 0.031250
0 0.990741 0.253646 0.018519 0.010417
0 0.993519 0.275000 0.011111 0.015625
0 0.995370 0.513542 0.007407 0.020833
0 0.402778 0.720313 0.031481 0.017708
0 0.372222 0.315104 0.027778 0.015625
0 0.614815 0.410938 0.024074 0.013542
0 0.378704 0.582292 0.024074 0.015625
0 0.553704 0.505729 0.020370 0.011458
0 0.447222 0.526042 0.027778 0.013542
0 0.431481 0.581250 0.025926 0.011458
0 0.996296 0.441667 0.005556 0.015625
0 0.533333 0.327604 0.022222 0.013542
0 0.427778 0.589583 0.024074 0.014583
0 0.523148 0.319792 0.024074 0.015625
0 0.995370 0.730208 0.007407 0.022917
0 0.474074 0.517708 0.018519 0.012500
0 0.994444 0.608333 0.025926 0.012500
0 0.463889 0.521875 0.029630 0.015625
0 0.993519 0.529167 0.009259 0.011458
0 0.491667 0.496875 0.022222 0.012500
0 0.427778 0.590104 0.024074 0.014583
0 0.463889 0.521875 0.025926 0.016667
0 0.993519 0.696354 0.011111 0.015625
0 0.567593 0.327604 0.018519 0.013542
0 0.991667 0.324479 0.014815 0.014583
0 0.264815 0.364063 0.029630 0.015625
0 0.257407 0.722917 0.029630 0.015625
0 0.284259 0.562500 0.027778 0.017708
0 0.996296 0.549479 0.007407 0.012500
0 0.999074 0.706250 0.018519 0.016667
0 0.325926 0.333333 0.029630 0.017708
0 0.363889 0.328646 0.031481 0.018750
0 0.533333 0.511458 0.024074 0.014583
0 0.501852 0.330208 0.022222 0.012500
0 0.530556 0.501042 0.024074 0.011458
0 0.504630 0.341146 0.022222 0.012500
0 0.992593 0.769792 0.016667 0.038542
0 0.559259 0.489583 0.022222 0.012500
0 0.569444 0.327604 0.022222 0.014583
0 0.997222 0.278125 0.005556 0.015625
0 0.644444 0.502604 0.025926 0.015625
0 0.611111 0.325521 0.022222 0.014583
0 0.926852 0.693750 0.035185 0.020833
0 0.695370 0.414583 0.027778 0.017708
0 0.641667 0.431250 0.020370 0.010417
0 0.023148 0.608333 0.020370 0.009375
0 0.346296 0.330208 0.025926 0.016667
0 0.028704 0.709375 0.037037 0.020833
0 0.974074 0.477083 0.025926 0.011458
0 0.091667 0.521875 0.031481 0.016667
0 0.581481 0.326042 0.024074 0.013542
0 0.078704 0.484375 0.025926 0.009375
0 0.963889 0.660937 0.031481 0.018750
0 0.311111 0.328646 0.022222 0.015625
0 0.397222 0.590625 0.020370 0.014583
0 0.551852 0.209896 0.009259 0.007292
0 0.502778 0.300521 0.024074 0.015625
0 0.493519 0.510938 0.022222 0.014583
0 0.480556 0.327604 0.024074 0.013542
0 0.996296 0.698438 0.005556 0.018750
