0 0.289815 0.554167 0.024074 0.012500
0 0.725000 0.344271 0.031481 0.018750
0 0.093519 0.448958 0.024074 0.010417
0 0.333333 0.156771 0.022222 0.014583
0 0.881481 0.510938 0.024074 0.013542
0 0.074074 0.415625 0.037037 0.019792
0 0.085185 0.541146 0.029630 0.014583
0 0.106481 0.538021 0.033333 0.017708
0 0.449074 0.518229 0.016667 0.010417
0 0.138889 0.534896 0.029630 0.016667
0 0.532407 0.484375 0.022222 0.014583
0 0.465741 0.284896 0.037037 0.021875
0 0.168519 0.246875 0.033333 0.020833
0 0.169444 0.245833 0.033333 0.019792
0 0.171296 0.534896 0.035185 0.019792
0 0.967593 0.716667 0.027778 0.013542
0 0.219444 0.214583 0.033333 0.020833
0 0.963889 0.431250 0.024074 0.013542
0 0.200926 0.264583 0.031481 0.018750
0 0.326852 0.138542 0.024074 0.013542
0 0.243519 0.430208 0.033333 0.020833
0 0.244444 0.444792 0.035185 0.017708
0 0.204630 0.535417 0.031481 0.018750
0 0.282407 0.703125 0.029630 0.017708
0 0.279630 0.318750 0.031481 0.015625
0 0.252778 0.320312 0.027778 0.016667
0 0.452778 0.232813 0.029630 0.017708
0 0.444444 0.273958 0.027778 0.015625
0 0.270370 0.444271 0.027778 0.016667
0 0.219444 0.514062 0.014815 0.009375
0 0.255556 0.707292 0.031481 0.018750
0 0.321296 0.151562 0.024074 0.014583
0 0.643519 0.368750 0.035185 0.017708
0 0.279630 0.606250 0.031481 0.017708
0 0.300926 0.714583 0.035185 0.020833
0 0.321296 0.151562 0.024074 0.014583
0 0.230556 0.523438 0.024074 0.012500
0 0.252778 0.487500 0.029630 0.016667
0 0.363889 0.421354 0.048148 0.028125
0 0.311111 0.684896 0.033333 0.020833
0 0.250926 0.521875 0.025926 0.015625
0 0.375000 0.450000 0.050000 0.027083
0 0.402778 0.434896 0.046296 0.028125
0 0.362963 0.584896 0.014815 0.019792
0 0.436111 0.693229 0.031481 0.018750
0 0.437037 0.453125 0.048148 0.026042
0 0.437037 0.672396 0.033333 0.020833
0 0.378704 0.553646 0.031481 0.014583
0 0.457407 0.708854 0.033333 0.022917
0 0.405556 0.720313 0.027778 0.016667
0 0.868519 0.338542 0.025926 0.015625
0 0.436111 0.286979 0.025926 0.013542
0 0.419444 0.729167 0.035185 0.020833
0 0.607407 0.590104 0.018519 0.010417
0 0.876852 0.306771 0.022222 0.014583
0 0.521296 0.690625 0.024074 0.012500
0 0.596296 0.503125 0.029630 0.018750
0 0.996296 0.310937 0.007407 0.016667
0 0.589815 0.481250 0.027778 0.018750
0 0.862037 0.304167 0.038889 0.026042
0 0.812037 0.575521 0.018519 0.013542
0 0.973148 0.188021 0.011111 0.007292
0 0.985185 0.309375 0.024074 0.015625
0 0.760185 0.707812 0.018519 0.009375
0 0.870370 0.307812 0.029630 0.012500
0 0.883333 0.304688 0.029630 0.015625
0 0.978704 0.706771 0.031481 0.015625
0 0.880556 0.292187 0.022222 0.012500
0 1.000926 0.389583 0.014815 0.009375
0 0.815741 0.577604 0.014815 0.006250
0 0.868519 0.511979 0.025926 0.014583
0 0.916667 0.309896 0.024074 0.014583
0 0.866667 0.577083 0.025926 0.013542
0 0.911111 0.302083 0.024074 0.013542
0 0.914815 0.508333 0.029630 0.015625
0 0.923148 0.481250 0.016667 0.009375
0 0.866667 0.577083 0.025926 0.013542
0 0.912963 0.507812 0.027778 0.015625
0 0.932407 0.281771 0.024074 0.014583
0 0.917593 0.497917 0.018519 0.012500
0 0.884259 0.304688 0.029630 0.016667
0 0.950000 0.497917 0.025926 0.014583
0 0.893519 0.312500 0.022222 0.012500
0 0.939815 0.485938 0.024074 0.014583
0 0.881481 0.322396 0.022222 0.013542
0 0.983333 0.475521 0.018519 0.009375
0 0.984259 0.309375 0.024074 0.014583
0 0.995370 0.461979 0.005556 0.013542
0 0.990741 0.308854 0.016667 0.015625
0 0.996296 0.399479 0.005556 0.017708
