0 0.817593 0.423438 0.020370 0.010417
0 0.267593 0.480208 0.029630 0.015625
0 0.996296 0.646354 0.024074 0.017708
0 0.483333 0.305208 0.027778 0.017708
0 0.523148 0.574479 0.024074 0.013542
0 0.700000 0.182292 0.011111 0.007292
0 0.714815 0.304688 0.022222 0.015625
0 0.993519 0.317708 0.011111 0.010417
0 0.521296 0.347917 0.029630 0.016667
0 0.405556 0.707812 0.027778 0.016667
0 0.469444 0.546354 0.027778 0.016667
0 0.996296 0.564583 0.007407 0.013542
0 1.001852 0.660417 0.018519 0.015625
0 0.500926 0.309896 0.031481 0.017708
0 0.544444 0.304688 0.031481 0.020833
0 0.607407 0.707292 0.029630 0.017708
0 0.546296 0.290625 0.024074 0.014583
0 0.755556 0.391146 0.020370 0.011458
0 0.503704 0.567187 0.024074 0.014583
0 0.694444 0.488021 0.024074 0.013542
0 0.591667 0.508854 0.025926 0.015625
0 0.666667 0.305729 0.024074 0.013542
0 0.578704 0.574479 0.024074 0.014583
0 0.659259 0.297917 0.024074 0.014583
0 0.620370 0.506250 0.027778 0.016667
0 0.994444 0.525000 0.009259 0.011458
0 0.638889 0.480208 0.022222 0.012500
0 0.580556 0.574479 0.025926 0.013542
0 0.620370 0.506250 0.027778 0.015625
0 0.629630 0.502604 0.016667 0.010417
0 0.651852 0.277083 0.025926 0.015625
0 0.636111 0.494792 0.022222 0.013542
0 0.613889 0.304167 0.024074 0.015625
0 0.996296 0.680208 0.007407 0.017708
0 0.676852 0.494792 0.024074 0.014583
0 0.634259 0.308854 0.020370 0.013542
0 0.667593 0.483854 0.024074 0.012500
0 0.633333 0.319792 0.020370 0.012500
0 0.702778 0.472917 0.024074 0.011458
0 0.715741 0.304688 0.024074 0.015625
0 0.996296 0.268229 0.003704 0.016667
0 0.812037 0.486979 0.027778 0.015625
0 0.762037 0.303125 0.025926 0.015625
0 0.990741 0.679167 0.018519 0.021875
0 0.876852 0.396354 0.033333 0.018750
0 0.997222 0.504687 0.003704 0.017708
0 0.991667 0.674479 0.014815 0.016667
0 0.997222 0.697396 0.003704 0.015625
0 0.988889 0.667708 0.018519 0.011458
0 0.995370 0.735938 0.005556 0.016667
0 0.992593 0.678646 0.009259 0.017708
0 0.994444 0.349479 0.007407 0.014583
0 0.992593 0.345313 0.011111 0.013542
0 0.994444 0.661458 0.009259 0.012500
0 1.001852 0.380729 0.009259 0.012500
0 0.995370 0.391146 0.007407 0.012500
0 0.993519 0.678646 0.009259 0.016667
0 0.996296 0.464062 0.007407 0.019792
0 0.996296 0.697917 0.005556 0.013542
0 0.994444 0.702604 0.009259 0.013542
0 0.992593 0.703646 0.012963 0.016667
0 0.996296 0.484375 0.003704 0.010417
0 0.734259 0.303646 0.022222 0.014583
0 0.520370 0.307292 0.024074 0.017708
0 0.175926 0.692708 0.033333 0.017708
0 0.012963 0.436458 0.025926 0.028125
0 0.047222 0.582292 0.012963 0.016667
0 0.058333 0.696354 0.031481 0.018750
0 0.263889 0.503646 0.031481 0.017708
0 0.045370 0.454688 0.050000 0.025000
0 0.062037 0.675521 0.035185 0.020833
0 0.050926 0.552604 0.027778 0.012500
0 0.086111 0.711458 0.035185 0.020833
0 0.108333 0.635417 0.033333 0.017708
0 0.086111 0.721875 0.031481 0.015625
0 0.426852 0.342708 0.024074 0.015625
0 0.122222 0.285938 0.033333 0.017708
0 0.127778 0.729167 0.037037 0.020833
0 0.225926 0.591667 0.018519 0.009375
0 0.990741 0.461458 0.016667 0.011458
