0 0.825000 0.577604 0.035185 0.017708
0 0.263889 0.651042 0.037037 0.019792
0 0.625926 0.261979 0.042593 0.026042
0 0.783333 0.580208 0.035185 0.019792
0 0.831481 0.340104 0.025926 0.014583
0 0.106481 0.286458 0.033333 0.017708
0 0.270370 0.354167 0.038889 0.023958
0 0.215741 0.776563 0.044444 0.026042
0 0.059259 0.673438 0.027778 0.014583
0 0.692593 0.489063 0.024074 0.012500
0 0.236111 0.430729 0.038889 0.021875
0 0.292593 0.685417 0.029630 0.017708
0 0.146296 0.691146 0.031481 0.019792
0 0.076852 0.256250 0.027778 0.015625
0 0.720370 0.274479 0.020370 0.014583
0 0.658333 0.521354 0.035185 0.017708
0 0.611111 0.281771 0.022222 0.013542
0 0.058333 0.473438 0.025926 0.014583
0 0.391667 0.254688 0.031481 0.018750
0 0.586111 0.723437 0.035185 0.020833
0 0.672222 0.543229 0.044444 0.025000
0 0.508333 0.215104 0.038889 0.022917
0 0.436111 0.762500 0.027778 0.016667
0 0.821296 0.384896 0.033333 0.019792
0 0.619444 0.718750 0.035185 0.020833
0 0.379630 0.734375 0.031481 0.016667
0 0.786111 0.379688 0.042593 0.023958
0 0.520370 0.483854 0.044444 0.026042
0 0.819444 0.530729 0.035185 0.019792
0 0.172222 0.678125 0.042593 0.023958
0 0.287963 0.517188 0.040741 0.022917
0 0.651852 0.270833 0.029630 0.019792
0 0.480556 0.575000 0.048148 0.027083
0 0.008333 0.635417 0.016667 0.018750
0 0.688889 0.503125 0.037037 0.021875
0 0.784259 0.538542 0.037037 0.020833
0 0.800926 0.353646 0.029630 0.014583
0 0.012963 0.446354 0.025926 0.013542
0 0.603704 0.552083 0.027778 0.017708
0 0.633333 0.530208 0.033333 0.019792
0 0.435185 0.632292 0.033333 0.017708
0 0.697222 0.288542 0.024074 0.016667
0 0.080556 0.267708 0.027778 0.014583
0 0.405556 0.446875 0.031481 0.018750
0 0.312963 0.543229 0.020370 0.012500
0 0.251852 0.365104 0.024074 0.009375
0 0.452778 0.214583 0.024074 0.013542
0 0.803704 0.561458 0.029630 0.015625
0 0.708333 0.637500 0.024074 0.014583
0 0.816667 0.573958 0.031481 0.015625
0 0.222222 0.642188 0.031481 0.016667
0 0.662037 0.705208 0.029630 0.013542
0 0.108333 0.647396 0.038889 0.018750
0 0.224074 0.363542 0.025926 0.012500
0 0.845370 0.543750 0.029630 0.017708
0 0.488889 0.545833 0.042593 0.022917
0 0.407407 0.769792 0.029630 0.016667
0 0.763889 0.521875 0.038889 0.020833
0 0.710185 0.281771 0.029630 0.017708
0 0.642593 0.576042 0.027778 0.016667
0 0.084259 0.677604 0.029630 0.016667
0 0.640741 0.551562 0.029630 0.017708
0 0.266667 0.662500 0.035185 0.014583
0 0.365741 0.660937 0.033333 0.018750
0 0.633333 0.248438 0.037037 0.017708
0 0.761111 0.433333 0.042593 0.026042
0 0.531481 0.722917 0.042593 0.020833
0 0.846296 0.564063 0.031481 0.018750
0 0.347222 0.771875 0.031481 0.017708
0 0.387037 0.665625 0.035185 0.021875
0 0.306481 0.377604 0.040741 0.021875
0 0.663889 0.691667 0.042593 0.025000
0 0.304630 0.712500 0.031481 0.017708
0 0.845370 0.513542 0.035185 0.019792
