0 0.625926 0.503125 0.016667 0.010417
0 0.539815 0.305729 0.031481 0.019792
0 0.602778 0.707812 0.029630 0.017708
0 0.542593 0.291667 0.025926 0.014583
0 0.751852 0.392188 0.018519 0.011458
0 0.500000 0.567187 0.024074 0.014583
0 0.690741 0.488542 0.024074 0.013542
0 0.588889 0.509896 0.025926 0.014583
0 0.662963 0.306250 0.022222 0.013542
0 0.575926 0.575000 0.024074 0.014583
0 0.656481 0.298438 0.025926 0.015625
0 0.616667 0.506771 0.027778 0.015625
0 0.993519 0.524479 0.009259 0.011458
0 0.635185 0.480729 0.022222 0.012500
0 0.575926 0.574479 0.024074 0.014583
0 0.615741 0.506771 0.027778 0.015625
0 0.812963 0.424479 0.020370 0.011458
0 0.997222 0.504167 0.003704 0.017708
0 0.991667 0.674479 0.016667 0.016667
0 0.997222 0.698958 0.003704 0.016667
0 0.988889 0.667708 0.018519 0.011458
0 0.995370 0.735417 0.005556 0.016667
0 0.992593 0.679688 0.009259 0.017708
0 0.995370 0.349479 0.009259 0.014583
0 0.992593 0.344792 0.011111 0.013542
0 0.994444 0.661458 0.009259 0.012500
0 0.998148 0.381771 0.007407 0.013542
0 0.995370 0.390625 0.005556 0.012500
0 0.993519 0.679688 0.009259 0.016667
0 0.996296 0.465104 0.007407 0.020833
0 0.996296 0.697396 0.005556 0.013542
0 0.994444 0.702604 0.007407 0.013542
0 0.992593 0.705208 0.012963 0.016667
0 0.996296 0.484375 0.003704 0.010417
0 0.648148 0.277083 0.025926 0.015625
0 0.633333 0.495312 0.024074 0.014583
0 0.610185 0.304688 0.024074 0.016667
0 0.996296 0.679688 0.007407 0.017708
0 0.674074 0.495312 0.024074 0.014583
0 0.630556 0.309896 0.020370 0.014583
0 0.663889 0.484375 0.022222 0.012500
0 0.630556 0.320312 0.020370 0.013542
0 0.699074 0.472917 0.022222 0.011458
0 0.712037 0.305208 0.024074 0.015625
0 0.997222 0.268229 0.005556 0.016667
0 0.807407 0.487500 0.027778 0.015625
0 0.757407 0.304167 0.025926 0.015625
0 0.990741 0.678646 0.018519 0.021875
0 0.872222 0.396875 0.033333 0.018750
0 0.042593 0.455729 0.050000 0.026042
0 0.011111 0.436979 0.022222 0.027083
0 0.044444 0.583854 0.012963 0.017708
0 0.055556 0.697396 0.031481 0.018750
0 0.058333 0.676562 0.035185 0.020833
0 0.048148 0.553125 0.027778 0.012500
0 0.082407 0.712500 0.037037 0.021875
0 0.103704 0.636458 0.033333 0.017708
0 0.083333 0.722917 0.033333 0.015625
0 0.423148 0.343229 0.024074 0.015625
0 0.119444 0.286458 0.033333 0.016667
0 0.125000 0.730208 0.035185 0.020833
0 0.222222 0.592708 0.020370 0.010417
0 0.516667 0.307812 0.025926 0.017708
0 0.172222 0.693750 0.035185 0.018750
0 0.991667 0.461458 0.016667 0.011458
0 0.260185 0.504687 0.031481 0.017708
0 0.730556 0.304688 0.022222 0.015625
0 0.263889 0.481250 0.029630 0.016667
0 0.995370 0.646354 0.024074 0.017708
0 0.480556 0.305729 0.027778 0.018750
0 0.520370 0.575000 0.025926 0.014583
0 0.695370 0.183333 0.011111 0.008333
0 0.712037 0.305729 0.022222 0.015625
0 0.993519 0.317708 0.011111 0.010417
0 0.517593 0.348438 0.029630 0.016667
0 0.402778 0.708333 0.029630 0.016667
0 0.465741 0.547396 0.027778 0.017708
0 0.995370 0.564583 0.005556 0.013542
0 1.001852 0.661458 0.018519 0.015625
0 0.497222 0.310937 0.031481 0.018750
