0 0.377778 0.771354 0.029630 0.018750
0 0.686111 0.498437 0.033333 0.016667
0 0.178704 0.687500 0.031481 0.022917
0 0.021296 0.361979 0.029630 0.015625
0 0.030556 0.635417 0.033333 0.017708
0 0.515741 0.575521 0.046296 0.026042
0 0.677778 0.276562 0.029630 0.018750
0 0.323148 0.517708 0.040741 0.021875
0 0.212037 0.677604 0.042593 0.023958
0 0.847222 0.531771 0.035185 0.018750
0 0.559259 0.485417 0.042593 0.023958
0 0.821296 0.383333 0.040741 0.022917
0 0.410185 0.733333 0.029630 0.016667
0 0.650000 0.718229 0.033333 0.020833
0 0.847222 0.387500 0.031481 0.018750
0 0.464815 0.761458 0.027778 0.016667
0 0.544444 0.221354 0.038889 0.022917
0 0.703704 0.544271 0.042593 0.022917
0 0.616667 0.721875 0.033333 0.019792
0 0.419444 0.257812 0.029630 0.019792
0 0.083333 0.474479 0.025926 0.013542
0 0.645370 0.286979 0.022222 0.013542
0 0.678704 0.520312 0.037037 0.020833
0 0.742593 0.279687 0.020370 0.015625
0 0.104630 0.258333 0.027778 0.013542
0 0.178704 0.689063 0.037037 0.019792
0 0.326852 0.684375 0.029630 0.016667
0 0.274074 0.432812 0.037037 0.021875
0 0.724074 0.490625 0.022222 0.011458
0 0.087963 0.672396 0.025926 0.014583
0 0.246296 0.775521 0.042593 0.026042
0 0.315741 0.358333 0.038889 0.023958
0 0.139815 0.289062 0.031481 0.016667
0 0.848148 0.343229 0.027778 0.015625
0 0.806481 0.580208 0.033333 0.019792
0 0.659259 0.267708 0.038889 0.026042
0 0.300000 0.651042 0.037037 0.018750
0 0.849074 0.578646 0.031481 0.019792
0 0.871296 0.515104 0.033333 0.019792
0 0.337037 0.711458 0.031481 0.018750
0 0.692593 0.690104 0.042593 0.025000
0 0.349074 0.381250 0.040741 0.020833
0 0.722222 0.505208 0.035185 0.020833
0 0.424074 0.664583 0.033333 0.019792
0 0.871296 0.565104 0.033333 0.018750
0 0.563889 0.721875 0.040741 0.020833
0 0.795370 0.435937 0.042593 0.023958
0 0.666667 0.254167 0.033333 0.017708
0 0.401852 0.660417 0.033333 0.018750
0 0.302778 0.661979 0.035185 0.013542
0 0.665741 0.552083 0.031481 0.016667
0 0.112963 0.676562 0.031481 0.015625
0 0.670370 0.575521 0.027778 0.014583
0 0.732407 0.286979 0.031481 0.017708
0 0.792593 0.522917 0.035185 0.020833
0 0.812963 0.539583 0.037037 0.019792
0 0.631481 0.552604 0.027778 0.016667
0 0.037963 0.447396 0.025926 0.014583
0 0.825926 0.357292 0.027778 0.013542
0 0.436111 0.767708 0.029630 0.015625
0 0.526852 0.547396 0.038889 0.022917
0 0.870370 0.544271 0.031481 0.017708
0 0.255556 0.365625 0.025926 0.012500
0 0.146296 0.645833 0.035185 0.017708
0 0.332407 0.672917 0.027778 0.014583
0 0.684259 0.703125 0.029630 0.015625
0 0.258333 0.642708 0.027778 0.016667
0 0.841667 0.573958 0.031481 0.015625
0 0.729630 0.637500 0.024074 0.013542
0 0.828704 0.562500 0.027778 0.015625
0 0.480556 0.217708 0.024074 0.013542
0 0.277778 0.366667 0.024074 0.009375
0 0.337037 0.543750 0.020370 0.012500
0 0.440741 0.449479 0.035185 0.020833
0 0.111111 0.270833 0.024074 0.012500
0 0.719444 0.292708 0.024074 0.015625
0 0.471296 0.632292 0.029630 0.015625
0 0.657407 0.530729 0.029630 0.016667
