0 0.203704 0.670833 0.035185 0.019792
0 0.162963 0.551562 0.027778 0.012500
0 0.227778 0.706250 0.035185 0.021875
0 0.243519 0.630729 0.033333 0.016667
0 0.206481 0.717708 0.027778 0.015625
0 0.571296 0.335417 0.025926 0.015625
0 0.212963 0.285938 0.029630 0.015625
0 0.234259 0.726042 0.035185 0.019792
0 0.362963 0.586458 0.018519 0.010417
0 0.617593 0.301563 0.024074 0.016667
0 0.295370 0.686979 0.029630 0.014583
0 0.979630 0.451562 0.014815 0.011458
0 0.375000 0.498958 0.029630 0.016667
0 0.802778 0.296354 0.024074 0.014583
0 0.373148 0.476042 0.031481 0.016667
0 0.997222 0.628125 0.024074 0.017708
0 0.582407 0.298438 0.027778 0.017708
0 0.600000 0.566146 0.024074 0.015625
0 0.761111 0.176563 0.011111 0.008333
0 0.780556 0.298438 0.024074 0.013542
0 0.699074 0.338021 0.040741 0.021875
0 0.509259 0.697917 0.022222 0.012500
0 0.600926 0.536458 0.025926 0.015625
0 1.001852 0.639062 0.018519 0.015625
0 0.600926 0.303125 0.029630 0.014583
0 0.644444 0.298958 0.029630 0.019792
0 0.740741 0.691667 0.025926 0.015625
0 0.644444 0.284896 0.024074 0.012500
0 0.837037 0.380208 0.016667 0.010417
0 0.588889 0.560417 0.018519 0.008333
0 0.770370 0.478125 0.024074 0.013542
0 0.678704 0.500521 0.031481 0.014583
0 0.723148 0.298438 0.022222 0.014583
0 0.671296 0.564583 0.024074 0.014583
0 0.720370 0.290625 0.022222 0.011458
0 0.709259 0.496354 0.027778 0.015625
0 0.721296 0.470833 0.022222 0.011458
0 0.669444 0.564583 0.025926 0.013542
0 0.710185 0.496875 0.027778 0.015625
0 0.722222 0.269792 0.024074 0.013542
0 0.716667 0.485417 0.020370 0.013542
0 0.670370 0.299479 0.022222 0.012500
0 0.996296 0.666146 0.007407 0.018750
0 0.755556 0.485417 0.024074 0.013542
0 0.691667 0.302083 0.020370 0.012500
0 0.745370 0.473958 0.022222 0.013542
0 0.689815 0.313021 0.022222 0.013542
0 0.778704 0.463021 0.020370 0.011458
0 0.780556 0.297917 0.022222 0.014583
0 0.900000 0.474479 0.027778 0.014583
0 0.828704 0.295312 0.024074 0.014583
0 0.988889 0.665104 0.022222 0.025000
0 0.963889 0.384375 0.033333 0.019792
0 0.997222 0.499479 0.003704 0.017708
0 0.992593 0.658854 0.014815 0.016667
0 0.997222 0.666667 0.003704 0.015625
0 0.995370 0.727604 0.005556 0.016667
0 0.993519 0.650000 0.009259 0.015625
0 1.007407 0.429167 0.018519 0.027083
0 0.995370 0.666146 0.007407 0.013542
0 0.996296 0.452083 0.007407 0.020833
0 0.993519 0.687500 0.012963 0.015625
0 0.997222 0.473958 0.003704 0.009375
0 0.053704 0.523958 0.024074 0.014583
0 0.099074 0.422917 0.051852 0.027083
0 0.094444 0.685417 0.040741 0.022917
0 0.075926 0.521354 0.024074 0.014583
0 0.114815 0.452083 0.051852 0.027083
0 0.137963 0.435937 0.050000 0.029167
0 0.156481 0.581771 0.012963 0.018750
0 0.200926 0.691667 0.031481 0.017708
0 0.179630 0.453125 0.046296 0.027083
0 0.006481 0.433333 0.012963 0.019792
0 0.011111 0.446875 0.022222 0.017708
0 0.008333 0.537500 0.016667 0.017708
0 0.062963 0.704688 0.029630 0.016667
0 0.074074 0.317188 0.033333 0.014583
0 0.047222 0.318750 0.025926 0.016667
0 0.223148 0.228646 0.031481 0.016667
0 0.025926 0.519271 0.018519 0.011458
0 0.050000 0.708333 0.031481 0.017708
0 0.047222 0.153125 0.025926 0.015625
0 0.416667 0.366146 0.037037 0.020833
0 0.060185 0.608333 0.029630 0.017708
0 0.082407 0.715104 0.037037 0.019792
0 0.065741 0.156250 0.024074 0.014583
0 0.057407 0.488021 0.033333 0.017708
0 0.055556 0.139583 0.025926 0.014583
0 0.219444 0.270833 0.029630 0.017708
0 0.028704 0.445833 0.029630 0.017708
