0 0.574074 0.286458 0.024074 0.012500
0 0.008333 0.699479 0.016667 0.019792
0 0.637963 0.668229 0.031481 0.019792
0 0.284259 0.556250 0.024074 0.014583
0 0.039815 0.651563 0.025926 0.015625
0 0.913889 0.436979 0.031481 0.020833
0 0.062037 0.673438 0.031481 0.017708
0 0.550000 0.555208 0.024074 0.012500
0 0.703704 0.664583 0.031481 0.018750
0 0.354630 0.688542 0.027778 0.014583
0 0.144444 0.326562 0.033333 0.018750
0 0.186111 0.256250 0.018519 0.019792
0 0.369444 0.654687 0.037037 0.019792
0 -0.075926 0.337500 0.000000 0.000000
0 0.991667 0.579167 0.012963 0.019792
0 0.156481 0.346875 0.031481 0.014583
0 0.887963 0.487500 0.020370 0.013542
0 0.403704 0.700000 0.037037 0.022917
0 0.175000 0.363021 0.029630 0.016667
0 0.192593 0.642188 0.029630 0.017708
0 0.744444 0.580729 0.050000 0.027083
0 0.897222 0.273958 0.031481 0.015625
0 0.537037 0.522396 0.038889 0.020833
0 0.439815 0.686979 0.038889 0.023958
0 0.991667 0.540104 0.014815 0.022917
0 0.618519 0.665104 0.035185 0.020833
0 0.038889 0.698438 0.033333 0.017708
0 0.034259 0.665625 0.038889 0.020833
0 0.851852 0.553125 0.024074 0.018750
0 0.819444 0.490104 0.044444 0.025000
0 0.988889 0.373958 0.020370 0.022917
0 0.612037 0.739583 0.031481 0.017708
0 0.878704 0.723437 0.035185 0.019792
0 1.001852 0.388542 0.029630 0.020833
0 0.661111 0.768229 0.024074 0.016667
0 0.777778 0.217708 0.040741 0.025000
0 0.936111 0.546875 0.048148 0.023958
0 0.846296 0.727604 0.033333 0.018750
0 0.562963 0.253646 0.029630 0.019792
0 0.220370 0.476562 0.025926 0.014583
0 0.864815 0.520833 0.033333 0.017708
0 0.912963 0.275000 0.018519 0.014583
0 0.288889 0.263021 0.029630 0.017708
0 0.405556 0.698958 0.035185 0.022917
0 0.533333 0.692187 0.031481 0.017708
0 0.494444 0.435937 0.038889 0.020833
0 0.965741 0.492188 0.022222 0.011458
0 0.254630 0.678646 0.025926 0.015625
0 0.439815 0.785937 0.042593 0.022917
0 0.569444 0.360417 0.040741 0.023958
0 0.335185 0.283333 0.027778 0.014583
0 0.984259 0.336979 0.029630 0.017708
0 0.994444 0.580729 0.011111 0.019792
0 0.893519 0.264062 0.038889 0.025000
0 0.525000 0.658333 0.035185 0.020833
0 0.987037 0.582292 0.024074 0.018750
0 0.995370 0.510938 0.005556 0.018750
0 0.539815 0.718750 0.033333 0.018750
0 0.915741 0.694792 0.044444 0.023958
0 0.600000 0.383854 0.044444 0.022917
0 0.966667 0.507292 0.038889 0.020833
0 0.647222 0.672917 0.033333 0.018750
0 0.578704 0.778125 0.029630 0.018750
0 0.992593 0.576042 0.011111 0.019792
0 0.800000 0.728125 0.044444 0.020833
0 0.995370 0.428125 0.007407 0.017708
0 0.901852 0.251563 0.027778 0.015625
0 0.618519 0.664062 0.037037 0.019792
0 0.523148 0.669792 0.035185 0.014583
0 0.280556 0.684375 0.027778 0.016667
0 0.873148 0.577083 0.024074 0.015625
0 0.897222 0.282813 0.029630 0.017708
0 0.993519 0.524479 0.012963 0.020833
0 0.632407 0.775521 0.025926 0.015625
0 0.773148 0.552083 0.040741 0.022917
0 0.300000 0.678646 0.022222 0.013542
0 0.883333 0.706250 0.024074 0.013542
0 0.485185 0.652083 0.025926 0.017708
0 0.989815 0.575000 0.016667 0.019792
0 0.952778 0.642188 0.025926 0.014583
0 0.981481 0.553646 0.035185 0.020833
0 0.522222 0.541146 0.027778 0.016667
0 0.654630 0.452083 0.038889 0.023958
0 0.190741 0.305729 0.020370 0.009375
0 0.884259 0.286979 0.024074 0.015625
0 0.705556 0.639062 0.035185 0.016667
0 0.839815 0.532292 0.025926 0.015625
0 0.842593 0.553646 0.025926 0.016667
0 0.179630 0.448437 0.027778 0.016667
0 1.002778 0.373437 0.027778 0.013542
0 0.987037 0.539062 0.024074 0.026042
