0 0.662037 0.540625 0.046296 0.025000
0 0.574074 0.720833 0.033333 0.019792
0 0.387963 0.251042 0.031481 0.019792
0 0.052778 0.470313 0.025926 0.014583
0 0.600926 0.278125 0.022222 0.013542
0 0.648148 0.518750 0.035185 0.017708
0 0.715741 0.271354 0.024074 0.013542
0 0.070370 0.252083 0.027778 0.015625
0 0.132407 0.687500 0.035185 0.019792
0 0.282407 0.682292 0.029630 0.016667
0 0.225000 0.427083 0.038889 0.021875
0 0.686111 0.485417 0.027778 0.014583
0 0.050000 0.669792 0.027778 0.014583
0 0.205556 0.774479 0.044444 0.026042
0 0.257407 0.350000 0.040741 0.021875
0 0.100000 0.282813 0.033333 0.017708
0 0.828704 0.337500 0.025926 0.014583
0 0.774074 0.578125 0.035185 0.019792
0 0.616667 0.258854 0.042593 0.027083
0 0.004630 0.633333 0.009259 0.016667
0 0.469444 0.571875 0.048148 0.026042
0 0.644444 0.268229 0.031481 0.019792
0 0.275926 0.514062 0.040741 0.022917
0 0.158333 0.675000 0.044444 0.025000
0 0.810185 0.528125 0.035185 0.018750
0 0.507407 0.481250 0.042593 0.026042
0 0.775926 0.377083 0.046296 0.023958
0 0.369444 0.731771 0.031481 0.016667
0 0.608333 0.717187 0.035185 0.020833
0 0.813889 0.381771 0.035185 0.018750
0 0.425926 0.759896 0.029630 0.016667
0 0.498148 0.210938 0.037037 0.023958
0 0.287963 0.670833 0.029630 0.015625
0 0.653704 0.702083 0.029630 0.014583
0 0.210185 0.638542 0.031481 0.017708
0 0.807407 0.570833 0.027778 0.018750
0 0.701852 0.636458 0.024074 0.014583
0 0.796296 0.559375 0.029630 0.015625
0 0.450000 0.210417 0.024074 0.013542
0 0.245370 0.361458 0.025926 0.010417
0 0.307407 0.540625 0.020370 0.012500
0 0.398148 0.444271 0.033333 0.019792
0 0.075926 0.263542 0.027778 0.014583
0 0.693519 0.285938 0.025926 0.014583
0 0.422222 0.629167 0.033333 0.017708
0 0.624074 0.528125 0.031481 0.019792
0 0.598148 0.549479 0.024074 0.015625
0 0.009259 0.443229 0.018519 0.013542
0 0.794444 0.348958 0.024074 0.013542
0 0.775000 0.536458 0.037037 0.020833
0 0.250926 0.648438 0.037037 0.019792
0 0.816667 0.576042 0.037037 0.019792
0 0.835185 0.511458 0.035185 0.019792
0 0.293519 0.709896 0.031481 0.018750
0 0.651852 0.689063 0.042593 0.025000
0 0.293519 0.373958 0.044444 0.021875
0 0.678704 0.501042 0.037037 0.022917
0 0.376852 0.663021 0.037037 0.020833
0 0.337037 0.769792 0.031481 0.017708
0 0.838889 0.561979 0.031481 0.018750
0 0.518519 0.720833 0.042593 0.021875
0 0.750926 0.430729 0.044444 0.025000
0 0.625000 0.244792 0.031481 0.017708
0 0.352778 0.658333 0.033333 0.017708
0 0.254630 0.659896 0.035185 0.014583
0 0.632407 0.549479 0.029630 0.017708
0 0.075000 0.674479 0.029630 0.016667
0 0.637037 0.573438 0.025926 0.016667
0 0.705556 0.279167 0.033333 0.017708
0 0.753704 0.518750 0.037037 0.020833
0 0.397222 0.767188 0.031481 0.016667
0 0.476852 0.543229 0.038889 0.021875
0 0.837037 0.541667 0.031481 0.018750
0 0.217593 0.360417 0.025926 0.012500
0 0.093519 0.644271 0.035185 0.018750
