0 0.406481 0.769792 0.027778 0.016667
0 0.487963 0.545833 0.040741 0.022917
0 0.846296 0.543750 0.029630 0.017708
0 0.222222 0.363021 0.025926 0.012500
0 0.108333 0.646875 0.038889 0.018750
0 0.661111 0.705208 0.029630 0.013542
0 0.220370 0.641667 0.029630 0.016667
0 0.815741 0.573958 0.029630 0.016667
0 0.708333 0.637500 0.022222 0.014583
0 0.803704 0.561979 0.029630 0.016667
0 0.452778 0.214062 0.024074 0.012500
0 0.250926 0.364583 0.024074 0.009375
0 0.312037 0.543229 0.022222 0.012500
0 0.405556 0.446875 0.033333 0.019792
0 0.080556 0.267188 0.027778 0.014583
0 0.697222 0.288542 0.024074 0.015625
0 0.434259 0.631771 0.031481 0.016667
0 0.632407 0.530208 0.033333 0.019792
0 0.603704 0.551562 0.027778 0.016667
0 0.012037 0.445833 0.024074 0.012500
0 0.800000 0.353646 0.029630 0.014583
0 0.784259 0.538542 0.037037 0.020833
0 0.763889 0.521875 0.038889 0.020833
0 0.710185 0.281771 0.029630 0.017708
0 0.642593 0.575521 0.027778 0.015625
0 0.083333 0.677083 0.029630 0.016667
0 0.640741 0.551562 0.029630 0.017708
0 0.265741 0.662500 0.037037 0.014583
0 0.364815 0.660937 0.035185 0.018750
0 0.633333 0.248958 0.035185 0.018750
0 0.761111 0.433333 0.044444 0.025000
0 0.529630 0.722917 0.040741 0.019792
0 0.846296 0.564063 0.031481 0.018750
0 0.346296 0.771875 0.031481 0.017708
0 0.386111 0.665104 0.037037 0.020833
0 0.687963 0.503125 0.037037 0.021875
0 0.305556 0.377083 0.040741 0.021875
0 0.662963 0.691667 0.042593 0.025000
0 0.303704 0.712500 0.031481 0.018750
0 0.844444 0.513542 0.033333 0.019792
0 0.824074 0.577604 0.035185 0.017708
0 0.262963 0.650521 0.035185 0.018750
0 0.625000 0.261979 0.040741 0.026042
0 0.782407 0.580208 0.035185 0.019792
0 0.832407 0.340104 0.025926 0.014583
0 0.106481 0.285938 0.033333 0.016667
0 0.270370 0.353646 0.038889 0.023958
0 0.214815 0.777083 0.044444 0.026042
0 0.058333 0.672917 0.027778 0.013542
0 0.692593 0.489063 0.024074 0.012500
0 0.235185 0.430208 0.038889 0.020833
0 0.292593 0.685417 0.031481 0.017708
0 0.146296 0.691146 0.031481 0.018750
0 0.075926 0.255729 0.027778 0.015625
0 0.720370 0.273958 0.020370 0.014583
0 0.658333 0.520833 0.035185 0.016667
0 0.610185 0.281771 0.022222 0.013542
0 0.058333 0.472917 0.025926 0.014583
0 0.391667 0.254688 0.031481 0.018750
0 0.585185 0.723437 0.033333 0.020833
0 0.672222 0.543229 0.046296 0.025000
0 0.507407 0.214583 0.038889 0.022917
0 0.434259 0.762500 0.027778 0.017708
0 0.821296 0.384896 0.031481 0.019792
0 0.618519 0.719271 0.035185 0.020833
0 0.378704 0.734375 0.031481 0.016667
0 0.786111 0.379688 0.042593 0.023958
0 0.519444 0.483333 0.044444 0.026042
0 0.818519 0.530729 0.035185 0.019792
0 0.171296 0.678125 0.046296 0.025000
0 0.287037 0.516667 0.040741 0.021875
0 0.651852 0.270833 0.029630 0.019792
0 0.478704 0.575000 0.046296 0.027083
0 0.008333 0.635417 0.016667 0.018750
