0 0.991667 0.453646 0.016667 0.011458
0 0.171296 0.669792 0.035185 0.020833
0 0.138889 0.549479 0.027778 0.012500
0 0.195370 0.705729 0.035185 0.021875
0 0.212963 0.629687 0.033333 0.016667
0 0.179630 0.716667 0.027778 0.016667
0 0.545370 0.334896 0.025926 0.015625
0 0.198148 0.282813 0.029630 0.016667
0 0.208333 0.725521 0.031481 0.019792
0 0.334259 0.584896 0.018519 0.009375
0 0.601852 0.301042 0.024074 0.016667
0 0.265741 0.686458 0.031481 0.015625
0 0.352778 0.497917 0.029630 0.016667
0 0.796296 0.296875 0.025926 0.014583
0 0.352778 0.475000 0.031481 0.016667
0 0.996296 0.631250 0.024074 0.017708
0 0.566667 0.297396 0.025926 0.016667
0 0.586111 0.566667 0.022222 0.014583
0 0.757407 0.176042 0.011111 0.008333
0 0.774074 0.297396 0.024074 0.014583
0 0.658333 0.341146 0.037037 0.019792
0 0.487963 0.699479 0.024074 0.014583
0 0.575000 0.538021 0.025926 0.016667
0 1.000926 0.642188 0.016667 0.015625
0 0.585185 0.302083 0.033333 0.016667
0 0.628704 0.298438 0.033333 0.018750
0 0.712963 0.695833 0.027778 0.016667
0 0.628704 0.283854 0.024074 0.013542
0 0.825926 0.381250 0.018519 0.011458
0 0.567593 0.561979 0.018519 0.009375
0 0.760185 0.479687 0.024074 0.013542
0 0.663889 0.501042 0.031481 0.014583
0 0.719444 0.298438 0.022222 0.012500
0 0.654630 0.566146 0.024074 0.014583
0 0.714815 0.290104 0.022222 0.013542
0 0.695370 0.497396 0.027778 0.015625
0 0.994444 0.522917 0.009259 0.010417
0 0.709259 0.471875 0.022222 0.011458
0 0.653704 0.565625 0.025926 0.013542
0 0.695370 0.497396 0.027778 0.016667
0 0.714815 0.269271 0.024074 0.014583
0 0.704630 0.485938 0.020370 0.013542
0 0.664815 0.299479 0.024074 0.011458
0 0.996296 0.670833 0.007407 0.018750
0 0.744444 0.486979 0.024074 0.014583
0 0.687037 0.302083 0.020370 0.013542
0 0.733333 0.476042 0.022222 0.013542
0 0.686111 0.312500 0.022222 0.012500
0 0.768519 0.464062 0.022222 0.011458
0 0.775000 0.298438 0.024074 0.014583
0 0.887963 0.476562 0.029630 0.015625
0 0.823148 0.295833 0.025926 0.014583
0 0.988889 0.669792 0.020370 0.025000
0 0.952778 0.385937 0.037037 0.017708
0 0.997222 0.501563 0.003704 0.017708
0 0.991667 0.663542 0.014815 0.016667
0 0.997222 0.671354 0.003704 0.015625
0 0.990741 0.663542 0.018519 0.010417
0 0.995370 0.729688 0.005556 0.016667
0 0.993519 0.654687 0.009259 0.016667
0 0.994444 0.340104 0.007407 0.014583
0 0.986111 0.344792 0.012963 0.013542
0 0.994444 0.650000 0.007407 0.011458
0 1.005556 0.406771 0.014815 0.021875
0 0.995370 0.382812 0.005556 0.012500
0 0.994444 0.667188 0.007407 0.013542
0 0.996296 0.454688 0.007407 0.020833
0 0.992593 0.691667 0.011111 0.015625
0 0.997222 0.476042 0.003704 0.009375
0 0.168519 0.690625 0.029630 0.017708
0 0.150926 0.451042 0.046296 0.025000
0 0.032407 0.702083 0.027778 0.017708
0 0.056481 0.315104 0.031481 0.016667
0 0.030556 0.315625 0.025926 0.015625
0 0.207407 0.225521 0.033333 0.016667
0 0.201852 0.268229 0.027778 0.017708
0 0.010185 0.443229 0.020370 0.017708
0 0.009259 0.516667 0.018519 0.011458
0 0.024074 0.705729 0.038889 0.018750
0 0.025000 0.147917 0.025926 0.014583
0 0.397222 0.365625 0.035185 0.022917
0 0.032407 0.605729 0.031481 0.016667
0 0.051852 0.713021 0.037037 0.020833
0 0.045370 0.152604 0.024074 0.013542
0 0.038889 0.520833 0.024074 0.013542
0 0.038889 0.485417 0.035185 0.018750
0 0.067593 0.420312 0.055556 0.027083
0 0.064815 0.683333 0.040741 0.023958
0 0.062037 0.518750 0.024074 0.014583
0 0.086111 0.449479 0.050000 0.026042
0 0.108333 0.433854 0.050000 0.029167
0 0.131481 0.579688 0.012963 0.017708
