0 0.991667 0.540104 0.014815 0.031250
0 0.825926 0.470833 0.027778 0.017708
0 0.994444 0.640625 0.007407 0.014583
0 0.992593 0.704688 0.014815 0.019792
0 0.997222 0.735938 0.016667 0.026042
0 0.980556 0.572396 0.020370 0.012500
0 0.991667 0.677083 0.014815 0.030208
0 0.764815 0.717708 0.031481 0.019792
0 0.995370 0.319271 0.020370 0.010417
0 0.797222 0.691667 0.035185 0.020833
0 0.509259 0.387500 0.016667 0.009375
0 0.901852 0.522917 0.024074 0.013542
0 0.471296 0.427083 0.012963 0.007292
0 0.489815 0.411458 0.022222 0.012500
0 0.503704 0.394792 0.029630 0.017708
0 0.724074 0.670312 0.033333 0.020833
0 0.448148 0.304167 0.024074 0.015625
0 0.464815 0.483854 0.027778 0.015625
0 0.909259 0.281771 0.024074 0.016667
0 0.416667 0.305208 0.025926 0.013542
0 0.401852 0.470313 0.024074 0.012500
0 0.993519 0.771875 0.012963 0.029167
0 0.362037 0.320312 0.020370 0.013542
0 0.378704 0.482292 0.025926 0.012500
0 0.354630 0.309896 0.020370 0.014583
0 0.375000 0.493229 0.024074 0.014583
0 0.996296 0.666667 0.005556 0.017708
0 0.335185 0.306250 0.024074 0.014583
0 0.336111 0.492708 0.025926 0.015625
0 0.333333 0.279167 0.024074 0.016667
0 0.306481 0.501042 0.018519 0.013542
0 0.290741 0.506250 0.027778 0.017708
0 0.993519 0.683854 0.011111 0.015625
0 0.261111 0.571875 0.029630 0.014583
0 0.329630 0.478646 0.022222 0.013542
0 0.918519 0.526042 0.022222 0.010417
0 0.290741 0.505208 0.029630 0.016667
0 0.994444 0.540104 0.025926 0.012500
0 0.995370 0.668229 0.007407 0.021875
0 0.375000 0.298438 0.025926 0.014583
0 0.260185 0.571354 0.029630 0.014583
0 0.387963 0.306250 0.022222 0.013542
0 0.996296 0.400000 0.003704 0.014583
0 0.262037 0.563542 0.024074 0.010417
0 0.274074 0.507812 0.022222 0.013542
0 0.414815 0.485417 0.020370 0.011458
0 0.203704 0.559896 0.020370 0.011458
0 0.460185 0.390104 0.022222 0.012500
0 0.165741 0.296354 0.035185 0.017708
0 0.188889 0.701562 0.029630 0.016667
0 0.150926 0.310417 0.037037 0.019792
0 0.117593 0.316146 0.033333 0.018750
0 0.994444 0.633333 0.009259 0.020833
0 0.993519 0.787500 0.012963 0.019792
0 0.993519 0.623437 0.012963 0.022917
0 0.988889 0.463021 0.020370 0.014583
0 0.995370 0.705208 0.007407 0.014583
0 0.994444 0.622396 0.009259 0.017708
0 0.994444 0.340625 0.009259 0.022917
0 0.993519 0.780729 0.012963 0.016667
0 0.965741 0.699479 0.033333 0.017708
0 0.993519 0.527604 0.009259 0.022917
0 0.991667 0.705729 0.016667 0.020833
0 0.990741 0.729688 0.018519 0.023958
0 0.846296 0.498437 0.025926 0.013542
0 0.992593 0.271875 0.011111 0.016667
0 0.989815 0.236458 0.018519 0.010417
0 0.990741 0.762500 0.014815 0.008333
0 0.990741 0.767708 0.018519 0.017708
0 0.989815 0.765104 0.016667 0.027083
0 0.994444 0.555208 0.009259 0.023958
0 0.894444 0.662500 0.031481 0.017708
0 0.867593 0.385417 0.031481 0.015625
0 0.993519 0.726562 0.011111 0.020833
0 0.842593 0.369792 0.029630 0.015625
0 0.990741 0.683333 0.018519 0.022917
0 0.878704 0.291667 0.025926 0.015625
0 0.849074 0.350000 0.031481 0.017708
0 0.992593 0.720313 0.014815 0.018750
0 0.800926 0.717187 0.029630 0.017708
0 0.850000 0.684375 0.033333 0.017708
0 0.407407 0.307292 0.018519 0.013542
0 0.920370 0.310937 0.031481 0.016667
0 0.047222 0.348438 0.033333 0.017708
0 0.107407 0.702604 0.022222 0.012500
0 0.096296 0.546354 0.031481 0.017708
0 0.937037 0.535417 0.020370 0.013542
0 0.819444 0.693229 0.027778 0.017708
