0 0.839815 0.565625 0.037037 0.019792
0 0.023148 0.465625 0.027778 0.015625
0 0.846296 0.382292 0.027778 0.013542
0 0.012963 0.379688 0.025926 0.016667
0 0.644444 0.577604 0.027778 0.016667
0 0.668519 0.555208 0.029630 0.017708
0 0.493519 0.658333 0.031481 0.016667
0 0.724074 0.315625 0.025926 0.017708
0 0.138889 0.295833 0.022222 0.010417
0 0.458333 0.472396 0.037037 0.021875
0 0.365741 0.561458 0.027778 0.015625
0 0.299074 0.388542 0.022222 0.009375
0 0.481481 0.239063 0.024074 0.013542
0 0.846296 0.588542 0.027778 0.016667
0 0.746296 0.664062 0.024074 0.014583
0 0.856481 0.599479 0.029630 0.017708
0 0.270370 0.668750 0.027778 0.016667
0 0.692593 0.730208 0.027778 0.016667
0 0.342593 0.698958 0.024074 0.011458
0 0.157407 0.672396 0.037037 0.018750
0 0.257407 0.385417 0.027778 0.013542
0 0.889815 0.570833 0.029630 0.016667
0 0.552778 0.572396 0.040741 0.022917
0 0.443519 0.796354 0.027778 0.015625
0 0.819444 0.548958 0.037037 0.020833
0 0.740741 0.310937 0.031481 0.018750
0 0.693519 0.601562 0.029630 0.015625
0 0.102778 0.702083 0.029630 0.016667
0 0.677778 0.577083 0.031481 0.017708
0 0.314815 0.689063 0.035185 0.014583
0 0.419444 0.686979 0.037037 0.018750
0 0.693519 0.278646 0.031481 0.017708
0 0.828704 0.461979 0.042593 0.023958
0 0.587037 0.750521 0.042593 0.020833
0 0.889815 0.592187 0.033333 0.018750
0 0.385185 0.800000 0.031481 0.018750
0 0.438889 0.691667 0.033333 0.020833
0 0.751852 0.530729 0.037037 0.020833
0 0.375926 0.403125 0.040741 0.020833
0 0.714815 0.718229 0.042593 0.025000
0 0.343519 0.738542 0.031481 0.018750
0 0.898148 0.542188 0.035185 0.020833
0 0.868519 0.605208 0.037037 0.019792
0 0.313889 0.677083 0.038889 0.019792
0 0.687963 0.291667 0.038889 0.026042
0 0.825000 0.606250 0.035185 0.018750
0 0.868519 0.369271 0.025926 0.014583
0 0.171296 0.308854 0.029630 0.015625
0 0.343519 0.379167 0.042593 0.023958
0 0.246296 0.805208 0.042593 0.026042
0 0.075926 0.697396 0.027778 0.015625
0 0.750926 0.515625 0.020370 0.010417
0 0.290741 0.453646 0.038889 0.020833
0 0.336111 0.710938 0.031481 0.017708
0 0.184259 0.716667 0.031481 0.021875
0 0.097222 0.276562 0.029630 0.017708
0 0.750000 0.303125 0.020370 0.014583
0 0.690741 0.545312 0.033333 0.018750
0 0.673148 0.310937 0.022222 0.013542
0 0.068519 0.494271 0.025926 0.014583
0 0.417593 0.277604 0.031481 0.018750
0 0.639815 0.750000 0.033333 0.019792
0 0.728704 0.570312 0.044444 0.023958
0 0.570370 0.243750 0.037037 0.023958
0 0.472222 0.789062 0.029630 0.017708
0 0.880556 0.413542 0.027778 0.018750
0 0.672222 0.746354 0.033333 0.020833
0 0.418519 0.760417 0.031481 0.017708
0 0.859259 0.410417 0.046296 0.023958
0 0.590741 0.510938 0.042593 0.025000
0 0.872222 0.557813 0.033333 0.018750
0 0.223148 0.704688 0.042593 0.023958
0 0.337037 0.541146 0.042593 0.022917
0 0.692593 0.301042 0.031481 0.015625
0 0.537037 0.600521 0.046296 0.026042
0 0.016667 0.659375 0.033333 0.018750
0 0.190741 0.714583 0.035185 0.026042
0 0.711111 0.523958 0.031481 0.018750
0 0.008333 0.344792 0.016667 0.018750
0 0.868519 0.604167 0.031481 0.018750
0 -0.006481 0.363021 0.025926 0.013542
