0 0.844444 0.783854 0.031481 0.017708
0 0.994444 0.619792 0.009259 0.025000
0 0.993519 0.531771 0.012963 0.020833
0 0.945370 0.697396 0.051852 0.023958
0 0.992593 0.533854 0.011111 0.022917
0 0.989815 0.753646 0.018519 0.019792
0 0.994444 0.680208 0.009259 0.013542
0 0.990741 0.766667 0.014815 0.008333
0 0.994444 0.227604 0.009259 0.018750
0 0.995370 0.497396 0.007407 0.021875
0 0.990741 0.735417 0.014815 0.014583
0 0.915741 0.273438 0.033333 0.017708
0 0.567593 0.492188 0.024074 0.013542
0 0.997222 0.527604 0.022222 0.017708
0 0.909259 0.708333 0.040741 0.023958
0 0.993519 0.704688 0.012963 0.016667
0 0.986111 0.447917 0.027778 0.021875
0 0.650000 0.691146 0.027778 0.016667
0 0.994444 0.379688 0.009259 0.022917
0 0.994444 0.260417 0.009259 0.015625
0 0.993519 0.666667 0.011111 0.020833
0 1.012037 0.511458 0.101852 0.050000
0 0.989815 0.730208 0.020370 0.019792
0 0.993519 0.547396 0.012963 0.023958
0 0.992593 0.416146 0.011111 0.022917
0 0.996296 0.434375 0.003704 0.015625
0 0.994444 0.660937 0.007407 0.019792
0 0.994444 0.785417 0.011111 0.016667
0 0.992593 0.750000 0.012963 0.025000
0 0.992593 0.679167 0.012963 0.021875
0 1.010185 0.676042 0.007407 0.014583
0 0.680556 0.695833 0.031481 0.017708
0 0.995370 0.789583 0.029630 0.017708
0 0.993519 0.534375 0.011111 0.022917
0 0.993519 0.680729 0.033333 0.014583
0 0.997222 0.660417 0.022222 0.015625
0 0.994444 0.657292 0.031481 0.014583
0 0.540741 0.464583 0.027778 0.015625
0 0.990741 0.523438 0.018519 0.027083
0 0.209259 0.379688 0.020370 0.011458
0 0.445370 0.683333 0.035185 0.020833
0 0.886111 0.290625 0.024074 0.013542
0 0.432407 0.709375 0.031481 0.018750
0 0.992593 0.683333 0.014815 0.027083
0 0.662963 0.569792 0.025926 0.013542
0 0.500000 0.660937 0.022222 0.011458
0 0.497222 0.675521 0.033333 0.018750
0 0.994444 0.665104 0.014815 0.022917
0 0.468519 0.708333 0.027778 0.017708
0 0.030556 0.492188 0.025926 0.013542
0 1.000926 0.564583 0.016667 0.009375
0 1.021296 0.644792 0.066667 0.036458
0 0.735185 0.702083 0.027778 0.014583
0 0.545370 0.344271 0.029630 0.017708
0 0.599074 0.287500 0.025926 0.015625
0 0.874074 0.664583 0.048148 0.022917
0 0.546296 0.365104 0.029630 0.017708
0 0.907407 0.708333 0.040741 0.023958
0 0.565741 0.380729 0.029630 0.015625
0 0.584259 0.655208 0.029630 0.017708
0 0.495370 0.684896 0.022222 0.012500
0 0.054630 0.265625 0.027778 0.014583
0 0.062037 0.483854 0.025926 0.015625
0 0.074074 0.294271 0.025926 0.014583
0 0.766667 0.641667 0.038889 0.019792
0 0.101852 0.484896 0.025926 0.014583
0 0.097222 0.297917 0.024074 0.013542
0 0.114815 0.475521 0.027778 0.012500
0 0.107407 0.308854 0.024074 0.013542
0 0.870370 0.796354 0.040741 0.025000
0 0.138889 0.463021 0.024074 0.010417
0 0.139815 0.294792 0.029630 0.015625
0 0.624074 0.278125 0.025926 0.013542
0 0.167593 0.475521 0.033333 0.015625
0 0.176852 0.293229 0.025926 0.014583
0 0.398148 0.663542 0.029630 0.017708
0 0.199074 0.385417 0.031481 0.019792
0 0.237963 0.403646 0.020370 0.009375
0 0.187037 0.416667 0.022222 0.012500
0 0.635185 0.516667 0.024074 0.013542
0 0.014815 0.500521 0.024074 0.013542
0 0.873148 0.693229 0.029630 0.015625
0 0.002778 0.565104 0.005556 0.013542
0 0.050926 0.469792 0.022222 0.012500
0 0.653704 0.519792 0.022222 0.011458
