0 0.375926 0.733333 0.029630 0.016667
0 0.784259 0.378646 0.042593 0.022917
0 0.516667 0.482292 0.044444 0.025000
0 0.816667 0.530208 0.035185 0.019792
0 0.167593 0.677083 0.044444 0.023958
0 0.284259 0.515625 0.040741 0.022917
0 0.651852 0.269792 0.029630 0.019792
0 0.476852 0.573958 0.048148 0.027083
0 0.007407 0.634896 0.014815 0.016667
0 0.402778 0.445833 0.031481 0.018750
0 0.311111 0.542188 0.020370 0.012500
0 0.250926 0.363542 0.024074 0.010417
0 0.452778 0.213021 0.024074 0.013542
0 0.801852 0.561458 0.029630 0.016667
0 0.706481 0.636979 0.024074 0.014583
0 0.815741 0.573438 0.031481 0.016667
0 0.217593 0.641146 0.031481 0.016667
0 0.081481 0.676042 0.029630 0.015625
0 0.659259 0.704688 0.029630 0.013542
0 0.641667 0.575000 0.027778 0.016667
0 0.710185 0.280729 0.031481 0.017708
0 0.761111 0.520833 0.037037 0.020833
0 0.403704 0.768750 0.031481 0.016667
0 0.485185 0.544792 0.038889 0.021875
0 0.844444 0.542708 0.031481 0.017708
0 0.222222 0.361979 0.025926 0.012500
0 0.782407 0.537500 0.037037 0.019792
0 0.103704 0.645833 0.038889 0.018750
0 0.638889 0.551042 0.029630 0.017708
0 0.631481 0.247396 0.035185 0.018750
0 0.361111 0.660417 0.033333 0.018750
0 0.262963 0.661458 0.035185 0.014583
0 0.799074 0.352083 0.027778 0.013542
0 0.012037 0.444792 0.024074 0.012500
0 0.602778 0.551042 0.027778 0.016667
0 0.630556 0.529687 0.031481 0.019792
0 0.431481 0.630729 0.033333 0.017708
0 0.697222 0.286979 0.022222 0.015625
0 0.081481 0.265625 0.027778 0.013542
0 0.820370 0.383854 0.035185 0.019792
0 0.432407 0.761979 0.027778 0.017708
0 0.506481 0.213542 0.038889 0.022917
0 0.669444 0.542188 0.046296 0.025000
0 0.582407 0.722396 0.033333 0.018750
0 0.392593 0.253125 0.031481 0.018750
0 0.058333 0.471875 0.025926 0.014583
0 0.608333 0.280208 0.022222 0.013542
0 0.654630 0.520312 0.035185 0.016667
0 0.721296 0.272917 0.022222 0.014583
0 0.075926 0.254688 0.025926 0.015625
0 0.141667 0.690625 0.033333 0.018750
0 0.289815 0.684375 0.029630 0.016667
0 0.232407 0.429167 0.038889 0.021875
0 0.692593 0.488021 0.025926 0.013542
0 0.056481 0.671354 0.027778 0.014583
0 0.212963 0.776042 0.044444 0.025000
0 0.266667 0.352604 0.038889 0.022917
0 0.106481 0.285417 0.033333 0.017708
0 0.833333 0.339062 0.025926 0.014583
0 0.781481 0.579688 0.035185 0.019792
0 0.624074 0.260937 0.042593 0.027083
0 0.259259 0.650000 0.038889 0.018750
0 0.823148 0.577083 0.037037 0.017708
0 0.842593 0.513021 0.033333 0.020833
0 0.300926 0.711458 0.031481 0.017708
0 0.660185 0.691146 0.042593 0.025000
0 0.302778 0.376042 0.040741 0.021875
0 0.686111 0.502604 0.037037 0.021875
0 0.382407 0.664583 0.037037 0.021875
0 0.343519 0.771354 0.031481 0.017708
0 0.845370 0.563542 0.031481 0.018750
0 0.526852 0.722396 0.040741 0.020833
0 0.759259 0.432292 0.044444 0.023958
0 0.616667 0.718750 0.035185 0.020833
