0 0.328704 0.675521 0.038889 0.018750
0 0.359259 0.736979 0.031481 0.018750
0 0.725000 0.717187 0.042593 0.025000
0 0.390741 0.404167 0.040741 0.021875
0 0.762037 0.529687 0.037037 0.020833
0 0.453704 0.690625 0.033333 0.019792
0 0.399074 0.798438 0.031481 0.018750
0 0.902778 0.590625 0.033333 0.018750
0 0.598148 0.748958 0.042593 0.021875
0 0.838889 0.460938 0.044444 0.023958
0 0.708333 0.278646 0.031481 0.015625
0 0.431481 0.685937 0.035185 0.018750
0 0.328704 0.686979 0.033333 0.014583
0 0.692593 0.576042 0.031481 0.017708
0 0.125000 0.700521 0.029630 0.016667
0 0.705556 0.600521 0.029630 0.015625
0 0.759259 0.311458 0.029630 0.017708
0 0.830556 0.547917 0.037037 0.020833
0 0.457407 0.795312 0.027778 0.015625
0 0.564815 0.571354 0.040741 0.022917
0 0.901852 0.569271 0.029630 0.016667
0 0.280556 0.386458 0.027778 0.013542
0 0.173148 0.670312 0.035185 0.017708
0 0.357407 0.698438 0.024074 0.012500
0 0.707407 0.729688 0.029630 0.015625
0 0.286111 0.667188 0.027778 0.016667
0 0.869444 0.598958 0.031481 0.017708
0 0.756481 0.663021 0.025926 0.014583
0 0.859259 0.587500 0.027778 0.016667
0 0.506481 0.241146 0.024074 0.012500
0 0.301852 0.386979 0.022222 0.008333
0 0.380556 0.560417 0.025926 0.014583
0 0.473148 0.471875 0.035185 0.020833
0 0.140741 0.292187 0.022222 0.011458
0 0.744444 0.315625 0.025926 0.016667
0 0.505556 0.657292 0.027778 0.016667
0 0.684259 0.554167 0.029630 0.017708
0 0.659259 0.576042 0.027778 0.016667
0 0.054630 0.466146 0.027778 0.015625
0 0.850000 0.564583 0.035185 0.019792
0 0.860185 0.381771 0.027778 0.013542
0 0.909259 0.540104 0.033333 0.019792
0 0.879630 0.602083 0.038889 0.017708
0 0.701852 0.292187 0.040741 0.026042
0 0.025926 0.366146 0.025926 0.014583
0 0.881481 0.603646 0.033333 0.018750
0 0.014815 0.345313 0.029630 0.017708
0 0.722222 0.523438 0.033333 0.019792
0 0.205556 0.713021 0.035185 0.025000
0 0.042593 0.381771 0.031481 0.015625
0 0.041667 0.658333 0.031481 0.018750
0 0.549074 0.599479 0.048148 0.027083
0 0.706481 0.301563 0.031481 0.015625
0 0.352778 0.540625 0.038889 0.022917
0 0.237963 0.702604 0.044444 0.025000
0 0.883333 0.556771 0.035185 0.018750
0 0.600926 0.509896 0.042593 0.025000
0 0.869444 0.409896 0.046296 0.023958
0 0.432407 0.759375 0.031481 0.017708
0 0.683333 0.745313 0.035185 0.020833
0 0.885185 0.412500 0.027778 0.019792
0 0.486111 0.788021 0.027778 0.017708
0 0.586111 0.245833 0.038889 0.023958
0 0.739815 0.568750 0.044444 0.025000
0 0.650926 0.748437 0.033333 0.019792
0 0.443519 0.280208 0.029630 0.018750
0 0.097222 0.494271 0.025926 0.014583
0 0.686111 0.311458 0.022222 0.013542
0 0.705556 0.544271 0.033333 0.018750
0 0.769444 0.304167 0.020370 0.014583
0 0.129630 0.280208 0.029630 0.015625
0 0.200926 0.714583 0.035185 0.020833
0 0.350926 0.709375 0.029630 0.016667
0 0.309259 0.454167 0.038889 0.020833
0 0.762963 0.514583 0.022222 0.010417
0 0.100000 0.695833 0.027778 0.015625
0 0.262963 0.803125 0.044444 0.025000
0 0.359259 0.380729 0.040741 0.023958
0 0.169444 0.309896 0.031481 0.016667
0 0.882407 0.369271 0.025926 0.014583
0 0.837037 0.605208 0.033333 0.019792
