0 0.839815 0.385417 0.033333 0.018750
0 0.459259 0.760417 0.027778 0.015625
0 0.535185 0.219792 0.038889 0.023958
0 0.697222 0.542708 0.042593 0.023958
0 0.611111 0.720833 0.033333 0.020833
0 0.410185 0.256771 0.029630 0.019792
0 0.075926 0.474479 0.025926 0.013542
0 0.637037 0.284896 0.022222 0.012500
0 0.672222 0.519271 0.033333 0.018750
0 0.735185 0.277604 0.020370 0.015625
0 0.094444 0.258333 0.027778 0.012500
0 0.678704 0.496875 0.033333 0.016667
0 0.171296 0.688021 0.031481 0.022917
0 0.013889 0.361979 0.027778 0.015625
0 0.023148 0.636458 0.031481 0.017708
0 0.508333 0.574479 0.046296 0.027083
0 0.671296 0.275000 0.029630 0.019792
0 0.314815 0.517708 0.040741 0.021875
0 0.204630 0.677604 0.044444 0.023958
0 0.840741 0.529687 0.035185 0.018750
0 0.551852 0.484375 0.040741 0.023958
0 0.813889 0.381771 0.040741 0.022917
0 0.404630 0.732292 0.029630 0.016667
0 0.644444 0.716667 0.035185 0.020833
0 0.172222 0.689583 0.038889 0.018750
0 0.320370 0.683854 0.029630 0.016667
0 0.266667 0.431771 0.038889 0.019792
0 0.716667 0.489063 0.022222 0.011458
0 0.081481 0.672917 0.027778 0.014583
0 0.240741 0.775521 0.042593 0.026042
0 0.306481 0.357292 0.038889 0.023958
0 0.129630 0.288542 0.033333 0.017708
0 0.844444 0.342187 0.024074 0.015625
0 0.800926 0.578646 0.035185 0.019792
0 0.651852 0.265625 0.038889 0.026042
0 0.294444 0.650521 0.037037 0.018750
0 0.843519 0.576562 0.033333 0.018750
0 0.864815 0.513542 0.033333 0.019792
0 0.330556 0.710938 0.031481 0.017708
0 0.687037 0.688542 0.042593 0.023958
0 0.340741 0.380208 0.042593 0.020833
0 0.715741 0.503646 0.037037 0.021875
0 0.417593 0.664062 0.033333 0.019792
0 0.372222 0.770833 0.029630 0.018750
0 0.864815 0.563542 0.033333 0.018750
0 0.558333 0.720313 0.042593 0.020833
0 0.787963 0.434375 0.042593 0.023958
0 0.657407 0.252083 0.033333 0.016667
0 0.395370 0.659896 0.033333 0.019792
0 0.295370 0.661458 0.035185 0.013542
0 0.659259 0.551042 0.031481 0.017708
0 0.106481 0.677083 0.029630 0.015625
0 0.663889 0.573958 0.027778 0.014583
0 0.725926 0.285417 0.031481 0.017708
0 0.787037 0.521354 0.037037 0.020833
0 0.430556 0.767188 0.031481 0.016667
0 0.519444 0.546354 0.038889 0.022917
0 0.864815 0.542708 0.031481 0.017708
0 0.246296 0.364583 0.025926 0.012500
0 0.138889 0.646354 0.037037 0.017708
0 0.327778 0.671875 0.029630 0.014583
0 0.679630 0.702083 0.029630 0.015625
0 0.251852 0.642708 0.027778 0.016667
0 0.834259 0.572917 0.031481 0.017708
0 0.724074 0.636458 0.024074 0.014583
0 0.806481 0.538021 0.037037 0.020833
0 0.822222 0.560417 0.027778 0.015625
0 0.472222 0.216146 0.024074 0.012500
0 0.269444 0.366146 0.022222 0.009375
0 0.330556 0.543229 0.020370 0.012500
0 0.432407 0.448437 0.033333 0.019792
0 0.100926 0.270313 0.024074 0.012500
0 0.711111 0.291146 0.024074 0.015625
0 0.464815 0.631250 0.029630 0.016667
0 0.651852 0.529167 0.029630 0.016667
0 0.625926 0.551562 0.027778 0.017708
0 0.030556 0.447396 0.025926 0.014583
0 0.817593 0.355208 0.027778 0.013542
