0 0.720370 0.493229 0.024074 0.013542
0 0.382407 0.399479 0.020370 0.010417
0 0.347222 0.414062 0.014815 0.008333
0 0.781481 0.518229 0.022222 0.012500
0 0.375926 0.376042 0.016667 0.010417
0 0.622222 0.685417 0.037037 0.020833
0 0.998148 0.310417 0.022222 0.011458
0 0.600000 0.709896 0.031481 0.019792
0 0.992593 0.691667 0.014815 0.028125
0 0.824074 0.572396 0.022222 0.013542
0 0.679630 0.663021 0.018519 0.009375
0 0.675000 0.678125 0.033333 0.018750
0 0.997222 0.695312 0.016667 0.025000
0 0.636111 0.709375 0.029630 0.017708
0 0.671296 0.685937 0.020370 0.011458
0 0.894444 0.707292 0.029630 0.014583
0 0.717593 0.345313 0.031481 0.017708
0 0.761111 0.286979 0.027778 0.016667
0 0.990741 0.676042 0.014815 0.020833
0 0.712963 0.364583 0.027778 0.015625
0 0.994444 0.725000 0.011111 0.020833
0 0.736111 0.381771 0.029630 0.016667
0 0.743519 0.657813 0.031481 0.017708
0 0.994444 0.656250 0.009259 0.025000
0 0.994444 0.548438 0.011111 0.018750
0 0.991667 0.729167 0.014815 0.025000
0 0.990741 0.755208 0.018519 0.018750
0 0.992593 0.765625 0.014815 0.008333
0 0.989815 0.233333 0.018519 0.011458
0 0.992593 0.265104 0.012963 0.018750
0 0.990741 0.727083 0.016667 0.022917
0 0.992593 0.707812 0.014815 0.018750
0 0.994444 0.474479 0.009259 0.022917
0 0.810185 0.694792 0.029630 0.018750
0 0.992593 0.790625 0.012963 0.017708
0 0.994444 0.368229 0.009259 0.022917
0 0.994444 0.256771 0.009259 0.014583
0 0.994444 0.651563 0.011111 0.018750
0 0.994444 0.716667 0.009259 0.017708
0 0.990741 0.420833 0.012963 0.023958
0 0.995370 0.605729 0.009259 0.020833
0 0.993519 0.781250 0.012963 0.018750
0 0.994444 0.672396 0.009259 0.019792
0 0.995370 0.644271 0.007407 0.012500
0 0.844444 0.700521 0.035185 0.017708
0 0.993519 0.520833 0.014815 0.028125
0 1.000000 0.675000 0.033333 0.014583
0 0.996296 0.638542 0.031481 0.014583
0 0.699074 0.465625 0.027778 0.017708
0 0.987963 0.542188 0.024074 0.011458
0 0.160185 0.490104 0.029630 0.016667
0 0.799074 0.521354 0.020370 0.011458
0 0.205556 0.464062 0.020370 0.012500
0 0.138889 0.557292 0.020370 0.012500
0 0.993519 0.697396 0.011111 0.015625
0 0.168519 0.493750 0.024074 0.013542
0 0.182407 0.485938 0.022222 0.014583
0 0.219444 0.262500 0.025926 0.015625
0 0.213889 0.478646 0.025926 0.015625
0 0.225000 0.289583 0.024074 0.014583
0 0.937037 0.647396 0.040741 0.020833
0 0.253704 0.479167 0.025926 0.013542
0 0.247222 0.294271 0.022222 0.013542
0 0.271296 0.471354 0.025926 0.011458
0 0.255556 0.304688 0.022222 0.013542
0 0.994444 0.795833 0.011111 0.023958
0 0.283333 0.457292 0.025926 0.013542
0 0.301852 0.291146 0.027778 0.015625
0 0.792593 0.277604 0.029630 0.015625
0 0.332407 0.471875 0.027778 0.015625
0 0.335185 0.290104 0.024074 0.014583
0 0.565741 0.662500 0.035185 0.019792
0 0.369444 0.382812 0.029630 0.018750
0 0.014815 0.290625 0.029630 0.021875
0 0.015741 0.685417 0.031481 0.017708
0 0.028704 0.277083 0.037037 0.018750
0 0.348148 0.377083 0.022222 0.012500
0 0.065741 0.544271 0.022222 0.012500
0 0.299074 0.472917 0.020370 0.012500
0 0.144444 0.492708 0.024074 0.013542
0 0.128704 0.548438 0.024074 0.010417
0 0.944444 0.386458 0.031481 0.015625
0 0.280556 0.291667 0.020370 0.011458
0 0.131481 0.557292 0.031481 0.014583
0 0.265741 0.281771 0.024074 0.013542
0 0.995370 0.632292 0.007407 0.021875
