0 0.147222 0.688021 0.038889 0.019792
0 0.480556 0.569792 0.048148 0.027083
0 0.002778 0.361979 0.005556 0.015625
0 0.006481 0.638021 0.012963 0.016667
0 0.636111 0.266667 0.027778 0.019792
0 0.284259 0.514583 0.040741 0.022917
0 0.176852 0.677083 0.042593 0.025000
0 0.813889 0.521354 0.035185 0.018750
0 0.518519 0.478646 0.044444 0.026042
0 0.779630 0.371875 0.042593 0.022917
0 0.385185 0.729167 0.029630 0.016667
0 0.624074 0.710938 0.035185 0.021875
0 0.810185 0.377083 0.031481 0.018750
0 0.440741 0.756771 0.029630 0.016667
0 0.493519 0.210938 0.038889 0.023958
0 0.669444 0.535937 0.044444 0.025000
0 0.590741 0.715104 0.031481 0.020833
0 0.373148 0.251042 0.031481 0.019792
0 0.045370 0.474479 0.025926 0.013542
0 0.598148 0.277083 0.020370 0.013542
0 0.646296 0.513021 0.031481 0.017708
0 0.702778 0.268750 0.020370 0.014583
0 0.053704 0.255729 0.027778 0.014583
0 0.297222 0.682292 0.029630 0.016667
0 0.228704 0.429167 0.040741 0.021875
0 0.687963 0.481250 0.024074 0.011458
0 0.058333 0.672917 0.027778 0.014583
0 0.222222 0.773958 0.044444 0.025000
0 0.262963 0.352083 0.038889 0.022917
0 0.086111 0.285938 0.031481 0.016667
0 0.816667 0.333333 0.027778 0.015625
0 0.778704 0.570833 0.035185 0.018750
0 0.612037 0.257812 0.038889 0.025000
0 0.267593 0.648958 0.038889 0.019792
0 0.821296 0.568750 0.033333 0.018750
0 0.838889 0.504687 0.033333 0.018750
0 0.309259 0.708854 0.031481 0.017708
0 0.666667 0.682813 0.042593 0.023958
0 0.300000 0.375521 0.044444 0.020833
0 0.685185 0.496354 0.037037 0.021875
0 0.391667 0.660417 0.037037 0.020833
0 0.354630 0.767188 0.031481 0.017708
0 0.842593 0.555208 0.033333 0.018750
0 0.536111 0.715625 0.042593 0.019792
0 0.755556 0.425521 0.042593 0.023958
0 0.618519 0.243750 0.033333 0.018750
0 0.369444 0.657292 0.033333 0.018750
0 0.271296 0.659375 0.035185 0.014583
0 0.636111 0.544792 0.029630 0.017708
0 0.083333 0.677604 0.029630 0.016667
0 0.637963 0.568229 0.029630 0.014583
0 0.692593 0.276562 0.029630 0.018750
0 0.759259 0.513542 0.037037 0.020833
0 0.412963 0.764062 0.029630 0.016667
0 0.487963 0.541146 0.040741 0.022917
0 0.839815 0.534375 0.031481 0.017708
0 0.209259 0.361979 0.025926 0.012500
0 0.111111 0.646354 0.037037 0.017708
0 0.661111 0.696354 0.027778 0.014583
0 0.225000 0.640625 0.029630 0.016667
0 0.811111 0.563542 0.031481 0.016667
0 0.705556 0.629687 0.024074 0.013542
0 0.798148 0.552604 0.027778 0.015625
0 0.432407 0.210417 0.024074 0.013542
0 0.236111 0.363542 0.024074 0.009375
0 0.303704 0.541146 0.020370 0.012500
0 0.399074 0.443750 0.031481 0.019792
0 0.061111 0.268229 0.027778 0.012500
0 0.680556 0.282813 0.024074 0.015625
0 0.437963 0.627083 0.029630 0.017708
0 0.626852 0.523438 0.029630 0.016667
0 0.600000 0.545833 0.027778 0.017708
0 0.002778 0.447917 0.011111 0.013542
0 0.787963 0.346354 0.027778 0.013542
0 0.780556 0.530208 0.035185 0.019792
