0 0.262037 0.519792 0.025926 0.014583
0 0.392593 0.447396 0.048148 0.025000
0 0.421296 0.431771 0.044444 0.027083
0 0.380556 0.582812 0.014815 0.019792
0 0.457407 0.691146 0.031481 0.018750
0 0.455556 0.450521 0.046296 0.026042
0 0.458333 0.669792 0.035185 0.020833
0 0.393519 0.551042 0.031481 0.014583
0 0.478704 0.706771 0.033333 0.022917
0 0.424074 0.718229 0.025926 0.015625
0 0.448148 0.283854 0.025926 0.013542
0 0.436111 0.727604 0.033333 0.018750
0 0.628704 0.586979 0.018519 0.010417
0 0.897222 0.302604 0.022222 0.014583
0 0.541667 0.688542 0.024074 0.012500
0 0.611111 0.500000 0.027778 0.018750
0 0.996296 0.305208 0.005556 0.015625
0 0.604630 0.477604 0.027778 0.018750
0 0.885185 0.298958 0.040741 0.026042
0 0.832407 0.571354 0.018519 0.013542
0 0.981481 0.183333 0.011111 0.007292
0 0.990741 0.305208 0.016667 0.014583
0 0.786111 0.705729 0.018519 0.010417
0 0.892593 0.303646 0.029630 0.012500
0 0.900926 0.300521 0.022222 0.012500
0 0.992593 0.702083 0.014815 0.014583
0 0.894444 0.286979 0.022222 0.012500
0 0.998148 0.388021 0.014815 0.009375
0 0.832407 0.578646 0.012963 0.007292
0 0.883333 0.508333 0.025926 0.014583
0 0.925926 0.305208 0.022222 0.013542
0 0.882407 0.572917 0.025926 0.013542
0 0.920370 0.297917 0.022222 0.015625
0 0.927778 0.504167 0.027778 0.015625
0 0.937963 0.477083 0.016667 0.008333
0 0.880556 0.572917 0.025926 0.013542
0 0.927778 0.504167 0.027778 0.015625
0 0.941667 0.276562 0.024074 0.013542
0 0.931481 0.493229 0.018519 0.011458
0 0.898148 0.300521 0.027778 0.014583
0 0.962037 0.493750 0.025926 0.014583
0 0.906481 0.309896 0.022222 0.012500
0 0.952778 0.481771 0.024074 0.014583
0 0.891667 0.317708 0.024074 0.014583
0 1.000000 0.469792 0.018519 0.009375
0 0.993519 0.304167 0.024074 0.014583
0 0.995370 0.457292 0.005556 0.014583
0 0.990741 0.304688 0.016667 0.014583
0 0.996296 0.400000 0.005556 0.017708
0 0.304630 0.552083 0.024074 0.014583
0 0.737963 0.340104 0.031481 0.018750
0 0.108333 0.447917 0.025926 0.010417
0 0.343519 0.153646 0.022222 0.013542
0 0.895370 0.506771 0.024074 0.013542
0 0.089815 0.414583 0.037037 0.019792
0 0.100926 0.540104 0.029630 0.014583
0 0.123148 0.536979 0.035185 0.017708
0 0.457407 0.515625 0.018519 0.011458
0 0.151852 0.533333 0.027778 0.017708
0 0.547222 0.481771 0.022222 0.015625
0 0.471296 0.281771 0.029630 0.019792
0 0.176852 0.244792 0.033333 0.020833
0 0.177778 0.243750 0.035185 0.018750
0 0.184259 0.533333 0.037037 0.019792
0 0.991667 0.713542 0.027778 0.013542
0 0.230556 0.212500 0.035185 0.021875
0 0.974074 0.427083 0.024074 0.014583
0 0.208333 0.263021 0.031481 0.018750
0 0.338889 0.136458 0.025926 0.015625
0 0.260185 0.428646 0.035185 0.020833
0 0.261111 0.443229 0.035185 0.017708
0 0.218519 0.533854 0.033333 0.018750
0 0.301852 0.701562 0.029630 0.018750
0 0.288889 0.316667 0.031481 0.015625
0 0.262037 0.318229 0.027778 0.017708
0 0.462963 0.229687 0.031481 0.017708
0 0.454630 0.270833 0.029630 0.016667
0 0.285185 0.442188 0.025926 0.017708
0 0.232407 0.511979 0.014815 0.008333
0 0.274074 0.705729 0.029630 0.018750
0 0.330556 0.148438 0.022222 0.014583
0 0.655556 0.367188 0.037037 0.021875
0 0.296296 0.604688 0.029630 0.017708
0 0.321296 0.712500 0.033333 0.020833
0 0.332407 0.148958 0.024074 0.015625
0 0.239815 0.521875 0.022222 0.013542
0 0.264815 0.485417 0.029630 0.017708
0 0.381481 0.419271 0.046296 0.029167
0 0.330556 0.683854 0.033333 0.021875
