0 0.760185 0.432812 0.044444 0.025000
0 0.528704 0.722917 0.042593 0.020833
0 0.846296 0.564063 0.031481 0.018750
0 0.344444 0.771875 0.031481 0.018750
0 0.385185 0.665104 0.037037 0.021875
0 0.687037 0.503125 0.037037 0.021875
0 0.304630 0.377083 0.040741 0.021875
0 0.584259 0.722396 0.033333 0.019792
0 0.392593 0.254167 0.031481 0.018750
0 0.058333 0.472396 0.025926 0.014583
0 0.610185 0.281250 0.022222 0.013542
0 0.657407 0.520833 0.035185 0.017708
0 0.720370 0.273958 0.020370 0.014583
0 0.075926 0.255729 0.025926 0.015625
0 0.142593 0.690104 0.033333 0.018750
0 0.290741 0.684896 0.029630 0.016667
0 0.234259 0.429688 0.038889 0.021875
0 0.692593 0.488542 0.024074 0.012500
0 0.058333 0.672396 0.027778 0.013542
0 0.212963 0.776042 0.044444 0.025000
0 0.268519 0.353125 0.038889 0.022917
0 0.106481 0.285938 0.033333 0.017708
0 0.832407 0.340104 0.027778 0.014583
0 0.782407 0.579688 0.035185 0.019792
0 0.625000 0.261458 0.042593 0.026042
0 0.261111 0.651042 0.037037 0.019792
0 0.824074 0.577083 0.035185 0.017708
0 0.843519 0.513542 0.035185 0.020833
0 0.301852 0.711979 0.031481 0.017708
0 0.661111 0.691146 0.042593 0.025000
0 0.762963 0.521354 0.037037 0.020833
0 0.404630 0.769271 0.029630 0.016667
0 0.487037 0.545312 0.040741 0.021875
0 0.081481 0.676562 0.029630 0.015625
0 0.642593 0.575521 0.027778 0.015625
0 0.639815 0.551562 0.029630 0.017708
0 0.711111 0.281771 0.031481 0.017708
0 0.264815 0.661979 0.037037 0.015625
0 0.362037 0.660417 0.033333 0.017708
0 0.631481 0.248438 0.035185 0.018750
0 0.651852 0.270833 0.031481 0.019792
0 0.670370 0.542708 0.046296 0.025000
0 0.007407 0.635417 0.014815 0.017708
0 0.477778 0.574479 0.048148 0.027083
0 0.169444 0.677604 0.044444 0.025000
0 0.285185 0.516146 0.040741 0.021875
0 0.818519 0.530208 0.035185 0.019792
0 0.783333 0.538021 0.037037 0.020833
0 0.800000 0.352604 0.027778 0.013542
0 0.012037 0.445312 0.024074 0.012500
0 0.602778 0.551562 0.027778 0.017708
0 0.631481 0.530208 0.031481 0.019792
0 0.433333 0.631250 0.033333 0.017708
0 0.698148 0.288021 0.025926 0.015625
0 0.081481 0.267188 0.027778 0.014583
0 0.404630 0.446354 0.033333 0.018750
0 0.312037 0.542708 0.020370 0.012500
0 0.250926 0.364583 0.024074 0.010417
0 0.452778 0.214062 0.024074 0.013542
0 0.802778 0.561458 0.029630 0.016667
0 0.708333 0.636979 0.024074 0.014583
0 0.815741 0.573958 0.029630 0.016667
0 0.220370 0.641667 0.031481 0.016667
0 0.660185 0.704688 0.029630 0.013542
0 0.105556 0.646354 0.038889 0.018750
0 0.222222 0.363021 0.025926 0.012500
0 0.845370 0.543229 0.029630 0.017708
0 0.518519 0.483333 0.044444 0.026042
0 0.785185 0.379167 0.042593 0.023958
0 0.377778 0.733854 0.029630 0.016667
0 0.617593 0.718750 0.035185 0.020833
0 0.821296 0.384375 0.033333 0.019792
0 0.433333 0.761979 0.027778 0.017708
0 0.507407 0.214583 0.038889 0.023958
