0 0.646296 0.736979 0.033333 0.019792
0 0.448148 0.269792 0.029630 0.018750
0 0.106481 0.484375 0.024074 0.014583
0 0.683333 0.300521 0.022222 0.013542
0 0.707407 0.534375 0.035185 0.019792
0 0.773148 0.293229 0.020370 0.014583
0 0.135185 0.270833 0.029630 0.014583
0 0.204630 0.701562 0.033333 0.020833
0 0.351852 0.697396 0.029630 0.016667
0 0.308333 0.444271 0.038889 0.020833
0 0.759259 0.504167 0.022222 0.010417
0 0.109259 0.683854 0.027778 0.013542
0 0.266667 0.789062 0.042593 0.025000
0 0.355556 0.370833 0.038889 0.023958
0 0.166667 0.300000 0.031481 0.016667
0 0.882407 0.357812 0.025926 0.014583
0 0.837963 0.594792 0.035185 0.019792
0 0.698148 0.281250 0.040741 0.026042
0 0.328704 0.663542 0.038889 0.019792
0 0.878704 0.591146 0.038889 0.016667
0 0.906481 0.530208 0.035185 0.019792
0 0.361111 0.723958 0.031481 0.018750
0 0.722222 0.705729 0.042593 0.025000
0 0.693519 0.565625 0.031481 0.017708
0 0.387963 0.394792 0.042593 0.021875
0 0.758333 0.519271 0.037037 0.020833
0 0.451852 0.678646 0.035185 0.019792
0 0.400926 0.784896 0.029630 0.018750
0 0.902778 0.579688 0.033333 0.018750
0 0.594444 0.736979 0.040741 0.020833
0 0.833333 0.451042 0.042593 0.023958
0 0.704630 0.267708 0.031481 0.016667
0 0.133333 0.688021 0.029630 0.016667
0 0.330556 0.674479 0.035185 0.014583
0 0.430556 0.673438 0.033333 0.018750
0 0.033333 0.356771 0.025926 0.014583
0 0.881481 0.593229 0.035185 0.018750
0 0.019444 0.335938 0.031481 0.017708
0 0.719444 0.513021 0.035185 0.019792
0 0.205556 0.699479 0.033333 0.023958
0 0.049074 0.372396 0.027778 0.014583
0 0.050926 0.646354 0.031481 0.017708
0 0.546296 0.588542 0.046296 0.027083
0 0.709259 0.290104 0.031481 0.018750
0 0.353704 0.529687 0.038889 0.020833
0 0.239815 0.689583 0.042593 0.022917
0 0.881481 0.546354 0.035185 0.018750
0 0.596296 0.498958 0.040741 0.023958
0 0.862037 0.397917 0.042593 0.021875
0 0.434259 0.746875 0.029630 0.017708
0 0.679630 0.733333 0.035185 0.020833
0 0.883333 0.402083 0.027778 0.017708
0 0.487037 0.775521 0.027778 0.016667
0 0.583333 0.234896 0.038889 0.022917
0 0.737037 0.558333 0.046296 0.025000
0 0.763889 0.300521 0.031481 0.017708
0 0.827778 0.537500 0.037037 0.019792
0 0.459259 0.781771 0.029630 0.015625
0 0.561111 0.560417 0.040741 0.021875
0 0.900926 0.559375 0.029630 0.017708
0 0.284259 0.376563 0.025926 0.012500
0 0.701852 0.589583 0.029630 0.015625
0 0.175000 0.657813 0.037037 0.017708
0 0.358333 0.685937 0.024074 0.012500
0 0.709259 0.717708 0.029630 0.016667
0 0.286111 0.654687 0.025926 0.015625
0 0.870370 0.589063 0.031481 0.015625
0 0.753704 0.652083 0.024074 0.014583
0 0.858333 0.577083 0.027778 0.016667
0 0.511111 0.230208 0.024074 0.012500
0 0.304630 0.377604 0.022222 0.009375
0 0.362037 0.554688 0.018519 0.010417
0 0.472222 0.461979 0.037037 0.021875
0 0.139815 0.282292 0.022222 0.011458
0 0.748148 0.306250 0.024074 0.016667
0 0.502778 0.645833 0.027778 0.016667
0 0.685185 0.544271 0.029630 0.017708
0 0.658333 0.566146 0.027778 0.017708
0 0.062963 0.456771 0.025926 0.014583
0 0.859259 0.371354 0.027778 0.013542
0 0.846296 0.554167 0.037037 0.020833
