0 0.037963 0.295312 0.033333 0.016667
0 0.046296 0.740625 0.038889 0.020833
0 0.130556 0.602083 0.022222 0.010417
0 0.432407 0.317188 0.025926 0.017708
0 0.095370 0.702604 0.038889 0.021875
0 0.993519 0.460417 0.016667 0.012500
0 0.176852 0.512500 0.031481 0.017708
0 0.018519 0.645833 0.027778 0.018750
0 0.011111 0.731771 0.022222 0.018750
0 0.325000 0.352083 0.024074 0.016667
0 0.996296 0.478646 0.007407 0.020833
0 0.994444 0.592708 0.011111 0.028125
0 0.993519 0.678125 0.009259 0.016667
0 0.995370 0.398958 0.007407 0.013542
0 0.951852 0.387500 0.007407 0.012500
0 0.994444 0.664062 0.011111 0.013542
0 0.992593 0.338021 0.011111 0.013542
0 0.994444 0.356771 0.009259 0.015625
0 0.992593 0.693750 0.011111 0.018750
0 0.995370 0.739583 0.005556 0.016667
0 0.988889 0.664062 0.020370 0.012500
0 0.997222 0.706250 0.003704 0.017708
0 0.990741 0.689583 0.016667 0.016667
0 0.997222 0.503646 0.003704 0.017708
0 0.730556 0.431771 0.020370 0.011458
0 0.786111 0.405208 0.031481 0.020833
0 0.989815 0.681771 0.018519 0.021875
0 0.680556 0.313542 0.024074 0.015625
0 0.727778 0.494271 0.027778 0.015625
0 0.997222 0.268229 0.005556 0.016667
0 0.636111 0.314063 0.022222 0.015625
0 0.625926 0.480208 0.024074 0.011458
0 0.561111 0.327604 0.022222 0.013542
0 0.598148 0.491667 0.025926 0.012500
0 0.559259 0.317188 0.020370 0.014583
0 0.600926 0.502604 0.024074 0.014583
0 0.538889 0.313542 0.024074 0.014583
0 0.561111 0.502604 0.024074 0.013542
0 0.572222 0.286458 0.024074 0.015625
0 0.550000 0.509896 0.016667 0.011458
0 0.540741 0.513542 0.025926 0.016667
0 0.501852 0.581771 0.024074 0.014583
0 0.561111 0.488021 0.024074 0.011458
0 0.993519 0.533854 0.009259 0.011458
0 0.539815 0.513542 0.025926 0.016667
0 0.584259 0.305729 0.024074 0.013542
0 0.500926 0.581250 0.024074 0.014583
0 0.592593 0.314063 0.024074 0.012500
0 0.517593 0.517708 0.024074 0.013542
0 0.617593 0.495312 0.022222 0.013542
0 0.444444 0.571875 0.029630 0.014583
0 0.676852 0.400000 0.022222 0.012500
0 0.459259 0.300000 0.027778 0.014583
0 0.513889 0.714583 0.029630 0.017708
0 0.455556 0.315104 0.029630 0.020833
0 0.412963 0.319792 0.029630 0.017708
0 1.000926 0.672917 0.018519 0.016667
0 0.995370 0.560937 0.005556 0.012500
0 0.380556 0.556250 0.027778 0.017708
0 0.328704 0.716146 0.029630 0.016667
0 0.404630 0.357812 0.025926 0.014583
0 0.992593 0.322396 0.011111 0.011458
0 0.637037 0.315625 0.022222 0.013542
0 0.619444 0.193750 0.011111 0.008333
0 0.454630 0.581771 0.024074 0.013542
0 0.398148 0.315104 0.025926 0.018750
0 0.995370 0.654167 0.024074 0.017708
0 0.180556 0.489063 0.031481 0.017708
0 0.653704 0.313542 0.024074 0.014583
0 0.996296 0.679688 0.005556 0.017708
0 0.996296 0.480729 0.005556 0.011458
0 0.991667 0.714583 0.012963 0.017708
0 0.999074 0.435937 0.000000 0.000000
0 0.994444 0.710417 0.009259 0.013542
0 0.996296 0.714063 0.005556 0.014583
