0 0.008333 0.532813 0.016667 0.019792
0 0.747222 0.695833 0.027778 0.013542
0 0.013889 0.212500 0.027778 0.022917
0 0.801852 0.413542 0.024074 0.012500
0 0.017593 0.260937 0.031481 0.017708
0 0.094444 0.135417 0.025926 0.013542
0 0.033333 0.428646 0.037037 0.019792
0 0.040741 0.442708 0.037037 0.017708
0 0.032407 0.533333 0.033333 0.018750
0 0.101852 0.698438 0.027778 0.016667
0 0.101852 0.313542 0.031481 0.015625
0 0.076852 0.315625 0.025926 0.017708
0 0.253704 0.225521 0.031481 0.017708
0 0.248148 0.267708 0.027778 0.017708
0 0.066667 0.441667 0.031481 0.017708
0 0.053704 0.515104 0.018519 0.010417
0 0.084259 0.702083 0.029630 0.019792
0 0.085185 0.149479 0.025926 0.014583
0 0.449074 0.361979 0.031481 0.020833
0 0.096296 0.602604 0.031481 0.016667
0 0.120370 0.709375 0.035185 0.020833
0 0.103704 0.153125 0.024074 0.014583
0 0.079630 0.519792 0.024074 0.013542
0 0.085185 0.484375 0.035185 0.017708
0 0.139815 0.419271 0.048148 0.028125
0 0.130556 0.679688 0.038889 0.022917
0 0.101852 0.517188 0.025926 0.014583
0 0.156481 0.447396 0.051852 0.025000
0 0.178704 0.431250 0.046296 0.026042
0 0.189815 0.577604 0.014815 0.018750
0 0.240741 0.685417 0.031481 0.017708
0 0.218519 0.448958 0.046296 0.026042
0 0.241667 0.664583 0.033333 0.020833
0 0.197222 0.547396 0.029630 0.013542
0 0.264815 0.700000 0.033333 0.020833
0 0.280556 0.625521 0.033333 0.016667
0 0.238889 0.711458 0.025926 0.015625
0 0.611111 0.331771 0.025926 0.015625
0 0.243519 0.281771 0.031481 0.016667
0 0.264815 0.719792 0.035185 0.020833
0 0.400926 0.580729 0.018519 0.010417
0 0.641667 0.297917 0.035185 0.015625
0 0.331481 0.681250 0.027778 0.013542
0 0.982407 0.446875 0.014815 0.010417
0 0.406481 0.494792 0.029630 0.016667
0 0.825000 0.292187 0.024074 0.014583
0 0.403704 0.471354 0.031481 0.016667
0 0.997222 0.622396 0.024074 0.017708
0 0.613889 0.296354 0.031481 0.020833
0 0.621296 0.560937 0.020370 0.014583
0 0.782407 0.172917 0.011111 0.008333
0 0.801852 0.294271 0.024074 0.013542
0 0.537037 0.692187 0.022222 0.011458
0 0.635185 0.531250 0.025926 0.015625
0 0.995370 0.666146 0.005556 0.019792
0 0.616667 0.555729 0.016667 0.008333
0 0.793519 0.473438 0.024074 0.013542
0 0.702778 0.495833 0.029630 0.013542
0 0.743519 0.294271 0.022222 0.013542
0 0.695370 0.559896 0.024074 0.013542
0 0.742593 0.286979 0.022222 0.011458
0 0.735185 0.492188 0.025926 0.015625
0 0.743519 0.466667 0.020370 0.011458
0 0.694444 0.559375 0.025926 0.013542
0 0.735185 0.491667 0.027778 0.015625
0 0.745370 0.266146 0.022222 0.013542
0 0.739815 0.480729 0.020370 0.013542
0 0.694444 0.294792 0.022222 0.012500
0 0.862963 0.376563 0.016667 0.010417
0 0.779630 0.480729 0.024074 0.014583
0 0.712963 0.298958 0.020370 0.012500
0 0.767593 0.469271 0.024074 0.013542
0 0.997222 0.470833 0.003704 0.008333
0 0.992593 0.685417 0.011111 0.014583
0 0.995370 0.662500 0.007407 0.012500
0 0.994444 0.646354 0.009259 0.014583
0 0.996296 0.725000 0.005556 0.015625
0 0.997222 0.664062 0.003704 0.016667
0 0.636111 0.298958 0.037037 0.015625
0 0.987037 0.380729 0.025926 0.017708
0 0.992593 0.652083 0.014815 0.016667
0 0.989815 0.665104 0.022222 0.026042
0 0.850000 0.291146 0.024074 0.015625
0 0.924074 0.469792 0.027778 0.015625
0 0.802778 0.294271 0.022222 0.014583
0 0.800926 0.458854 0.020370 0.010417
0 0.710185 0.308854 0.022222 0.013542
0 0.675926 0.295833 0.031481 0.019792
0 0.771296 0.685417 0.027778 0.016667
0 0.675000 0.281250 0.024074 0.012500
