0 0.678704 0.659896 0.027778 0.014583
0 0.172222 0.236979 0.029630 0.019792
0 0.300000 0.547917 0.029630 0.014583
0 0.737963 0.333333 0.029630 0.018750
0 0.109259 0.444271 0.025926 0.011458
0 0.338889 0.145313 0.022222 0.014583
0 0.898148 0.497917 0.024074 0.013542
0 0.087963 0.410417 0.037037 0.020833
0 0.100926 0.538021 0.029630 0.013542
0 0.124074 0.533854 0.035185 0.017708
0 0.456481 0.511979 0.016667 0.011458
0 0.151852 0.530208 0.029630 0.017708
0 0.550926 0.476042 0.022222 0.015625
0 0.467593 0.275521 0.025926 0.018750
0 0.164815 0.240104 0.029630 0.018750
0 0.167593 0.238021 0.037037 0.018750
0 0.185185 0.529687 0.035185 0.019792
0 1.002778 0.703646 0.025926 0.012500
0 0.224074 0.205729 0.035185 0.021875
0 0.974074 0.418750 0.022222 0.013542
0 0.200926 0.256771 0.031481 0.018750
0 0.334259 0.128125 0.024074 0.014583
0 0.262963 0.423438 0.033333 0.019792
0 0.264815 0.438021 0.035185 0.017708
0 0.218519 0.530208 0.031481 0.018750
0 0.310185 0.697917 0.029630 0.018750
0 0.282407 0.310937 0.029630 0.016667
0 0.256481 0.312500 0.029630 0.018750
0 0.458333 0.222396 0.031481 0.017708
0 0.452778 0.264062 0.031481 0.017708
0 0.287963 0.437500 0.027778 0.017708
0 0.235185 0.507812 0.014815 0.009375
0 0.281481 0.702083 0.031481 0.018750
0 0.328704 0.140625 0.025926 0.015625
0 0.658333 0.360417 0.038889 0.021875
0 0.301852 0.600521 0.031481 0.017708
0 0.330556 0.708333 0.033333 0.020833
0 0.327778 0.140625 0.024074 0.014583
0 0.237037 0.518750 0.022222 0.013542
0 0.262963 0.481250 0.029630 0.016667
0 0.387037 0.414062 0.048148 0.028125
0 0.337963 0.679688 0.033333 0.021875
0 0.258333 0.516146 0.025926 0.015625
0 0.399074 0.442708 0.048148 0.027083
0 0.427778 0.426042 0.046296 0.028125
0 0.462963 0.444792 0.048148 0.026042
0 0.468519 0.664583 0.033333 0.020833
0 0.489815 0.701042 0.033333 0.021875
0 0.430556 0.713542 0.027778 0.015625
0 0.447222 0.277604 0.025926 0.013542
0 0.443519 0.722396 0.035185 0.019792
0 0.638889 0.580729 0.018519 0.010417
0 0.904630 0.294792 0.022222 0.014583
0 0.552778 0.682813 0.024074 0.012500
0 0.615741 0.493750 0.029630 0.018750
0 0.995370 0.296875 0.005556 0.016667
0 0.606481 0.470833 0.025926 0.016667
0 0.896296 0.290625 0.040741 0.027083
0 0.849074 0.567708 0.018519 0.012500
0 0.975000 0.174479 0.011111 0.007292
0 0.985185 0.296875 0.016667 0.014583
0 0.802778 0.697917 0.018519 0.010417
0 0.900000 0.295312 0.027778 0.012500
0 0.901852 0.293229 0.024074 0.013542
0 0.999074 0.693229 0.007407 0.015625
0 0.895370 0.279167 0.024074 0.012500
0 0.999074 0.383333 0.014815 0.009375
0 0.853704 0.578125 0.012963 0.006250
0 0.890741 0.503125 0.025926 0.014583
0 0.922222 0.295312 0.020370 0.011458
0 0.883333 0.564063 0.025926 0.014583
0 0.915741 0.289583 0.022222 0.013542
0 0.930556 0.495833 0.029630 0.016667
0 0.939815 0.468750 0.016667 0.009375
0 0.883333 0.564583 0.025926 0.014583
0 0.930556 0.495312 0.029630 0.015625
0 0.937037 0.267708 0.024074 0.013542
0 0.937963 0.486458 0.018519 0.011458
0 0.898148 0.293750 0.027778 0.013542
0 0.962037 0.485417 0.025926 0.013542
0 0.915741 0.301563 0.024074 0.012500
0 0.952778 0.472917 0.024074 0.014583
0 0.900000 0.308854 0.024074 0.014583
0 0.985185 0.460417 0.024074 0.014583
0 0.987963 0.296354 0.022222 0.015625
0 0.995370 0.450521 0.007407 0.014583
0 0.986111 0.295833 0.020370 0.014583
0 0.996296 0.397917 0.005556 0.016667
