0 0.995370 0.340625 0.009259 0.014583
0 1.006481 0.418229 0.016667 0.023958
0 0.994444 0.666146 0.007407 0.013542
0 0.996296 0.453646 0.007407 0.020833
0 0.993519 0.691146 0.012963 0.015625
0 0.891667 0.476562 0.027778 0.015625
0 0.823148 0.296875 0.024074 0.014583
0 0.988889 0.667708 0.020370 0.025000
0 0.997222 0.475000 0.003704 0.009375
0 0.957407 0.385417 0.031481 0.018750
0 0.997222 0.501042 0.003704 0.016667
0 0.990741 0.661458 0.014815 0.016667
0 0.997222 0.669271 0.003704 0.016667
0 0.995370 0.727083 0.005556 0.016667
0 0.994444 0.653125 0.009259 0.016667
0 0.166667 0.453125 0.048148 0.026042
0 0.188889 0.671875 0.035185 0.020833
0 0.152778 0.552083 0.027778 0.013542
0 0.212963 0.707292 0.035185 0.022917
0 0.229630 0.631771 0.033333 0.017708
0 0.193519 0.718750 0.025926 0.017708
0 0.205556 0.285938 0.029630 0.015625
0 0.222222 0.727083 0.033333 0.019792
0 0.350926 0.586458 0.020370 0.010417
0 0.609259 0.302083 0.025926 0.016667
0 0.281481 0.687500 0.029630 0.014583
0 0.980556 0.453125 0.016667 0.011458
0 0.364815 0.500000 0.031481 0.017708
0 0.797222 0.297396 0.025926 0.014583
0 0.363889 0.476042 0.031481 0.016667
0 0.998148 0.629687 0.024074 0.017708
0 0.573148 0.299479 0.025926 0.017708
0 0.592593 0.567187 0.024074 0.015625
0 0.756481 0.177604 0.011111 0.008333
0 0.775000 0.298958 0.024074 0.015625
0 0.681481 0.339583 0.037037 0.020833
0 0.499074 0.699479 0.024074 0.013542
0 0.588889 0.538021 0.025926 0.015625
0 1.001852 0.640104 0.016667 0.015625
0 0.592593 0.303646 0.031481 0.014583
0 0.636111 0.300000 0.031481 0.020833
0 0.726852 0.694271 0.025926 0.016667
0 0.635185 0.285417 0.024074 0.013542
0 0.829630 0.381250 0.016667 0.010417
0 0.577778 0.561979 0.018519 0.008333
0 0.764815 0.479687 0.024074 0.013542
0 0.670370 0.501563 0.031481 0.015625
0 0.719444 0.299479 0.022222 0.013542
0 0.662037 0.566146 0.025926 0.014583
0 0.714815 0.291667 0.022222 0.012500
0 0.701852 0.497917 0.027778 0.016667
0 0.713889 0.472396 0.022222 0.011458
0 0.661111 0.566667 0.025926 0.013542
0 0.701852 0.497917 0.027778 0.016667
0 0.717593 0.271354 0.024074 0.013542
0 0.709259 0.486458 0.020370 0.013542
0 0.666667 0.300000 0.025926 0.012500
0 0.996296 0.668229 0.007407 0.018750
0 0.749074 0.486979 0.024074 0.014583
0 0.687037 0.304167 0.020370 0.012500
0 0.737037 0.475521 0.022222 0.013542
0 0.686111 0.313542 0.022222 0.011458
0 0.772222 0.464062 0.020370 0.011458
0 0.775926 0.299479 0.024074 0.013542
0 0.560185 0.335938 0.025926 0.015625
0 0.003704 0.536979 0.007407 0.017708
0 0.047222 0.704688 0.027778 0.017708
0 0.065741 0.317188 0.033333 0.015625
0 0.040741 0.318229 0.027778 0.015625
0 0.215741 0.229167 0.031481 0.016667
0 0.212037 0.270833 0.029630 0.017708
0 0.017593 0.445833 0.027778 0.017708
0 0.017593 0.519271 0.018519 0.011458
0 0.038889 0.707812 0.038889 0.018750
0 0.037037 0.152083 0.025926 0.015625
0 0.407407 0.367188 0.037037 0.021875
0 0.047222 0.608333 0.031481 0.017708
0 0.067593 0.715625 0.037037 0.020833
0 0.056481 0.156250 0.024074 0.014583
0 0.046296 0.523958 0.024074 0.014583
0 0.048148 0.488021 0.035185 0.017708
0 0.085185 0.422917 0.050000 0.029167
0 0.080556 0.685937 0.040741 0.023958
0 0.068519 0.521354 0.025926 0.014583
0 0.101852 0.452083 0.053704 0.026042
0 0.125000 0.435937 0.050000 0.029167
0 0.144444 0.581771 0.012963 0.018750
0 0.187037 0.692708 0.031481 0.018750
