0 0.994444 0.681771 0.009259 0.013542
0 0.996296 0.767708 0.016667 0.008333
0 0.994444 0.225000 0.009259 0.018750
0 0.995370 0.494792 0.007407 0.021875
0 0.991667 0.732812 0.016667 0.015625
0 0.912963 0.269792 0.033333 0.018750
0 0.561111 0.488021 0.024074 0.013542
0 0.998148 0.529167 0.024074 0.018750
0 0.890741 0.704688 0.038889 0.022917
0 0.929630 0.693750 0.055556 0.025000
0 0.386111 0.657813 0.027778 0.017708
0 0.195370 0.379167 0.031481 0.020833
0 0.236111 0.397917 0.022222 0.010417
0 0.182407 0.410938 0.022222 0.013542
0 0.628704 0.512500 0.022222 0.012500
0 0.203704 0.374479 0.020370 0.012500
0 0.432407 0.678125 0.035185 0.020833
0 0.882407 0.286979 0.024074 0.012500
0 0.419444 0.704167 0.029630 0.018750
0 0.991667 0.673958 0.014815 0.028125
0 0.653704 0.566146 0.024074 0.014583
0 0.487037 0.655208 0.022222 0.011458
0 0.484259 0.670833 0.033333 0.019792
0 1.007407 0.512500 0.033333 0.020833
0 0.999074 0.665104 0.014815 0.022917
0 0.456481 0.703125 0.027778 0.017708
0 0.482407 0.679688 0.024074 0.012500
0 0.987037 0.561979 0.016667 0.010417
0 1.018519 0.650521 0.059259 0.032292
0 0.724074 0.697917 0.025926 0.014583
0 0.539815 0.340104 0.031481 0.016667
0 0.596296 0.282813 0.025926 0.015625
0 0.857407 0.660937 0.046296 0.021875
0 0.540741 0.360417 0.027778 0.015625
0 0.891667 0.704688 0.040741 0.023958
0 0.561111 0.376042 0.029630 0.015625
0 0.574074 0.650521 0.029630 0.017708
0 0.994444 0.621875 0.009259 0.025000
0 0.992593 0.530729 0.012963 0.022917
0 0.993519 0.535937 0.011111 0.022917
0 0.988889 0.759375 0.018519 0.019792
0 0.175000 0.286979 0.024074 0.014583
0 0.990741 0.519271 0.016667 0.027083
0 0.997222 0.665104 0.011111 0.020833
0 0.994444 0.258854 0.009259 0.015625
0 0.994444 0.380208 0.009259 0.022917
0 0.829630 0.780729 0.031481 0.019792
0 0.638889 0.686458 0.027778 0.017708
0 0.978704 0.445312 0.038889 0.020833
0 0.985185 0.700521 0.029630 0.017708
0 0.162963 0.469271 0.033333 0.016667
0 0.619444 0.273438 0.027778 0.015625
0 0.138889 0.288021 0.029630 0.014583
0 0.134259 0.456771 0.024074 0.010417
0 0.853704 0.792188 0.040741 0.026042
0 0.107407 0.302083 0.020370 0.014583
0 0.109259 0.468229 0.024074 0.011458
0 0.098148 0.291146 0.024074 0.014583
0 0.098148 0.478646 0.025926 0.014583
0 0.754630 0.638021 0.037037 0.019792
0 1.010185 0.508854 0.100000 0.048958
0 0.978704 0.727604 0.031481 0.018750
0 0.993519 0.548438 0.012963 0.023958
0 0.992593 0.411979 0.011111 0.023958
0 0.996296 0.437500 0.005556 0.015625
0 0.994444 0.669792 0.007407 0.019792
0 0.995370 0.786979 0.009259 0.017708
0 0.993519 0.750521 0.012963 0.023958
0 0.992593 0.672396 0.012963 0.021875
0 0.991667 0.677083 0.016667 0.018750
0 1.013889 0.438542 0.053704 0.040625
0 0.668519 0.691667 0.031481 0.017708
0 0.648148 0.516667 0.022222 0.010417
0 0.047222 0.463021 0.022222 0.012500
0 0.001852 0.557292 0.003704 0.013542
0 0.862037 0.690104 0.027778 0.015625
0 0.012037 0.493229 0.022222 0.014583
0 0.027778 0.485417 0.024074 0.014583
0 0.054630 0.259375 0.027778 0.015625
0 0.059259 0.478125 0.025926 0.015625
0 0.074074 0.288021 0.024074 0.014583
0 1.012037 0.320312 0.053704 0.033333
0 1.000000 0.785937 0.031481 0.017708
0 0.994444 0.531771 0.007407 0.019792
0 1.000926 0.683854 0.033333 0.014583
0 0.979630 0.657292 0.022222 0.015625
0 0.997222 0.654167 0.031481 0.014583
0 0.535185 0.459896 0.027778 0.015625
