0 0.305556 0.713542 0.029630 0.015625
0 0.368519 0.353646 0.027778 0.014583
0 0.992593 0.320312 0.012963 0.011458
0 0.610185 0.310417 0.022222 0.014583
0 0.591667 0.188542 0.011111 0.007292
0 0.432407 0.579167 0.022222 0.013542
0 0.368519 0.311979 0.025926 0.017708
0 0.987963 0.643750 0.024074 0.016667
0 0.153704 0.488021 0.031481 0.014583
0 0.626852 0.309375 0.024074 0.014583
0 0.148148 0.511458 0.031481 0.017708
0 0.990741 0.455208 0.018519 0.012500
0 0.069444 0.702604 0.037037 0.020833
0 0.403704 0.313542 0.027778 0.017708
0 0.100000 0.601042 0.022222 0.010417
0 0.022222 0.740104 0.040741 0.021875
0 0.012037 0.294271 0.024074 0.018750
0 0.652778 0.396354 0.022222 0.013542
0 0.429630 0.296875 0.027778 0.015625
0 0.486111 0.710938 0.029630 0.017708
0 0.425000 0.311458 0.031481 0.019792
0 0.383333 0.317188 0.031481 0.018750
0 1.001852 0.679688 0.018519 0.016667
0 0.996296 0.560937 0.007407 0.012500
0 0.351852 0.553125 0.027778 0.017708
0 0.994444 0.532292 0.009259 0.011458
0 0.996296 0.472396 0.005556 0.011458
0 0.991667 0.708854 0.012963 0.017708
0 0.991667 0.587500 0.016667 0.028125
0 0.999074 0.435937 0.000000 0.000000
0 0.994444 0.712500 0.009259 0.014583
0 0.996296 0.715104 0.005556 0.014583
0 0.996296 0.484896 0.007407 0.019792
0 0.993519 0.588542 0.011111 0.028125
0 0.992593 0.679688 0.012963 0.016667
0 0.995370 0.394792 0.007407 0.013542
0 0.937037 0.382292 0.009259 0.012500
0 0.993519 0.668750 0.009259 0.013542
0 0.992593 0.332813 0.011111 0.014583
0 0.995370 0.352083 0.009259 0.014583
0 0.992593 0.694271 0.011111 0.019792
0 0.995370 0.740625 0.005556 0.017708
0 0.988889 0.659896 0.020370 0.012500
0 0.996296 0.508854 0.020370 0.010417
0 0.997222 0.707292 0.005556 0.017708
0 0.990741 0.688542 0.016667 0.017708
0 0.997222 0.503125 0.003704 0.017708
0 0.703704 0.427083 0.020370 0.010417
0 0.758333 0.400000 0.029630 0.019792
0 0.990741 0.678125 0.016667 0.020833
0 0.654630 0.308854 0.024074 0.015625
0 0.701852 0.489583 0.027778 0.014583
0 0.997222 0.267708 0.005556 0.016667
0 0.610185 0.309896 0.022222 0.014583
0 0.601852 0.476042 0.022222 0.012500
0 0.536111 0.324479 0.022222 0.013542
0 0.575000 0.487500 0.025926 0.012500
0 0.535185 0.313542 0.020370 0.013542
0 0.577778 0.498958 0.024074 0.014583
0 0.995370 0.683854 0.005556 0.018750
0 0.513889 0.309896 0.025926 0.014583
0 0.537037 0.498958 0.024074 0.014583
0 0.545370 0.282292 0.025926 0.014583
0 0.525000 0.506250 0.016667 0.011458
0 0.515741 0.510417 0.027778 0.015625
0 0.477778 0.577604 0.025926 0.014583
0 0.537037 0.483854 0.020370 0.011458
0 0.515741 0.509896 0.025926 0.016667
0 0.559259 0.302083 0.024074 0.014583
0 0.478704 0.578125 0.025926 0.014583
0 0.566667 0.310417 0.022222 0.014583
0 0.996296 0.450521 0.005556 0.016667
0 0.493519 0.515104 0.022222 0.012500
0 0.595370 0.491667 0.024074 0.013542
0 0.421296 0.568750 0.029630 0.014583
