0 0.312037 0.542708 0.020370 0.012500
0 0.344444 0.771875 0.031481 0.018750
0 0.845370 0.564063 0.031481 0.018750
0 0.526852 0.722396 0.040741 0.020833
0 0.759259 0.432812 0.044444 0.026042
0 0.631481 0.247396 0.033333 0.018750
0 0.361111 0.660417 0.033333 0.018750
0 0.263889 0.661458 0.037037 0.014583
0 0.638889 0.551562 0.029630 0.017708
0 0.081481 0.676562 0.029630 0.016667
0 0.642593 0.575000 0.027778 0.015625
0 0.710185 0.281250 0.031481 0.017708
0 0.762037 0.521354 0.037037 0.020833
0 0.404630 0.769271 0.031481 0.017708
0 0.486111 0.545312 0.040741 0.021875
0 0.844444 0.543229 0.031481 0.018750
0 0.222222 0.362500 0.025926 0.012500
0 0.102778 0.646354 0.038889 0.018750
0 0.659259 0.704688 0.029630 0.013542
0 0.219444 0.641146 0.031481 0.016667
0 0.815741 0.573438 0.031481 0.016667
0 0.708333 0.636979 0.024074 0.014583
0 0.802778 0.561458 0.029630 0.016667
0 0.453704 0.213021 0.024074 0.013542
0 0.250926 0.364063 0.024074 0.009375
0 0.403704 0.446354 0.033333 0.019792
0 0.081481 0.266146 0.027778 0.013542
0 0.698148 0.288021 0.024074 0.015625
0 0.431481 0.631250 0.033333 0.017708
0 0.630556 0.529687 0.031481 0.019792
0 0.602778 0.551562 0.027778 0.017708
0 0.012037 0.445312 0.024074 0.012500
0 0.799074 0.352604 0.027778 0.014583
0 0.782407 0.538021 0.035185 0.020833
0 0.383333 0.664583 0.037037 0.021875
0 0.686111 0.503125 0.037037 0.021875
0 0.303704 0.376563 0.040741 0.021875
0 0.660185 0.691146 0.042593 0.025000
0 0.300926 0.711979 0.031481 0.018750
0 0.842593 0.513021 0.033333 0.020833
0 0.823148 0.577083 0.035185 0.017708
0 0.260185 0.651042 0.038889 0.019792
0 0.624074 0.261458 0.042593 0.027083
0 0.781481 0.579688 0.035185 0.019792
0 0.516667 0.482812 0.042593 0.025000
0 0.833333 0.339583 0.025926 0.014583
0 0.106481 0.285938 0.033333 0.017708
0 0.266667 0.352604 0.038889 0.022917
0 0.212963 0.776042 0.044444 0.025000
0 0.056481 0.672396 0.025926 0.014583
0 0.691667 0.488021 0.024074 0.012500
0 0.233333 0.429688 0.038889 0.021875
0 0.289815 0.684375 0.029630 0.016667
0 0.141667 0.690104 0.033333 0.018750
0 0.075926 0.255208 0.025926 0.015625
0 0.721296 0.272917 0.022222 0.014583
0 0.656481 0.520312 0.033333 0.016667
0 0.610185 0.280729 0.022222 0.013542
0 0.058333 0.472396 0.025926 0.014583
0 0.392593 0.253646 0.031481 0.019792
0 0.583333 0.722396 0.033333 0.018750
0 0.669444 0.542708 0.046296 0.025000
0 0.506481 0.213542 0.038889 0.022917
0 0.432407 0.761979 0.027778 0.017708
0 0.820370 0.383854 0.033333 0.019792
0 0.617593 0.718750 0.035185 0.020833
0 0.376852 0.733854 0.029630 0.016667
0 0.785185 0.379167 0.044444 0.023958
0 0.817593 0.529687 0.035185 0.018750
0 0.168519 0.677604 0.046296 0.025000
0 0.284259 0.516146 0.040741 0.022917
0 0.651852 0.270313 0.029630 0.019792
0 0.476852 0.574479 0.046296 0.027083
0 0.007407 0.635417 0.014815 0.016667
