0 0.347222 0.517708 0.029630 0.016667
0 0.358333 0.512500 0.018519 0.013542
0 0.380556 0.292187 0.024074 0.015625
0 0.386111 0.504167 0.024074 0.014583
0 0.374074 0.318229 0.024074 0.014583
0 0.300926 0.584896 0.018519 0.012500
0 0.429630 0.197917 0.011111 0.006250
0 0.452778 0.318229 0.020370 0.013542
0 0.971296 0.320312 0.037037 0.016667
0 0.105556 0.363021 0.029630 0.016667
0 0.192593 0.716667 0.024074 0.012500
0 0.160185 0.559896 0.027778 0.015625
0 0.983333 0.543750 0.024074 0.012500
0 0.899074 0.701042 0.027778 0.016667
0 0.180556 0.329688 0.031481 0.017708
0 0.213889 0.325000 0.038889 0.018750
0 0.267593 0.715104 0.031481 0.016667
0 0.226852 0.310937 0.031481 0.017708
0 0.504630 0.401562 0.022222 0.012500
0 0.280556 0.578125 0.020370 0.012500
0 0.462037 0.496354 0.020370 0.011458
0 0.327778 0.520312 0.020370 0.013542
0 0.320370 0.575000 0.024074 0.010417
0 0.996296 0.411979 0.003704 0.014583
0 0.427778 0.318750 0.022222 0.012500
0 0.315741 0.583333 0.029630 0.013542
0 0.415741 0.310417 0.025926 0.015625
0 0.995370 0.685937 0.007407 0.022917
0 0.995370 0.570312 0.025926 0.012500
0 0.346296 0.517708 0.031481 0.018750
0 0.962963 0.532813 0.020370 0.012500
0 0.381481 0.490625 0.022222 0.012500
0 0.318519 0.584375 0.024074 0.014583
0 0.993519 0.684896 0.011111 0.015625
0 0.989815 0.696875 0.018519 0.023958
0 0.898148 0.379167 0.029630 0.015625
0 0.994444 0.727083 0.011111 0.020833
0 0.924074 0.394271 0.035185 0.015625
0 0.960185 0.670312 0.033333 0.017708
0 0.994444 0.576042 0.011111 0.026042
0 0.989815 0.782813 0.018519 0.029167
0 0.989815 0.773438 0.016667 0.017708
0 0.989815 0.249479 0.018519 0.010417
0 0.996296 0.684896 0.005556 0.017708
0 0.425926 0.503646 0.024074 0.013542
0 0.394444 0.322396 0.020370 0.014583
0 0.422222 0.493229 0.020370 0.011458
0 0.400926 0.332292 0.022222 0.013542
0 0.992593 0.767708 0.012963 0.032292
0 0.450926 0.481250 0.024074 0.012500
0 0.463889 0.316667 0.024074 0.013542
0 0.961111 0.291146 0.029630 0.016667
0 0.522222 0.493750 0.025926 0.015625
0 0.494444 0.315625 0.024074 0.014583
0 0.794444 0.678646 0.033333 0.019792
0 0.562037 0.405729 0.029630 0.018750
0 0.531481 0.421875 0.020370 0.011458
0 0.528704 0.436979 0.011111 0.006250
0 0.950000 0.530208 0.025926 0.013542
0 0.569444 0.397917 0.014815 0.008333
0 0.876852 0.700521 0.037037 0.019792
0 0.995370 0.327604 0.020370 0.010417
0 0.840741 0.726042 0.033333 0.017708
0 0.995370 0.557292 0.020370 0.011458
0 0.930556 0.692187 0.035185 0.018750
0 0.997222 0.746875 0.016667 0.026042
0 0.875926 0.725000 0.029630 0.018750
0 0.992593 0.717187 0.012963 0.018750
0 0.906481 0.359375 0.031481 0.016667
0 0.926852 0.300521 0.027778 0.014583
0 0.992593 0.279167 0.011111 0.017708
0 0.898148 0.506250 0.025926 0.013542
0 0.990741 0.736458 0.018519 0.023958
0 0.995370 0.717708 0.005556 0.015625
0 0.994444 0.533333 0.009259 0.022917
0 0.993519 0.707812 0.009259 0.014583
0 0.993519 0.778125 0.012963 0.016667
0 0.994444 0.621354 0.009259 0.017708
0 0.995370 0.701562 0.005556 0.012500
0 1.001852 0.442188 0.001852 0.002083
0 0.992593 0.621875 0.014815 0.026042
0 0.993519 0.783854 0.012963 0.019792
0 0.994444 0.624479 0.009259 0.020833
0 0.993519 0.640104 0.009259 0.016667
0 0.992593 0.704167 0.011111 0.017708
0 0.990741 0.571875 0.016667 0.033333
0 0.879630 0.479167 0.027778 0.016667
