0 0.201852 0.704167 0.027778 0.016667
0 0.301852 0.506771 0.029630 0.016667
0 0.926852 0.528125 0.022222 0.010417
0 0.339815 0.480729 0.022222 0.013542
0 0.270370 0.573958 0.033333 0.015625
0 0.993519 0.682292 0.011111 0.015625
0 0.417593 0.309375 0.020370 0.013542
0 0.932407 0.313021 0.031481 0.016667
0 0.059259 0.351042 0.033333 0.017708
0 0.121296 0.705729 0.022222 0.013542
0 0.107407 0.548438 0.031481 0.017708
0 0.944444 0.537500 0.020370 0.012500
0 0.834259 0.695312 0.027778 0.016667
0 0.131481 0.317708 0.033333 0.018750
0 0.164815 0.313021 0.040741 0.020833
0 0.178704 0.298438 0.033333 0.016667
0 0.470370 0.392708 0.024074 0.012500
0 0.213889 0.562500 0.020370 0.011458
0 0.423148 0.487500 0.020370 0.011458
0 0.285185 0.510417 0.022222 0.013542
0 0.273148 0.565104 0.024074 0.010417
0 0.997222 0.403125 0.005556 0.015625
0 0.397222 0.308333 0.024074 0.012500
0 0.271296 0.574479 0.033333 0.015625
0 0.384259 0.301042 0.024074 0.015625
0 0.995370 0.669792 0.007407 0.022917
0 0.994444 0.544792 0.025926 0.012500
0 0.483333 0.429167 0.011111 0.007292
0 0.300926 0.508333 0.027778 0.018750
0 0.313889 0.503125 0.020370 0.013542
0 0.344444 0.281771 0.024074 0.016667
0 0.345370 0.494792 0.024074 0.014583
0 0.342593 0.308333 0.022222 0.015625
0 0.996296 0.667708 0.005556 0.017708
0 0.384259 0.494792 0.024074 0.013542
0 0.363889 0.312500 0.022222 0.014583
0 0.387963 0.483854 0.025926 0.011458
0 0.371296 0.322396 0.022222 0.012500
0 0.993519 0.771875 0.012963 0.030208
0 0.411111 0.472396 0.024074 0.012500
0 0.426852 0.307292 0.025926 0.013542
0 0.921296 0.284375 0.025926 0.016667
0 0.475926 0.485938 0.027778 0.014583
0 0.458333 0.306250 0.024074 0.015625
0 0.737037 0.671875 0.035185 0.021875
0 0.515741 0.397396 0.029630 0.017708
0 0.499074 0.413542 0.020370 0.012500
0 0.990741 0.241146 0.018519 0.010417
0 0.992593 0.272917 0.011111 0.016667
0 0.856481 0.500521 0.024074 0.014583
0 0.990741 0.731771 0.018519 0.023958
0 0.991667 0.705208 0.016667 0.021875
0 0.993519 0.531771 0.009259 0.023958
0 0.979630 0.701042 0.031481 0.017708
0 0.992593 0.782813 0.012963 0.016667
0 0.995370 0.336979 0.009259 0.021875
0 0.994444 0.622396 0.009259 0.017708
0 0.995370 0.706771 0.007407 0.014583
0 1.000000 0.465104 0.020370 0.014583
0 0.993519 0.621875 0.012963 0.022917
0 0.993519 0.786979 0.012963 0.020833
0 0.994444 0.626563 0.009259 0.020833
0 0.994444 0.640104 0.007407 0.014583
0 1.000926 0.705729 0.011111 0.017708
0 0.991667 0.545312 0.014815 0.031250
0 0.837037 0.472917 0.027778 0.016667
0 0.911111 0.525000 0.024074 0.013542
0 0.521296 0.389583 0.014815 0.009375
0 0.812963 0.694271 0.037037 0.019792
0 0.995370 0.322396 0.020370 0.010417
0 0.778704 0.719792 0.031481 0.018750
0 0.992593 0.677604 0.016667 0.030208
0 0.992593 0.572396 0.022222 0.012500
0 0.864815 0.686458 0.033333 0.017708
0 0.997222 0.739062 0.016667 0.026042
0 0.814815 0.718750 0.029630 0.017708
0 0.995370 0.722917 0.014815 0.018750
0 0.862037 0.352604 0.031481 0.017708
0 0.888889 0.294271 0.027778 0.015625
0 0.990741 0.685937 0.018519 0.023958
0 0.854630 0.371875 0.029630 0.015625
0 0.994444 0.723437 0.011111 0.020833
0 0.880556 0.388542 0.031481 0.015625
0 0.905556 0.664583 0.031481 0.017708
0 0.994444 0.551042 0.011111 0.025000
0 0.989815 0.769271 0.016667 0.028125
0 0.990741 0.769792 0.016667 0.017708
0 0.991667 0.760938 0.014815 0.008333
