0 0.263889 0.671875 0.035185 0.018750
0 0.056481 0.271354 0.016667 0.018750
0 0.043519 0.342187 0.035185 0.017708
0 0.269444 0.705729 0.029630 0.015625
0 0.612963 0.675521 0.031481 0.018750
0 0.918519 0.570312 0.029630 0.017708
0 0.770370 0.298438 0.024074 0.016667
0 0.600000 0.649479 0.029630 0.017708
0 0.742593 0.542188 0.027778 0.016667
0 0.732407 0.565104 0.025926 0.016667
0 0.087037 0.465625 0.027778 0.014583
0 0.929630 0.548958 0.037037 0.020833
0 0.911111 0.373958 0.027778 0.013542
0 0.652778 0.231771 0.042593 0.025000
0 0.824074 0.555729 0.044444 0.023958
0 0.744444 0.736458 0.035185 0.019792
0 0.463889 0.268750 0.029630 0.019792
0 0.130556 0.493229 0.025926 0.014583
0 0.766667 0.530729 0.029630 0.018750
0 0.799074 0.286458 0.020370 0.014583
0 0.164815 0.277083 0.027778 0.017708
0 0.300000 0.715625 0.033333 0.021875
0 0.437037 0.705729 0.031481 0.017708
0 0.384259 0.449479 0.037037 0.020833
0 0.847222 0.501563 0.020370 0.010417
0 0.163889 0.697396 0.027778 0.014583
0 0.349074 0.801562 0.044444 0.023958
0 0.446296 0.373437 0.042593 0.023958
0 0.232407 0.297396 0.027778 0.014583
0 0.923148 0.354167 0.029630 0.017708
0 0.904630 0.589063 0.033333 0.019792
0 0.768519 0.277604 0.038889 0.026042
0 0.422222 0.672917 0.037037 0.020833
0 0.948148 0.586979 0.035185 0.019792
0 0.984259 0.523958 0.029630 0.020833
0 0.445370 0.732812 0.033333 0.018750
0 0.813889 0.704167 0.040741 0.025000
0 0.477778 0.396875 0.042593 0.021875
0 0.849074 0.516146 0.037037 0.020833
0 0.545370 0.684375 0.033333 0.018750
0 0.487037 0.792708 0.031481 0.019792
0 0.969444 0.572917 0.031481 0.018750
0 0.697222 0.739062 0.042593 0.021875
0 0.926852 0.445833 0.046296 0.025000
0 0.774074 0.265625 0.029630 0.016667
0 0.525926 0.678646 0.042593 0.020833
0 0.422222 0.683854 0.037037 0.015625
0 0.752778 0.563021 0.029630 0.017708
0 0.190741 0.702083 0.029630 0.016667
0 0.766667 0.586979 0.024074 0.015625
0 0.789815 0.294792 0.031481 0.018750
0 0.911111 0.532292 0.038889 0.020833
0 0.541667 0.788021 0.027778 0.014583
0 0.659259 0.563021 0.040741 0.021875
0 0.209259 0.696875 0.022222 0.013542
0 0.778704 0.715104 0.025926 0.014583
0 0.380556 0.666146 0.027778 0.017708
0 0.936111 0.582812 0.031481 0.018750
0 0.844444 0.650521 0.025926 0.014583
0 0.433333 0.554688 0.027778 0.015625
0 0.546296 0.464583 0.038889 0.023958
0 0.162963 0.302604 0.020370 0.010417
0 0.570370 0.779687 0.025926 0.016667
0 0.975926 0.395833 0.029630 0.019792
0 0.776852 0.732292 0.033333 0.019792
0 0.100000 0.660937 0.031481 0.018750
0 0.637037 0.591146 0.046296 0.027083
0 0.771296 0.286979 0.031481 0.015625
0 0.431481 0.535417 0.038889 0.021875
0 0.336111 0.702604 0.040741 0.025000
0 0.959259 0.540625 0.033333 0.017708
0 0.698148 0.500521 0.044444 0.023958
0 0.955556 0.392708 0.037037 0.022917
0 0.519444 0.753125 0.031481 0.017708
0 -0.075926 0.337500 0.000000 0.000000
0 0.950926 0.586979 0.033333 0.019792
0 0.053704 0.363542 0.029630 0.015625
0 0.805556 0.510938 0.035185 0.020833
0 0.300000 0.715625 0.037037 0.023958
0 0.075000 0.379167 0.031481 0.014583
