0 0.910185 0.541146 0.022222 0.013542
0 0.991667 0.554688 0.016667 0.025000
0 0.998148 0.647917 0.025926 0.015625
0 0.991667 0.552604 0.033333 0.019792
0 0.589815 0.546354 0.029630 0.015625
0 0.255556 0.310417 0.018519 0.009375
0 0.964815 0.295312 0.022222 0.014583
0 0.776852 0.644271 0.035185 0.015625
0 0.235185 0.453125 0.029630 0.016667
0 0.928704 0.529167 0.033333 0.018750
0 0.978704 0.290104 0.018519 0.014583
0 0.377778 0.268750 0.031481 0.018750
0 0.475000 0.704167 0.037037 0.022917
0 0.597222 0.697917 0.031481 0.018750
0 0.568519 0.441667 0.037037 0.021875
0 0.307407 0.682813 0.025926 0.015625
0 0.495370 0.791146 0.038889 0.021875
0 0.654630 0.366667 0.042593 0.023958
0 0.403704 0.292187 0.025926 0.014583
0 0.984259 0.340104 0.029630 0.017708
0 0.995370 0.596875 0.007407 0.020833
0 0.973148 0.274479 0.037037 0.025000
0 0.595370 0.664583 0.037037 0.020833
0 0.987037 0.593229 0.024074 0.019792
0 0.996296 0.507812 0.048148 0.023958
0 0.600926 0.724479 0.031481 0.018750
0 0.980556 0.703125 0.037037 0.025000
0 0.684259 0.390104 0.042593 0.023958
0 0.995370 0.501563 0.005556 0.019792
0 0.555556 0.656771 0.025926 0.017708
0 0.710185 0.676562 0.040741 0.023958
0 0.637037 0.784896 0.029630 0.018750
0 0.993519 0.587500 0.011111 0.020833
0 0.871296 0.735938 0.044444 0.020833
0 0.995370 0.429688 0.005556 0.016667
0 0.983333 0.261458 0.027778 0.015625
0 0.684259 0.670833 0.031481 0.020833
0 0.590741 0.675521 0.033333 0.015625
0 0.925000 0.559375 0.025926 0.019792
0 0.334259 0.688542 0.029630 0.016667
0 0.943519 0.584375 0.025926 0.016667
0 0.969444 0.291667 0.024074 0.014583
0 0.993519 0.528646 0.011111 0.018750
0 0.691667 0.783333 0.025926 0.015625
0 0.850000 0.559375 0.040741 0.022917
0 0.352778 0.682292 0.020370 0.012500
0 0.954630 0.714583 0.025926 0.015625
0 0.990741 0.583854 0.016667 0.019792
0 0.339815 0.560417 0.025926 0.014583
0 0.102778 0.653646 0.025926 0.014583
0 0.099074 0.668750 0.038889 0.019792
0 0.986111 0.445312 0.029630 0.019792
0 0.684259 0.670312 0.031481 0.019792
0 0.096296 0.701562 0.031481 0.018750
0 0.119444 0.676562 0.031481 0.017708
0 0.599074 0.559896 0.022222 0.013542
0 0.769444 0.671875 0.037037 0.019792
0 0.404630 0.693750 0.027778 0.014583
0 0.210185 0.330729 0.035185 0.017708
0 0.277778 0.261458 0.018519 0.020833
0 0.440741 0.659375 0.038889 0.021875
0 -0.075926 0.337500 0.000000 0.000000
0 0.991667 0.597396 0.012963 0.019792
0 0.218519 0.351042 0.031481 0.014583
0 0.948148 0.495312 0.024074 0.012500
0 0.474074 0.704688 0.035185 0.020833
0 0.235185 0.367708 0.027778 0.015625
0 0.246296 0.646354 0.029630 0.017708
0 0.817593 0.587500 0.048148 0.026042
0 0.977778 0.282813 0.031481 0.015625
0 0.607407 0.528125 0.040741 0.022917
0 0.506481 0.691146 0.042593 0.021875
0 0.992593 0.551042 0.012963 0.018750
0 0.902778 0.497917 0.046296 0.025000
0 0.988889 0.398438 0.020370 0.022917
0 0.673148 0.746354 0.031481 0.017708
0 0.946296 0.732292 0.035185 0.019792
0 1.000926 0.382292 0.031481 0.021875
0 0.719444 0.775000 0.024074 0.016667
0 0.858333 0.226562 0.042593 0.023958
0 0.991667 0.553646 0.020370 0.025000
0 0.913889 0.735938 0.035185 0.018750
0 0.620370 0.260417 0.029630 0.018750
0 0.272222 0.480729 0.024074 0.014583
0 0.045370 0.677604 0.035185 0.020833
0 0.626852 0.294271 0.024074 0.011458
0 0.057407 0.702604 0.033333 0.019792
0 0.709259 0.674479 0.031481 0.019792
