0 0.996296 0.567187 0.007407 0.013542
0 0.547222 0.534896 0.025926 0.016667
0 0.466667 0.697396 0.024074 0.015625
0 0.621296 0.339062 0.033333 0.017708
0 0.997222 0.309896 0.009259 0.009375
0 0.767593 0.295312 0.024074 0.015625
0 0.752778 0.172396 0.011111 0.007292
0 0.573148 0.565104 0.024074 0.013542
0 0.550000 0.295312 0.029630 0.017708
0 0.996296 0.633333 0.024074 0.017708
0 0.331481 0.470833 0.029630 0.015625
0 0.787963 0.294792 0.025926 0.014583
0 0.330556 0.494271 0.029630 0.016667
0 1.000000 0.453646 0.016667 0.011458
0 0.060185 0.444271 0.051852 0.025000
0 0.637037 0.564063 0.024074 0.014583
0 0.713889 0.295833 0.022222 0.014583
0 0.648148 0.500521 0.027778 0.014583
0 0.747222 0.478646 0.024074 0.013542
0 0.552778 0.558333 0.022222 0.011458
0 0.812037 0.380729 0.016667 0.011458
0 0.612963 0.280729 0.025926 0.015625
0 0.684259 0.695833 0.025926 0.017708
0 0.612037 0.295312 0.031481 0.019792
0 0.567593 0.300000 0.029630 0.017708
0 1.000926 0.644792 0.016667 0.015625
0 0.305556 0.581771 0.018519 0.010417
0 0.587037 0.297396 0.024074 0.017708
0 0.237037 0.683333 0.027778 0.015625
0 0.012963 0.599479 0.025926 0.017708
0 0.025000 0.707292 0.037037 0.020833
0 0.027778 0.144271 0.022222 0.014583
0 0.026852 0.514062 0.024074 0.013542
0 0.024074 0.478646 0.035185 0.018750
0 0.043519 0.414062 0.053704 0.029167
0 0.038889 0.678125 0.040741 0.021875
0 0.050926 0.512500 0.025926 0.014583
0 0.081481 0.428125 0.050000 0.028125
0 0.111111 0.574479 0.012963 0.018750
0 0.137037 0.685937 0.029630 0.017708
0 0.125000 0.445312 0.048148 0.026042
0 0.142593 0.665104 0.035185 0.020833
0 0.118519 0.544271 0.027778 0.012500
0 0.166667 0.701042 0.037037 0.020833
0 0.185185 0.625521 0.033333 0.017708
0 0.152778 0.711979 0.031481 0.015625
0 0.517593 0.331250 0.024074 0.015625
0 0.183333 0.277083 0.029630 0.017708
0 0.187963 0.719792 0.035185 0.019792
0 0.989815 0.669271 0.020370 0.023958
0 0.814815 0.294271 0.025926 0.015625
0 0.873148 0.476562 0.029630 0.015625
0 0.997222 0.267188 0.005556 0.016667
0 0.766667 0.296354 0.024074 0.014583
0 0.756481 0.463542 0.024074 0.012500
0 0.680556 0.310937 0.022222 0.014583
0 0.720370 0.475521 0.022222 0.012500
0 0.681481 0.300000 0.020370 0.013542
0 0.731481 0.485417 0.024074 0.013542
0 0.996296 0.675521 0.007407 0.019792
0 0.661111 0.294792 0.024074 0.014583
0 0.691667 0.484896 0.022222 0.012500
0 0.706481 0.267188 0.025926 0.014583
0 0.637963 0.564583 0.025926 0.013542
0 0.679630 0.496354 0.025926 0.015625
0 0.695370 0.470833 0.022222 0.012500
0 0.994444 0.524479 0.009259 0.011458
0 0.678704 0.496354 0.027778 0.016667
0 0.708333 0.287500 0.025926 0.014583
0 0.997222 0.477083 0.003704 0.009375
0 0.992593 0.696354 0.012963 0.015625
0 0.996296 0.454688 0.007407 0.020833
0 0.994444 0.668750 0.007407 0.014583
0 0.995370 0.384375 0.005556 0.012500
0 1.004630 0.397917 0.012963 0.018750
0 0.994444 0.653125 0.007407 0.011458
0 0.993519 0.344271 0.012963 0.013542
0 0.995370 0.340625 0.009259 0.013542
0 0.993519 0.661458 0.009259 0.017708
0 0.996296 0.731250 0.007407 0.016667
0 0.989815 0.664062 0.018519 0.010417
0 0.997222 0.681250 0.003704 0.016667
0 0.991667 0.664583 0.014815 0.016667
0 0.997222 0.502083 0.003704 0.017708
0 0.940741 0.385937 0.035185 0.018750
0 0.010185 0.697917 0.020370 0.021875
0 0.375926 0.360417 0.031481 0.023958
0 0.010185 0.140625 0.020370 0.015625
