0 0.994444 0.369792 0.009259 0.022917
0 0.676852 0.662500 0.018519 0.009375
0 0.673148 0.677604 0.033333 0.018750
0 0.997222 0.693750 0.014815 0.025000
0 0.634259 0.708854 0.029630 0.017708
0 0.669444 0.685417 0.022222 0.011458
0 0.892593 0.707292 0.031481 0.014583
0 0.714815 0.344271 0.031481 0.017708
0 0.757407 0.286458 0.027778 0.016667
0 0.990741 0.675521 0.014815 0.019792
0 0.710185 0.364063 0.027778 0.015625
0 0.993519 0.725000 0.011111 0.020833
0 0.733333 0.381250 0.029630 0.016667
0 0.741667 0.657292 0.031481 0.017708
0 0.994444 0.656250 0.009259 0.023958
0 0.993519 0.548438 0.011111 0.018750
0 0.991667 0.732292 0.014815 0.025000
0 0.990741 0.756771 0.018519 0.018750
0 0.990741 0.765104 0.014815 0.008333
0 0.989815 0.232813 0.020370 0.011458
0 0.991667 0.265104 0.012963 0.018750
0 0.718519 0.492708 0.024074 0.013542
0 0.990741 0.725000 0.016667 0.022917
0 0.992593 0.708333 0.014815 0.019792
0 0.994444 0.471354 0.009259 0.022917
0 0.808333 0.694271 0.029630 0.019792
0 0.992593 0.792708 0.012963 0.017708
0 0.994444 0.256771 0.007407 0.014583
0 0.993519 0.651563 0.009259 0.019792
0 0.994444 0.716667 0.009259 0.017708
0 0.993519 0.421354 0.012963 0.022917
0 0.995370 0.606250 0.009259 0.020833
0 0.992593 0.781250 0.011111 0.018750
0 0.994444 0.671875 0.009259 0.019792
0 0.995370 0.644792 0.005556 0.012500
0 0.842593 0.700521 0.035185 0.018750
0 0.992593 0.520833 0.014815 0.028125
0 0.998148 0.674479 0.033333 0.014583
0 0.995370 0.638542 0.031481 0.014583
0 0.696296 0.465104 0.027778 0.017708
0 0.822222 0.571875 0.024074 0.012500
0 0.013889 0.290104 0.027778 0.020833
0 0.014815 0.684896 0.029630 0.017708
0 0.026852 0.277083 0.035185 0.018750
0 0.346296 0.376563 0.022222 0.011458
0 0.063889 0.543750 0.022222 0.012500
0 0.298148 0.472917 0.020370 0.012500
0 0.142593 0.492708 0.022222 0.013542
0 0.126852 0.547917 0.024074 0.010417
0 0.940741 0.386458 0.029630 0.015625
0 0.277778 0.291146 0.020370 0.011458
0 0.129630 0.556771 0.029630 0.014583
0 0.263889 0.280729 0.025926 0.013542
0 0.995370 0.627083 0.007407 0.020833
0 0.984259 0.541667 0.024074 0.011458
0 0.157407 0.489583 0.027778 0.015625
0 0.797222 0.520833 0.020370 0.011458
0 0.203704 0.463542 0.020370 0.012500
0 0.136111 0.556771 0.020370 0.012500
0 0.992593 0.697917 0.011111 0.015625
0 0.166667 0.493750 0.022222 0.012500
0 0.181481 0.485417 0.022222 0.014583
0 0.216667 0.261979 0.027778 0.015625
0 0.212963 0.478125 0.025926 0.015625
0 0.223148 0.289583 0.025926 0.014583
0 0.934259 0.647396 0.040741 0.020833
0 0.251852 0.479167 0.025926 0.014583
0 0.245370 0.293750 0.022222 0.013542
0 0.269444 0.471354 0.025926 0.012500
0 0.252778 0.304167 0.022222 0.013542
0 0.994444 0.797917 0.011111 0.023958
0 0.280556 0.456771 0.024074 0.013542
0 0.299074 0.290625 0.027778 0.014583
0 0.787963 0.276562 0.029630 0.015625
0 0.329630 0.471354 0.027778 0.015625
0 0.331481 0.290104 0.024074 0.014583
0 0.562963 0.662500 0.033333 0.019792
0 0.366667 0.382292 0.031481 0.018750
0 0.380556 0.398958 0.020370 0.010417
0 0.344444 0.414062 0.014815 0.008333
0 0.779630 0.518229 0.024074 0.013542
0 0.373148 0.375521 0.016667 0.010417
0 0.619444 0.684896 0.035185 0.020833
0 0.996296 0.309896 0.020370 0.011458
0 0.598148 0.709375 0.031481 0.017708
0 0.991667 0.691146 0.014815 0.028125
