0 0.977778 0.791146 0.018519 0.010417
0 0.994444 0.602604 0.007407 0.023958
0 0.993519 0.261458 0.009259 0.016667
0 0.924074 0.671354 0.038889 0.019792
0 0.985185 0.629687 0.027778 0.021875
0 1.004630 0.514062 0.088889 0.043750
0 0.898148 0.731771 0.029630 0.018750
0 0.992593 0.595313 0.012963 0.025000
0 0.993519 0.399479 0.011111 0.021875
0 0.996296 0.442188 0.003704 0.015625
0 0.991667 0.679167 0.020370 0.021875
0 0.926852 0.792188 0.031481 0.018750
0 0.992593 0.600521 0.012963 0.022917
0 0.993519 0.748958 0.012963 0.023958
0 0.996296 0.396875 0.005556 0.012500
0 0.990741 0.679688 0.016667 0.021875
0 0.912963 0.682292 0.033333 0.016667
0 1.012037 0.468229 0.044444 0.034375
0 0.602778 0.691667 0.029630 0.016667
0 1.008333 0.316667 0.042593 0.027083
0 0.994444 0.502604 0.011111 0.017708
0 0.995370 0.548958 0.009259 0.021875
0 0.621296 0.685937 0.022222 0.013542
0 0.999074 0.697396 0.035185 0.015625
0 0.890741 0.661979 0.024074 0.015625
0 0.992593 0.588542 0.012963 0.015625
0 0.996296 0.647917 0.031481 0.013542
0 0.487963 0.459896 0.025926 0.015625
0 0.990741 0.536458 0.018519 0.027083
0 0.993519 0.527083 0.012963 0.022917
0 0.025926 0.253646 0.025926 0.014583
0 0.020370 0.469792 0.024074 0.015625
0 0.050926 0.282813 0.024074 0.014583
0 0.687037 0.639062 0.033333 0.018750
0 0.058333 0.470833 0.025926 0.014583
0 0.074074 0.286458 0.024074 0.013542
0 0.068519 0.461979 0.024074 0.012500
0 0.085185 0.296875 0.022222 0.013542
0 0.772222 0.794271 0.033333 0.025000
0 0.092593 0.448958 0.025926 0.012500
0 0.109259 0.283333 0.025926 0.015625
0 0.575926 0.276562 0.025926 0.015625
0 0.118519 0.463542 0.031481 0.015625
0 0.143519 0.283333 0.024074 0.015625
0 0.320370 0.654167 0.027778 0.016667
0 0.149074 0.375000 0.033333 0.018750
0 0.206481 0.392188 0.018519 0.009375
0 0.150926 0.405208 0.024074 0.013542
0 0.586111 0.513542 0.024074 0.013542
0 0.164815 0.370312 0.024074 0.013542
0 0.358333 0.675000 0.035185 0.020833
0 0.856481 0.308333 0.020370 0.013542
0 0.350000 0.700000 0.031481 0.017708
0 0.993519 0.677604 0.012963 0.025000
0 0.597222 0.566667 0.024074 0.013542
0 0.412037 0.653125 0.022222 0.012500
0 0.409259 0.668229 0.035185 0.019792
0 1.006481 0.503646 0.029630 0.018750
0 0.997222 0.679688 0.031481 0.019792
0 0.387037 0.699479 0.029630 0.018750
0 0.409259 0.677083 0.024074 0.013542
0 0.903704 0.567187 0.018519 0.010417
0 1.009259 0.667708 0.033333 0.018750
0 0.659259 0.698958 0.025926 0.014583
0 0.491667 0.341667 0.031481 0.017708
0 0.555556 0.285938 0.025926 0.014583
0 0.771296 0.663021 0.042593 0.021875
0 0.991667 0.604688 0.014815 0.020833
0 0.490741 0.361458 0.031481 0.016667
0 0.994444 0.504687 0.020370 0.011458
0 0.802778 0.707812 0.037037 0.021875
0 0.511111 0.377604 0.027778 0.015625
0 0.512037 0.648438 0.029630 0.017708
0 0.994444 0.607292 0.009259 0.025000
0 0.930556 0.538021 0.040741 0.021875
0 0.836111 0.696875 0.044444 0.022917
0 0.992593 0.543229 0.011111 0.017708
0 0.987037 0.452604 0.022222 0.025000
0 0.965741 0.754687 0.031481 0.016667
0 0.994444 0.696875 0.009259 0.014583
0 1.001852 0.783854 0.025926 0.014583
0 0.994444 0.222917 0.009259 0.018750
0 0.995370 0.491667 0.007407 0.021875
0 0.991667 0.732812 0.016667 0.015625
0 0.912963 0.274479 0.029630 0.018750
0 0.514815 0.488021 0.024074 0.012500
0 0.998148 0.543750 0.024074 0.018750
0 0.801852 0.707812 0.038889 0.020833
0 0.903704 0.704688 0.027778 0.016667
0 0.903704 0.452083 0.038889 0.018750
0 0.573148 0.685937 0.025926 0.016667
0 0.753704 0.782292 0.029630 0.019792
0 0.995370 0.377083 0.009259 0.021875
