0 0.562963 0.311458 0.022222 0.013542
0 0.012963 0.690104 0.025926 0.019792
0 0.951852 0.466146 0.024074 0.010417
0 0.064815 0.506771 0.031481 0.015625
0 0.062963 0.467708 0.025926 0.009375
0 0.928704 0.650000 0.029630 0.015625
0 0.284259 0.313542 0.020370 0.014583
0 0.386111 0.575521 0.020370 0.013542
0 0.535185 0.192188 0.011111 0.007292
0 0.549074 0.313021 0.018519 0.013542
0 0.991667 0.324479 0.016667 0.014583
0 0.220370 0.350521 0.027778 0.014583
0 0.237037 0.703125 0.029630 0.013542
0 0.257407 0.547917 0.029630 0.017708
0 0.996296 0.547396 0.005556 0.012500
0 0.999074 0.701562 0.018519 0.016667
0 0.297222 0.318750 0.031481 0.018750
0 0.334259 0.314063 0.037037 0.018750
0 0.366667 0.704167 0.029630 0.017708
0 0.343519 0.300000 0.029630 0.016667
0 0.595370 0.397396 0.022222 0.013542
0 0.359259 0.567187 0.024074 0.014583
0 0.547222 0.491146 0.018519 0.010417
0 0.420370 0.511979 0.020370 0.013542
0 0.406481 0.566146 0.025926 0.011458
0 0.996296 0.427604 0.003704 0.014583
0 0.516667 0.311979 0.020370 0.013542
0 0.402778 0.574479 0.024074 0.014583
0 0.508333 0.304167 0.024074 0.015625
0 0.995370 0.718750 0.007407 0.022917
0 0.994444 0.597396 0.025926 0.011458
0 0.438889 0.509375 0.029630 0.017708
0 0.994444 0.530729 0.009259 0.011458
0 0.469444 0.482812 0.022222 0.012500
0 0.403704 0.575000 0.025926 0.014583
0 0.464815 0.311458 0.025926 0.014583
0 0.996296 0.695833 0.005556 0.018750
0 0.511111 0.497917 0.024074 0.014583
0 0.485185 0.315625 0.022222 0.013542
0 0.508333 0.487500 0.022222 0.010417
0 0.488889 0.325521 0.020370 0.012500
0 0.991667 0.753646 0.014815 0.036458
0 0.537037 0.476042 0.022222 0.012500
0 0.550000 0.313021 0.020370 0.014583
0 0.996296 0.280208 0.003704 0.015625
0 0.616667 0.490104 0.025926 0.015625
0 0.592593 0.310937 0.022222 0.015625
0 0.889815 0.680729 0.033333 0.019792
0 0.993519 0.692187 0.011111 0.015625
0 0.438889 0.508854 0.025926 0.015625
0 0.450000 0.504167 0.020370 0.012500
0 0.482407 0.284896 0.024074 0.015625
0 0.472222 0.497396 0.024074 0.014583
0 0.669444 0.402083 0.029630 0.017708
0 0.622222 0.418229 0.020370 0.011458
0 1.003704 0.518229 0.003704 0.003125
0 0.978704 0.704688 0.040741 0.018750
0 0.936111 0.729167 0.033333 0.018750
0 0.995370 0.545833 0.020370 0.011458
0 0.987963 0.673438 0.022222 0.013542
0 0.971296 0.729167 0.031481 0.017708
0 0.991667 0.716146 0.014815 0.019792
0 0.995370 0.363021 0.009259 0.014583
0 0.991667 0.311979 0.012963 0.014583
0 0.992593 0.691667 0.012963 0.017708
0 0.995370 0.382812 0.009259 0.012500
0 0.994444 0.742188 0.011111 0.020833
0 0.995370 0.400521 0.009259 0.015625
0 0.993519 0.677083 0.011111 0.015625
0 0.994444 0.595313 0.011111 0.026042
0 0.988889 0.811979 0.018519 0.031250
0 0.989815 0.253125 0.018519 0.010417
0 0.993519 0.275000 0.011111 0.015625
0 0.988889 0.510417 0.022222 0.014583
0 0.990741 0.748958 0.016667 0.022917
0 0.995370 0.718750 0.005556 0.014583
0 0.994444 0.555729 0.009259 0.021875
0 0.994444 0.716667 0.009259 0.014583
0 0.992593 0.776563 0.012963 0.016667
0 0.996296 0.708333 0.005556 0.010417
0 0.999074 0.436458 0.000000 0.000000
0 0.991667 0.601562 0.014815 0.027083
0 0.995370 0.604688 0.009259 0.020833
0 0.992593 0.715104 0.012963 0.018750
0 0.975926 0.482292 0.025926 0.016667
