0 0.837037 0.653125 0.024074 0.015625
0 0.992593 0.574479 0.014815 0.015625
0 0.991667 0.539583 0.031481 0.017708
0 0.996296 0.649479 0.031481 0.014583
0 0.449074 0.453125 0.027778 0.015625
0 0.990741 0.541667 0.016667 0.027083
0 1.010185 0.486458 0.040741 0.031250
0 0.114815 0.399479 0.024074 0.015625
0 0.550000 0.506771 0.024074 0.012500
0 0.128704 0.363542 0.024074 0.012500
0 0.315741 0.667708 0.035185 0.020833
0 0.828704 0.304688 0.024074 0.012500
0 0.309259 0.692708 0.029630 0.017708
0 0.983333 0.674479 0.037037 0.019792
0 0.555556 0.559375 0.024074 0.014583
0 0.367593 0.645833 0.022222 0.012500
0 0.366667 0.660937 0.037037 0.018750
0 1.006481 0.490104 0.029630 0.019792
0 0.946296 0.669792 0.035185 0.020833
0 0.346296 0.692187 0.029630 0.017708
0 0.367593 0.669271 0.025926 0.013542
0 0.849074 0.559896 0.018519 0.011458
0 1.007407 0.672396 0.025926 0.014583
0 0.619444 0.690625 0.025926 0.014583
0 0.449074 0.335417 0.031481 0.017708
0 0.514815 0.279167 0.027778 0.015625
0 0.720370 0.655208 0.042593 0.021875
0 0.992593 0.610417 0.014815 0.020833
0 0.450000 0.355208 0.029630 0.016667
0 0.994444 0.496354 0.020370 0.011458
0 0.751852 0.698438 0.037037 0.021875
0 0.468519 0.371354 0.027778 0.015625
0 0.472222 0.641146 0.029630 0.016667
0 0.994444 0.599479 0.009259 0.023958
0 0.878704 0.530208 0.040741 0.020833
0 0.785185 0.687500 0.046296 0.023958
0 0.993519 0.540104 0.011111 0.017708
0 0.993519 0.515104 0.011111 0.022917
0 0.987037 0.435937 0.020370 0.025000
0 0.915741 0.743750 0.031481 0.016667
0 0.993519 0.707812 0.009259 0.015625
0 0.955556 0.773438 0.027778 0.014583
0 0.994444 0.224479 0.009259 0.019792
0 0.995370 0.503646 0.007407 0.021875
0 0.991667 0.722396 0.016667 0.015625
0 0.857407 0.268750 0.029630 0.019792
0 0.476852 0.481771 0.022222 0.013542
0 0.996296 0.541667 0.024074 0.018750
0 0.750926 0.698438 0.038889 0.022917
0 0.852778 0.695312 0.029630 0.016667
0 0.850000 0.445833 0.037037 0.020833
0 0.532407 0.678125 0.025926 0.016667
0 0.710185 0.772396 0.031481 0.019792
0 0.971296 0.373437 0.044444 0.022917
0 0.994444 0.611458 0.007407 0.023958
0 0.994444 0.257812 0.011111 0.017708
0 0.871296 0.661979 0.035185 0.019792
0 0.986111 0.625000 0.027778 0.021875
0 1.005556 0.505729 0.085185 0.041667
0 0.849074 0.721875 0.033333 0.018750
0 0.992593 0.628646 0.012963 0.025000
0 0.985185 0.395833 0.027778 0.021875
0 0.996296 0.440625 0.005556 0.016667
0 0.981481 0.674479 0.035185 0.020833
0 0.878704 0.781250 0.031481 0.018750
0 0.992593 0.605208 0.012963 0.021875
0 0.993519 0.746354 0.012963 0.023958
0 0.996296 0.394792 0.003704 0.013542
0 0.947222 0.669792 0.035185 0.019792
0 0.861111 0.671875 0.033333 0.017708
0 0.561111 0.683333 0.029630 0.016667
0 1.008333 0.313021 0.037037 0.022917
0 0.994444 0.509375 0.011111 0.017708
0 0.928704 0.780208 0.020370 0.011458
0 0.994444 0.548438 0.009259 0.021875
0 0.579630 0.677604 0.022222 0.013542
0 0.982407 0.679167 0.037037 0.015625
0 0.053704 0.443229 0.025926 0.012500
0 0.169444 0.385937 0.018519 0.009375
0 0.104630 0.368750 0.033333 0.018750
0 0.280556 0.646875 0.029630 0.015625
0 0.103704 0.276042 0.025926 0.015625
0 0.079630 0.457292 0.029630 0.014583
0 0.533333 0.269792 0.027778 0.015625
0 0.068519 0.277083 0.025926 0.015625
0 0.726852 0.783854 0.033333 0.022917
0 0.046296 0.289583 0.024074 0.014583
0 0.032407 0.456250 0.025926 0.012500
0 0.035185 0.279687 0.025926 0.014583
0 0.020370 0.465104 0.025926 0.014583
0 0.643519 0.631250 0.029630 0.018750
0 0.012963 0.275521 0.025926 0.013542
