0 0.100926 0.477083 0.025926 0.013542
0 0.868519 0.585417 0.033333 0.017708
0 0.013889 0.328646 0.027778 0.017708
0 0.707407 0.504687 0.033333 0.016667
0 0.198148 0.691667 0.033333 0.023958
0 0.040741 0.365625 0.027778 0.015625
0 0.045370 0.638542 0.031481 0.017708
0 0.535185 0.580729 0.048148 0.027083
0 0.700926 0.282292 0.029630 0.018750
0 0.342593 0.522396 0.040741 0.021875
0 0.229630 0.681250 0.042593 0.023958
0 0.869444 0.539062 0.035185 0.018750
0 0.583333 0.491146 0.042593 0.023958
0 0.848148 0.391146 0.040741 0.022917
0 0.425000 0.738542 0.029630 0.017708
0 0.668519 0.724479 0.037037 0.020833
0 0.872222 0.394271 0.027778 0.017708
0 0.479630 0.766667 0.025926 0.015625
0 0.571296 0.227083 0.038889 0.022917
0 0.725000 0.551042 0.044444 0.025000
0 0.636111 0.728125 0.031481 0.019792
0 0.440741 0.261979 0.029630 0.018750
0 0.025926 0.349479 0.027778 0.014583
0 0.894444 0.522396 0.033333 0.018750
0 0.671296 0.293229 0.022222 0.013542
0 0.697222 0.527083 0.033333 0.019792
0 0.764815 0.285417 0.020370 0.014583
0 0.126852 0.263021 0.029630 0.014583
0 0.195370 0.692708 0.035185 0.019792
0 0.343519 0.689063 0.029630 0.016667
0 0.297222 0.436979 0.038889 0.020833
0 0.747222 0.496875 0.022222 0.011458
0 0.102778 0.675521 0.025926 0.013542
0 0.260185 0.780208 0.042593 0.025000
0 0.341667 0.363021 0.040741 0.022917
0 0.156481 0.292708 0.031481 0.016667
0 0.872222 0.350521 0.025926 0.014583
0 0.826852 0.587500 0.035185 0.019792
0 0.686111 0.273438 0.038889 0.026042
0 0.318519 0.655208 0.035185 0.018750
0 0.867593 0.583854 0.038889 0.017708
0 0.350926 0.677604 0.027778 0.013542
0 0.700000 0.709375 0.029630 0.016667
0 0.276852 0.646354 0.027778 0.015625
0 0.861111 0.580729 0.031481 0.016667
0 0.744444 0.644271 0.024074 0.014583
0 0.849074 0.569271 0.029630 0.015625
0 0.503704 0.222917 0.024074 0.013542
0 0.297222 0.370833 0.024074 0.009375
0 0.354630 0.547917 0.018519 0.011458
0 0.462963 0.454167 0.035185 0.020833
0 0.132407 0.274479 0.024074 0.011458
0 0.740741 0.298958 0.025926 0.016667
0 0.490741 0.638021 0.027778 0.015625
0 0.675926 0.536979 0.029630 0.017708
0 0.649074 0.558854 0.027778 0.017708
0 0.056481 0.450000 0.025926 0.014583
0 0.849074 0.363542 0.027778 0.013542
0 0.834259 0.546354 0.037037 0.019792
0 0.352778 0.715625 0.031481 0.018750
0 0.711111 0.696875 0.042593 0.025000
0 0.375000 0.386979 0.040741 0.021875
0 0.745370 0.511458 0.037037 0.020833
0 0.441667 0.670312 0.033333 0.019792
0 0.392593 0.776042 0.029630 0.017708
0 0.890741 0.572396 0.031481 0.018750
0 0.582407 0.728125 0.042593 0.019792
0 0.820370 0.443750 0.044444 0.025000
0 0.693519 0.259896 0.031481 0.017708
0 0.420370 0.665625 0.035185 0.018750
0 0.320370 0.666667 0.033333 0.014583
0 0.684259 0.558333 0.031481 0.017708
0 0.126852 0.679688 0.029630 0.015625
0 0.691667 0.582292 0.029630 0.015625
0 0.755556 0.293229 0.031481 0.017708
0 0.815741 0.530208 0.035185 0.021875
0 0.450926 0.773438 0.027778 0.015625
0 0.549074 0.552604 0.038889 0.021875
0 0.891667 0.551562 0.031481 0.017708
0 0.276852 0.369792 0.025926 0.012500
0 0.165741 0.649479 0.037037 0.017708
