0 0.850000 0.660417 0.031481 0.021875
0 0.020370 0.405208 0.025926 0.014583
0 0.467593 0.505208 0.022222 0.011458
0 0.029630 0.369271 0.025926 0.012500
0 0.220370 0.673438 0.035185 0.019792
0 0.719444 0.295312 0.024074 0.013542
0 0.220370 0.698438 0.031481 0.018750
0 0.883333 0.665104 0.040741 0.025000
0 0.470370 0.558333 0.024074 0.013542
0 0.273148 0.650000 0.024074 0.012500
0 0.272222 0.665104 0.037037 0.020833
0 1.007407 0.460417 0.029630 0.018750
0 0.076852 0.391146 0.020370 0.011458
0 0.258333 0.696875 0.029630 0.017708
0 0.276852 0.673438 0.027778 0.014583
0 0.743519 0.553125 0.020370 0.011458
0 0.916667 0.661458 0.025926 0.014583
0 0.540741 0.687500 0.027778 0.013542
0 0.344444 0.335417 0.031481 0.017708
0 0.414815 0.276562 0.025926 0.015625
0 0.623148 0.650521 0.042593 0.020833
0 0.000000 0.000000 0.000000 0.000000
0 0.991667 0.594271 0.012963 0.020833
0 0.347222 0.354687 0.029630 0.016667
0 1.000000 0.490104 0.020370 0.012500
0 0.656481 0.693750 0.037037 0.022917
0 0.367593 0.370312 0.027778 0.014583
0 0.387963 0.642708 0.031481 0.016667
0 0.980556 0.577604 0.038889 0.026042
0 0.004630 0.281250 0.009259 0.016667
0 0.189815 0.655208 0.025926 0.014583
0 0.006481 0.374479 0.012963 0.017708
0 0.992593 0.541146 0.011111 0.017708
0 0.987963 0.403646 0.020370 0.023958
0 0.827778 0.733854 0.031481 0.017708
0 0.993519 0.713021 0.011111 0.016667
0 0.871296 0.761979 0.025926 0.015625
0 0.994444 0.225521 0.009259 0.019792
0 0.995370 0.524479 0.007407 0.020833
0 0.991667 0.727083 0.016667 0.015625
0 0.728704 0.262500 0.029630 0.019792
0 0.389815 0.481250 0.024074 0.013542
0 0.997222 0.520833 0.024074 0.018750
0 0.572222 0.273958 0.033333 0.020833
0 0.656481 0.693229 0.038889 0.022917
0 0.760185 0.687500 0.029630 0.017708
0 0.995370 0.283333 0.029630 0.015625
0 0.737963 0.438542 0.037037 0.020833
0 0.450926 0.677604 0.027778 0.015625
0 0.657407 0.781250 0.033333 0.021875
0 0.844444 0.365104 0.042593 0.023958
0 0.987037 0.340104 0.029630 0.017708
0 0.994444 0.603646 0.007407 0.022917
0 0.985185 0.267708 0.027778 0.020833
0 0.771296 0.654167 0.037037 0.018750
0 0.985185 0.595833 0.027778 0.021875
0 1.006481 0.505729 0.070370 0.034375
0 0.760185 0.713542 0.033333 0.018750
0 0.993519 0.653646 0.011111 0.022917
0 0.869444 0.386979 0.044444 0.021875
0 0.996296 0.454167 0.005556 0.016667
0 0.845370 0.769792 0.022222 0.012500
0 0.994444 0.525000 0.011111 0.018750
0 1.006481 0.291667 0.029630 0.017708
0 1.009259 0.568750 0.035185 0.021875
0 0.479630 0.682292 0.029630 0.015625
0 1.006481 0.519792 0.031481 0.022917
0 0.764815 0.664583 0.035185 0.015625
0 0.849074 0.659896 0.038889 0.021875
0 1.003704 0.282292 0.027778 0.016667
0 0.996296 0.401042 0.005556 0.014583
0 0.884259 0.664583 0.040741 0.022917
0 0.793519 0.771875 0.031481 0.018750
0 0.993519 0.601042 0.012963 0.021875
0 0.992593 0.719271 0.011111 0.022917
0 0.773148 0.522396 0.040741 0.021875
0 0.688889 0.680729 0.048148 0.023958
0 0.993519 0.500000 0.011111 0.021875
0 0.990741 0.536979 0.016667 0.026042
0 0.357407 0.453646 0.027778 0.016667
0 0.954630 0.633854 0.029630 0.013542
0 1.003704 0.296354 0.024074 0.015625
0 0.750000 0.541146 0.025926 0.014583
0 0.992593 0.542188 0.031481 0.018750
0 0.991667 0.576042 0.014815 0.017708
0 0.736111 0.646875 0.024074 0.016667
0 0.990741 0.686979 0.035185 0.020833
0 0.498148 0.676042 0.020370 0.012500
0 0.996296 0.543750 0.009259 0.023958
