0 0.594444 0.724479 0.033333 0.018750
0 0.905556 0.735417 0.035185 0.017708
0 0.616667 0.260417 0.029630 0.018750
0 0.267593 0.480208 0.025926 0.013542
0 0.922222 0.529167 0.035185 0.018750
0 0.974074 0.289583 0.018519 0.014583
0 0.368519 0.267708 0.029630 0.017708
0 0.466667 0.703646 0.037037 0.021875
0 0.590741 0.697917 0.029630 0.018750
0 0.561111 0.441667 0.038889 0.021875
0 0.301852 0.682813 0.025926 0.015625
0 0.489815 0.790625 0.038889 0.020833
0 0.646296 0.366667 0.042593 0.025000
0 0.397222 0.290104 0.025926 0.013542
0 0.987963 0.338542 0.029630 0.017708
0 0.995370 0.596354 0.007407 0.021875
0 0.966667 0.273958 0.037037 0.025000
0 0.587037 0.664062 0.037037 0.019792
0 0.986111 0.592708 0.025926 0.019792
0 0.990741 0.508333 0.046296 0.022917
0 0.975926 0.703125 0.040741 0.022917
0 0.675000 0.390104 0.044444 0.022917
0 0.996296 0.509375 0.007407 0.019792
0 0.702778 0.677083 0.040741 0.021875
0 0.629630 0.784375 0.029630 0.018750
0 0.993519 0.587500 0.012963 0.019792
0 0.863889 0.735417 0.044444 0.020833
0 0.995370 0.432292 0.005556 0.016667
0 0.976852 0.260937 0.027778 0.015625
0 0.676852 0.670833 0.031481 0.020833
0 0.583333 0.675000 0.035185 0.014583
0 0.916667 0.559896 0.025926 0.019792
0 0.328704 0.688021 0.029630 0.016667
0 0.937963 0.584375 0.025926 0.016667
0 0.962963 0.291667 0.024074 0.014583
0 0.993519 0.529167 0.011111 0.019792
0 0.684259 0.782292 0.025926 0.013542
0 0.841667 0.559375 0.040741 0.022917
0 0.347222 0.682292 0.020370 0.013542
0 0.947222 0.714063 0.025926 0.014583
0 0.547222 0.656771 0.027778 0.016667
0 0.990741 0.583333 0.016667 0.019792
0 1.009259 0.650000 0.027778 0.015625
0 0.991667 0.552604 0.033333 0.019792
0 0.583333 0.545833 0.029630 0.015625
0 0.249074 0.309375 0.018519 0.009375
0 0.958333 0.294792 0.022222 0.014583
0 0.768519 0.644271 0.035185 0.015625
0 0.903704 0.540625 0.022222 0.013542
0 0.229630 0.452604 0.027778 0.015625
0 0.987963 0.555208 0.024074 0.023958
0 0.036111 0.677083 0.037037 0.019792
0 0.624074 0.294271 0.024074 0.011458
0 0.049074 0.702083 0.037037 0.019792
0 0.700926 0.675000 0.031481 0.020833
0 0.333333 0.559896 0.025926 0.014583
0 0.094444 0.653125 0.025926 0.014583
0 0.089815 0.668229 0.037037 0.019792
0 0.978704 0.445312 0.029630 0.019792
0 0.676852 0.670312 0.033333 0.019792
0 0.088889 0.701042 0.031481 0.018750
0 0.112037 0.675521 0.031481 0.017708
0 0.596296 0.560937 0.022222 0.013542
0 0.761111 0.671354 0.035185 0.018750
0 0.400000 0.693750 0.027778 0.014583
0 0.202778 0.329688 0.035185 0.017708
0 0.267593 0.260417 0.018519 0.019792
0 0.432407 0.658854 0.038889 0.020833
0 -0.075926 0.337500 0.000000 0.000000
0 0.991667 0.595833 0.012963 0.019792
0 0.212963 0.350000 0.029630 0.014583
0 0.943519 0.495312 0.022222 0.012500
0 0.465741 0.704167 0.037037 0.021875
0 0.229630 0.366667 0.029630 0.015625
0 0.239815 0.645833 0.031481 0.017708
0 0.810185 0.587500 0.050000 0.027083
0 0.970370 0.282813 0.031481 0.015625
0 0.600000 0.527604 0.040741 0.021875
0 0.498148 0.690625 0.042593 0.022917
0 0.993519 0.550000 0.012963 0.019792
0 0.894444 0.497396 0.046296 0.023958
0 0.987963 0.396875 0.018519 0.022917
0 0.665741 0.745833 0.031481 0.017708
0 0.939815 0.732292 0.035185 0.020833
0 0.999074 0.383333 0.031481 0.021875
0 0.712963 0.775000 0.025926 0.017708
0 0.851852 0.226042 0.040741 0.023958
0 0.990741 0.555208 0.029630 0.025000
