0 0.112037 0.494271 0.024074 0.014583
0 0.134259 0.268750 0.025926 0.015625
0 0.001852 0.555208 0.003704 0.013542
0 0.231481 0.478646 0.022222 0.013542
0 0.071296 0.503125 0.022222 0.012500
0 0.059259 0.557813 0.024074 0.010417
0 0.854630 0.384375 0.029630 0.015625
0 0.200926 0.296875 0.020370 0.011458
0 0.059259 0.566146 0.025926 0.016667
0 0.185185 0.286458 0.025926 0.012500
0 0.948148 0.622917 0.031481 0.019792
0 0.900000 0.536458 0.024074 0.011458
0 0.084259 0.498437 0.031481 0.015625
0 0.728704 0.518750 0.022222 0.011458
0 0.133333 0.471875 0.022222 0.011458
0 0.075000 0.567187 0.024074 0.013542
0 0.965741 0.693229 0.024074 0.014583
0 0.097222 0.502083 0.024074 0.013542
0 0.860185 0.641667 0.037037 0.019792
0 0.144444 0.486458 0.024074 0.014583
0 0.145370 0.295833 0.024074 0.014583
0 0.182407 0.486458 0.025926 0.014583
0 0.168519 0.300000 0.024074 0.013542
0 0.994444 0.259375 0.009259 0.014583
0 0.994444 0.660417 0.011111 0.019792
0 0.993519 0.719792 0.009259 0.018750
0 0.993519 0.414583 0.012963 0.023958
0 0.994444 0.626042 0.007407 0.019792
0 0.993519 0.775521 0.011111 0.018750
0 0.992593 0.756771 0.012963 0.026042
0 0.991667 0.664583 0.016667 0.026042
0 0.995370 0.642708 0.005556 0.010417
0 0.775000 0.695833 0.033333 0.017708
0 0.992593 0.540104 0.012963 0.026042
0 0.998148 0.680208 0.033333 0.014583
0 1.000926 0.677083 0.022222 0.015625
0 0.995370 0.642188 0.031481 0.014583
0 0.621296 0.465104 0.027778 0.015625
0 0.674074 0.655208 0.031481 0.017708
0 0.287037 0.388021 0.029630 0.018750
0 0.309259 0.404687 0.020370 0.010417
0 0.268519 0.419271 0.016667 0.009375
0 0.710185 0.516146 0.020370 0.012500
0 0.294444 0.380729 0.018519 0.010417
0 0.548148 0.685937 0.035185 0.020833
0 0.983333 0.294792 0.022222 0.011458
0 0.531481 0.711458 0.031481 0.018750
0 0.992593 0.684375 0.014815 0.028125
0 0.750000 0.569271 0.025926 0.013542
0 0.602778 0.663021 0.018519 0.010417
0 0.600926 0.678125 0.033333 0.018750
0 0.997222 0.685417 0.014815 0.023958
0 0.566667 0.709896 0.029630 0.017708
0 0.597222 0.685937 0.022222 0.011458
0 1.069444 0.595833 0.220370 0.125000
0 0.825000 0.702083 0.027778 0.014583
0 0.628704 0.345313 0.029630 0.017708
0 0.674074 0.286979 0.029630 0.015625
0 0.981481 0.665625 0.037037 0.020833
0 0.626852 0.364063 0.025926 0.013542
0 0.993519 0.703646 0.011111 0.021875
0 0.650000 0.381250 0.029630 0.014583
0 0.494444 0.665104 0.031481 0.018750
0 0.994444 0.640104 0.009259 0.025000
0 0.993519 0.542188 0.011111 0.018750
0 0.992593 0.707812 0.014815 0.022917
0 0.992593 0.534375 0.011111 0.021875
0 0.989815 0.751042 0.016667 0.017708
0 0.989815 0.770833 0.014815 0.008333
0 1.004630 0.232813 0.020370 0.011458
0 0.991667 0.733854 0.014815 0.014583
0 0.988889 0.269271 0.020370 0.019792
0 0.647222 0.492708 0.024074 0.013542
0 0.997222 0.525521 0.022222 0.017708
0 0.994444 0.715104 0.016667 0.022917
0 0.992593 0.707812 0.014815 0.018750
0 0.994444 0.453646 0.009259 0.021875
0 0.742593 0.691146 0.029630 0.016667
0 0.946296 0.784896 0.033333 0.019792
0 0.994444 0.381250 0.009259 0.023958
0 0.200000 0.478646 0.027778 0.013542
0 0.177778 0.310417 0.024074 0.013542
0 0.973148 0.796354 0.046296 0.026042
0 0.212037 0.463542 0.025926 0.013542
0 0.217593 0.296354 0.027778 0.014583
0 0.703704 0.277604 0.027778 0.014583
0 0.256481 0.477604 0.029630 0.016667
0 0.252778 0.295312 0.025926 0.014583
