0 0.991667 0.552604 0.035185 0.019792
0 0.993519 0.586458 0.012963 0.020833
0 0.856481 0.734375 0.044444 0.020833
0 0.995370 0.432812 0.005556 0.016667
0 0.972222 0.258854 0.027778 0.015625
0 0.670370 0.669271 0.033333 0.020833
0 0.575926 0.673438 0.035185 0.015625
0 0.910185 0.558854 0.025926 0.019792
0 0.323148 0.686458 0.029630 0.016667
0 0.932407 0.583333 0.025926 0.016667
0 0.959259 0.290104 0.024074 0.015625
0 0.992593 0.524479 0.011111 0.019792
0 0.677778 0.781250 0.024074 0.014583
0 0.836111 0.558333 0.042593 0.022917
0 0.341667 0.680729 0.020370 0.012500
0 0.941667 0.713021 0.025926 0.014583
0 0.539815 0.655729 0.025926 0.016667
0 0.990741 0.582292 0.016667 0.019792
0 1.008333 0.649479 0.025926 0.015625
0 0.576852 0.544792 0.027778 0.015625
0 0.243519 0.308333 0.018519 0.009375
0 0.953704 0.292708 0.022222 0.014583
0 0.762037 0.643750 0.035185 0.016667
0 0.898148 0.539583 0.022222 0.013542
0 0.224074 0.451042 0.027778 0.015625
0 0.985185 0.554167 0.027778 0.025000
0 0.591667 0.559896 0.024074 0.013542
0 0.029630 0.675521 0.037037 0.020833
0 0.622222 0.291667 0.024074 0.012500
0 0.042593 0.700521 0.035185 0.019792
0 0.694444 0.673958 0.031481 0.020833
0 0.327778 0.558333 0.027778 0.014583
0 0.087963 0.652083 0.027778 0.015625
0 0.082407 0.667188 0.038889 0.018750
0 0.975000 0.443229 0.031481 0.019792
0 0.670370 0.669271 0.031481 0.019792
0 0.082407 0.699479 0.033333 0.018750
0 0.106481 0.673958 0.031481 0.017708
0 0.754630 0.670312 0.035185 0.018750
0 0.394444 0.692187 0.027778 0.015625
0 0.197222 0.328646 0.035185 0.017708
0 0.260185 0.258854 0.018519 0.019792
0 0.424074 0.657292 0.038889 0.021875
0 -0.075926 0.337500 0.000000 0.000000
0 0.991667 0.594271 0.012963 0.019792
0 0.206481 0.348958 0.031481 0.015625
0 0.939815 0.494271 0.022222 0.012500
0 0.458333 0.702604 0.037037 0.021875
0 0.224074 0.365625 0.029630 0.015625
0 0.235185 0.644271 0.031481 0.017708
0 0.804630 0.585938 0.050000 0.027083
0 0.966667 0.280729 0.031481 0.015625
0 0.593519 0.527083 0.040741 0.022917
0 0.491667 0.689583 0.044444 0.022917
0 0.992593 0.550521 0.012963 0.019792
0 0.888889 0.496875 0.046296 0.025000
0 0.987963 0.391667 0.018519 0.022917
0 0.660185 0.744271 0.031481 0.016667
0 0.934259 0.730729 0.037037 0.019792
0 1.000000 0.381771 0.031481 0.021875
0 0.707407 0.773438 0.025926 0.016667
0 0.847222 0.223438 0.040741 0.023958
0 0.986111 0.553125 0.029630 0.023958
0 0.900000 0.734375 0.035185 0.017708
0 0.612963 0.258333 0.029630 0.018750
0 0.262963 0.479167 0.025926 0.014583
0 0.918519 0.528125 0.035185 0.018750
0 0.974074 0.287500 0.018519 0.014583
0 0.361111 0.266146 0.029630 0.017708
0 0.460185 0.702604 0.038889 0.021875
0 0.584259 0.696354 0.031481 0.017708
0 0.553704 0.440104 0.037037 0.020833
0 0.295370 0.681250 0.024074 0.016667
0 0.483333 0.789583 0.038889 0.020833
0 0.639815 0.365104 0.042593 0.025000
0 0.390741 0.288021 0.025926 0.013542
0 0.984259 0.336979 0.029630 0.017708
0 0.995370 0.595833 0.007407 0.021875
0 0.962037 0.271875 0.038889 0.026042
0 0.580556 0.663021 0.037037 0.020833
0 0.986111 0.591667 0.025926 0.019792
0 0.983333 0.506771 0.042593 0.020833
0 0.587963 0.722917 0.031481 0.017708
0 0.971296 0.702604 0.040741 0.025000
0 0.668519 0.388542 0.046296 0.022917
0 0.995370 0.507812 0.005556 0.020833
0 0.694444 0.675000 0.038889 0.020833
0 0.624074 0.783333 0.031481 0.018750
