0 0.996296 0.675521 0.007407 0.017708
0 1.000926 0.666146 0.018519 0.015625
0 0.473148 0.315104 0.029630 0.018750
0 0.516667 0.309896 0.031481 0.019792
0 0.576852 0.711458 0.025926 0.017708
0 0.518519 0.296354 0.024074 0.015625
0 0.731481 0.396354 0.020370 0.011458
0 0.480556 0.570312 0.022222 0.014583
0 0.669444 0.492188 0.022222 0.013542
0 0.567593 0.513021 0.025926 0.015625
0 0.644444 0.309896 0.024074 0.014583
0 0.554630 0.577604 0.025926 0.014583
0 0.635185 0.301563 0.025926 0.015625
0 0.594444 0.509896 0.025926 0.016667
0 0.993519 0.526042 0.009259 0.011458
0 0.614815 0.484896 0.022222 0.012500
0 0.555556 0.578125 0.025926 0.014583
0 0.595370 0.510417 0.025926 0.016667
0 0.603704 0.506250 0.016667 0.010417
0 0.626852 0.281771 0.025926 0.015625
0 0.612037 0.498958 0.024074 0.014583
0 0.590741 0.309375 0.025926 0.015625
0 0.652778 0.498958 0.024074 0.014583
0 0.611111 0.313542 0.020370 0.013542
0 0.643519 0.488021 0.022222 0.012500
0 0.611111 0.324479 0.020370 0.013542
0 0.678704 0.476042 0.024074 0.011458
0 0.691667 0.309896 0.024074 0.015625
0 0.997222 0.267708 0.005556 0.015625
0 0.784259 0.491146 0.027778 0.015625
0 0.736111 0.308333 0.024074 0.015625
0 0.990741 0.681771 0.018519 0.020833
0 0.849074 0.401042 0.033333 0.018750
0 0.789815 0.428125 0.020370 0.011458
0 0.997222 0.507292 0.003704 0.017708
0 0.990741 0.676562 0.014815 0.016667
0 0.997222 0.703646 0.003704 0.016667
0 0.989815 0.668229 0.018519 0.011458
0 0.995370 0.737500 0.005556 0.017708
0 0.993519 0.683333 0.011111 0.018750
0 0.995370 0.349479 0.009259 0.014583
0 0.992593 0.341667 0.011111 0.013542
0 0.994444 0.661979 0.009259 0.013542
0 0.986111 0.384896 0.009259 0.013542
0 0.995370 0.392708 0.007407 0.013542
0 0.993519 0.679167 0.009259 0.016667
0 0.996296 0.468229 0.007407 0.020833
0 0.996296 0.701042 0.005556 0.013542
0 0.994444 0.708333 0.007407 0.013542
0 0.999074 0.435937 0.000000 0.000000
0 0.991667 0.710417 0.012963 0.016667
0 0.029630 0.681250 0.035185 0.021875
0 0.019444 0.586979 0.012963 0.016667
0 0.027778 0.702083 0.033333 0.018750
0 0.018519 0.459896 0.037037 0.027083
0 0.022222 0.557292 0.025926 0.012500
0 0.053704 0.717708 0.038889 0.021875
0 0.076852 0.640625 0.033333 0.017708
0 0.057407 0.727083 0.033333 0.016667
0 0.395370 0.347396 0.025926 0.015625
0 0.096296 0.290104 0.033333 0.017708
0 0.100926 0.734896 0.037037 0.019792
0 0.195370 0.596875 0.020370 0.010417
0 0.493519 0.311979 0.025926 0.017708
0 0.148148 0.698438 0.037037 0.018750
0 0.990741 0.461979 0.016667 0.011458
0 0.235185 0.508333 0.031481 0.017708
0 0.710185 0.308854 0.024074 0.014583
0 0.239815 0.484375 0.029630 0.016667
0 0.996296 0.646875 0.024074 0.017708
0 0.456481 0.309896 0.027778 0.018750
0 0.500926 0.578125 0.024074 0.014583
0 0.675000 0.188021 0.011111 0.007292
0 0.690741 0.309896 0.022222 0.015625
0 0.993519 0.321875 0.011111 0.010417
0 0.484259 0.353125 0.027778 0.014583
0 0.380556 0.711979 0.027778 0.015625
0 0.440741 0.552083 0.027778 0.017708
0 0.995370 0.563542 0.005556 0.012500
0 0.996296 0.480729 0.003704 0.010417
