0 0.795370 0.514062 0.033333 0.019792
0 0.762963 0.291146 0.031481 0.015625
0 0.626852 0.594792 0.046296 0.028125
0 0.089815 0.663542 0.033333 0.018750
0 0.066667 0.381771 0.031481 0.015625
0 0.287037 0.718750 0.035185 0.023958
0 0.045370 0.366146 0.031481 0.015625
0 0.942593 0.591146 0.033333 0.018750
0 -0.075926 0.337500 0.000000 0.000000
0 0.252778 0.674479 0.033333 0.019792
0 0.045370 0.273958 0.016667 0.017708
0 0.035185 0.344792 0.037037 0.017708
0 0.260185 0.708333 0.029630 0.015625
0 0.603704 0.680208 0.031481 0.020833
0 0.686111 0.742708 0.042593 0.023958
0 0.421296 0.538542 0.038889 0.022917
0 0.323148 0.706250 0.040741 0.025000
0 0.949074 0.544792 0.033333 0.018750
0 0.687037 0.504167 0.042593 0.025000
0 0.944444 0.397396 0.040741 0.022917
0 0.508333 0.756250 0.031481 0.016667
0 0.766667 0.736458 0.035185 0.020833
0 0.964815 0.399479 0.027778 0.019792
0 0.561111 0.783333 0.024074 0.015625
0 0.643519 0.236458 0.040741 0.023958
0 0.812963 0.559375 0.044444 0.023958
0 0.734259 0.740625 0.031481 0.019792
0 0.457407 0.271875 0.031481 0.019792
0 0.122222 0.495312 0.025926 0.013542
0 0.758333 0.534375 0.029630 0.017708
0 0.790741 0.291146 0.018519 0.014583
0 0.153704 0.279167 0.027778 0.016667
0 0.288889 0.719271 0.033333 0.021875
0 0.425926 0.708854 0.031481 0.018750
0 0.373148 0.452604 0.037037 0.020833
0 0.837037 0.505208 0.020370 0.010417
0 0.152778 0.700521 0.029630 0.015625
0 0.337037 0.804688 0.044444 0.022917
0 0.435185 0.376563 0.042593 0.023958
0 0.224074 0.300521 0.027778 0.014583
0 0.914815 0.357812 0.029630 0.016667
0 0.895370 0.593229 0.035185 0.019792
0 0.759259 0.282292 0.042593 0.026042
0 0.411111 0.675521 0.037037 0.019792
0 0.939815 0.590104 0.035185 0.018750
0 0.976852 0.527604 0.035185 0.018750
0 0.435185 0.736458 0.033333 0.018750
0 0.802778 0.707292 0.040741 0.023958
0 0.466667 0.400521 0.038889 0.022917
0 0.838889 0.519792 0.037037 0.021875
0 0.534259 0.688021 0.033333 0.019792
0 0.475926 0.796354 0.031481 0.017708
0 0.960185 0.577083 0.031481 0.019792
0 0.765741 0.269792 0.029630 0.016667
0 0.516667 0.682292 0.037037 0.019792
0 0.410185 0.686979 0.033333 0.015625
0 0.744444 0.566667 0.031481 0.017708
0 0.178704 0.704688 0.033333 0.017708
0 0.756481 0.590104 0.024074 0.015625
0 0.782407 0.298958 0.029630 0.018750
0 0.900926 0.536458 0.038889 0.019792
0 0.531481 0.791667 0.027778 0.015625
0 0.648148 0.566667 0.038889 0.022917
0 0.199074 0.700000 0.022222 0.013542
0 0.769444 0.719271 0.025926 0.014583
0 0.368519 0.668750 0.027778 0.016667
0 0.926852 0.586458 0.031481 0.018750
0 0.835185 0.654167 0.025926 0.014583
0 0.909259 0.573438 0.029630 0.017708
0 0.425000 0.557292 0.027778 0.015625
0 0.537037 0.467708 0.040741 0.023958
0 0.157407 0.301563 0.020370 0.010417
0 0.763889 0.303125 0.025926 0.016667
0 0.589815 0.653125 0.029630 0.017708
0 0.734259 0.545312 0.029630 0.016667
0 0.723148 0.568229 0.025926 0.016667
0 0.076852 0.468229 0.025926 0.014583
0 0.900000 0.378125 0.027778 0.013542
0 0.919444 0.552604 0.037037 0.019792
0 0.915741 0.450000 0.044444 0.025000
