0 0.836111 0.566146 0.037037 0.019792
0 0.139815 0.301042 0.022222 0.010417
0 0.462963 0.475521 0.038889 0.022917
0 0.363889 0.564583 0.027778 0.015625
0 0.307407 0.390625 0.022222 0.008333
0 0.474074 0.242708 0.024074 0.012500
0 0.839815 0.588021 0.029630 0.015625
0 0.746296 0.664583 0.025926 0.014583
0 0.849074 0.598958 0.029630 0.017708
0 0.278704 0.673958 0.027778 0.015625
0 0.838889 0.384375 0.027778 0.013542
0 0.020370 0.470313 0.027778 0.014583
0 0.641667 0.577604 0.027778 0.016667
0 0.663889 0.556250 0.029630 0.016667
0 0.500000 0.661458 0.027778 0.015625
0 0.712037 0.317188 0.024074 0.016667
0 0.686111 0.730208 0.025926 0.015625
0 0.012963 0.383333 0.025926 0.016667
0 0.247222 0.811458 0.042593 0.023958
0 0.073148 0.703646 0.031481 0.014583
0 0.752778 0.517708 0.020370 0.010417
0 0.298148 0.457813 0.037037 0.020833
0 0.339815 0.715104 0.031481 0.018750
0 0.194444 0.722917 0.033333 0.022917
0 0.096296 0.279687 0.027778 0.016667
0 0.737963 0.305729 0.018519 0.014583
0 0.686111 0.545833 0.031481 0.017708
0 0.675926 0.314583 0.022222 0.013542
0 0.063889 0.497917 0.027778 0.014583
0 0.412037 0.281771 0.029630 0.018750
0 0.642593 0.751042 0.031481 0.019792
0 0.729630 0.571354 0.044444 0.025000
0 0.575926 0.248958 0.038889 0.022917
0 0.473148 0.792708 0.029630 0.018750
0 0.876852 0.414062 0.027778 0.019792
0 0.674074 0.747396 0.033333 0.020833
0 0.420370 0.765104 0.031481 0.017708
0 0.858333 0.411979 0.040741 0.021875
0 0.599074 0.514062 0.042593 0.025000
0 0.866667 0.558333 0.033333 0.018750
0 0.229630 0.710417 0.042593 0.025000
0 0.342593 0.544792 0.038889 0.022917
0 0.693519 0.305208 0.031481 0.015625
0 0.542593 0.603125 0.048148 0.028125
0 0.015741 0.665625 0.031481 0.018750
0 0.201852 0.720833 0.038889 0.028125
0 0.712963 0.526042 0.031481 0.018750
0 0.009259 0.340625 0.018519 0.018750
0 0.861111 0.603646 0.035185 0.019792
0 -0.072222 0.339062 0.001852 0.001042
0 0.161111 0.678125 0.037037 0.018750
0 0.013889 0.288021 0.016667 0.017708
0 0.817593 0.606250 0.033333 0.019792
0 0.355556 0.383333 0.040741 0.022917
0 0.175926 0.306771 0.029630 0.015625
0 0.847222 0.371875 0.029630 0.017708
0 0.689815 0.295833 0.040741 0.026042
0 0.321296 0.681771 0.038889 0.019792
0 0.861111 0.604167 0.037037 0.018750
0 0.893519 0.542188 0.031481 0.019792
0 0.347222 0.742708 0.033333 0.018750
0 0.713889 0.718750 0.042593 0.025000
0 0.386111 0.407292 0.040741 0.021875
0 0.753704 0.531771 0.035185 0.020833
0 0.444444 0.695312 0.037037 0.019792
0 0.387037 0.804167 0.031481 0.019792
0 0.882407 0.591146 0.033333 0.018750
0 0.592593 0.752604 0.042593 0.021875
0 0.829630 0.463542 0.042593 0.025000
0 0.695370 0.283333 0.031481 0.016667
0 0.425926 0.690625 0.035185 0.019792
0 0.321296 0.693229 0.033333 0.014583
0 0.672222 0.577604 0.029630 0.016667
0 0.100926 0.708333 0.031481 0.016667
0 0.675000 0.601562 0.024074 0.015625
0 0.729630 0.313021 0.029630 0.017708
0 0.817593 0.549479 0.037037 0.020833
0 0.442593 0.799479 0.029630 0.016667
0 0.559259 0.575000 0.040741 0.021875
0 0.881481 0.570312 0.029630 0.016667
0 0.262963 0.389583 0.027778 0.012500
0 0.123148 0.703646 0.024074 0.013542
0 0.345370 0.704167 0.022222 0.011458
