0 1.005556 0.281771 0.027778 0.017708
0 0.993519 0.543750 0.012963 0.021875
0 0.482407 0.670833 0.020370 0.012500
0 1.000926 0.687500 0.035185 0.020833
0 0.993519 0.527604 0.011111 0.018750
0 0.716667 0.641667 0.024074 0.016667
0 0.991667 0.573958 0.014815 0.018750
0 0.992593 0.535417 0.031481 0.017708
0 0.732407 0.535417 0.025926 0.014583
0 1.002778 0.296354 0.022222 0.015625
0 0.933333 0.629167 0.029630 0.014583
0 0.344444 0.447396 0.027778 0.015625
0 0.828704 0.765104 0.022222 0.013542
0 0.990741 0.540104 0.016667 0.025000
0 1.005556 0.538021 0.029630 0.021875
0 0.463889 0.677083 0.029630 0.015625
0 1.007407 0.561979 0.031481 0.020833
0 0.000000 0.000000 0.000000 0.000000
0 0.327778 0.327604 0.031481 0.017708
0 0.526852 0.682292 0.025926 0.013542
0 0.897222 0.656250 0.025926 0.014583
0 0.723148 0.547396 0.020370 0.011458
0 0.261111 0.667708 0.027778 0.014583
0 0.240741 0.691146 0.029630 0.017708
0 0.831481 0.655208 0.031481 0.020833
0 1.006481 0.458854 0.029630 0.018750
0 0.252778 0.659896 0.037037 0.019792
0 0.253704 0.644792 0.024074 0.012500
0 0.456481 0.552604 0.024074 0.013542
0 0.863889 0.660417 0.038889 0.023958
0 0.203704 0.693229 0.033333 0.017708
0 0.707407 0.286979 0.024074 0.013542
0 0.201852 0.668229 0.035185 0.020833
0 0.015741 0.362500 0.025926 0.012500
0 0.455556 0.500000 0.020370 0.012500
0 0.011111 0.398958 0.022222 0.015625
0 0.064815 0.384375 0.018519 0.010417
0 0.637037 0.688542 0.037037 0.022917
0 0.742593 0.682813 0.029630 0.017708
0 0.718519 0.432292 0.037037 0.020833
0 0.435185 0.672917 0.025926 0.016667
0 0.639815 0.776563 0.033333 0.021875
0 0.821296 0.357292 0.042593 0.023958
0 0.987037 0.337500 0.029630 0.016667
0 0.995370 0.598437 0.007407 0.022917
0 0.975926 0.258333 0.038889 0.018750
0 0.751852 0.649479 0.035185 0.018750
0 0.985185 0.590625 0.027778 0.021875
0 1.003704 0.503646 0.068519 0.034375
0 0.744444 0.708854 0.031481 0.018750
0 0.993519 0.656250 0.011111 0.021875
0 0.847222 0.379688 0.042593 0.021875
0 0.996296 0.466667 0.005556 0.017708
0 0.863889 0.659896 0.038889 0.022917
0 0.777778 0.767188 0.031481 0.018750
0 0.993519 0.598958 0.012963 0.021875
0 0.993519 0.711979 0.011111 0.021875
0 0.996296 0.402604 0.005556 0.014583
0 0.547222 0.265104 0.033333 0.019792
0 1.004630 0.273958 0.029630 0.016667
0 0.830556 0.655208 0.037037 0.020833
0 0.745370 0.659896 0.033333 0.015625
0 0.402778 0.267188 0.029630 0.015625
0 0.996296 0.520312 0.024074 0.018750
0 0.377778 0.475000 0.024074 0.013542
0 0.713889 0.255208 0.029630 0.017708
0 0.990741 0.723437 0.016667 0.015625
0 0.995370 0.526042 0.007407 0.020833
0 0.989815 0.218229 0.020370 0.022917
0 0.856481 0.757292 0.027778 0.015625
0 1.000926 0.358333 0.033333 0.023958
0 0.993519 0.708333 0.011111 0.017708
0 0.811111 0.729167 0.031481 0.016667
0 0.988889 0.392708 0.020370 0.022917
0 0.992593 0.493750 0.011111 0.022917
0 0.992593 0.539583 0.011111 0.017708
0 0.668519 0.676042 0.044444 0.023958
0 0.753704 0.516667 0.038889 0.021875
0 0.989815 0.273958 0.031481 0.015625
0 0.966667 0.571875 0.048148 0.026042
0 0.373148 0.636979 0.029630 0.016667
0 0.352778 0.363542 0.027778 0.015625
0 0.637037 0.688021 0.037037 0.022917
0 0.995370 0.485938 0.022222 0.011458
0 0.335185 0.347396 0.033333 0.015625
0 0.991667 0.590625 0.014815 0.019792
0 0.602778 0.645312 0.044444 0.021875
