0 0.476852 0.690625 0.033333 0.019792
0 0.202778 0.305729 0.027778 0.015625
0 0.885185 0.369271 0.029630 0.016667
0 0.860185 0.603646 0.033333 0.019792
0 0.727778 0.293229 0.040741 0.026042
0 0.370370 0.681771 0.037037 0.019792
0 0.903704 0.601562 0.035185 0.019792
0 0.938889 0.539062 0.035185 0.018750
0 0.394444 0.743229 0.031481 0.019792
0 0.762037 0.717187 0.044444 0.026042
0 0.429630 0.407292 0.042593 0.021875
0 0.799074 0.530208 0.037037 0.020833
0 0.492593 0.695312 0.035185 0.019792
0 0.435185 0.804167 0.031481 0.019792
0 0.924074 0.588542 0.031481 0.018750
0 0.643519 0.751563 0.042593 0.020833
0 0.876852 0.461458 0.042593 0.023958
0 0.734259 0.280729 0.029630 0.016667
0 0.370370 0.694271 0.035185 0.015625
0 0.712037 0.575521 0.029630 0.018750
0 0.144444 0.709896 0.031481 0.016667
0 0.720370 0.598958 0.024074 0.014583
0 0.759259 0.309896 0.029630 0.017708
0 0.862037 0.546875 0.037037 0.019792
0 0.489815 0.799479 0.027778 0.015625
0 0.607407 0.574479 0.040741 0.022917
0 0.924074 0.567708 0.029630 0.016667
0 0.301852 0.390625 0.027778 0.012500
0 0.167593 0.704167 0.024074 0.013542
0 0.392593 0.704688 0.020370 0.010417
0 0.729630 0.729167 0.024074 0.015625
0 0.327778 0.675000 0.027778 0.017708
0 0.890741 0.597917 0.031481 0.017708
0 0.794444 0.663542 0.025926 0.014583
0 0.882407 0.585417 0.029630 0.015625
0 0.499074 0.241146 0.024074 0.012500
0 0.337963 0.390625 0.020370 0.008333
0 0.398148 0.564063 0.027778 0.015625
0 0.503704 0.475521 0.038889 0.022917
0 0.148148 0.302083 0.020370 0.010417
0 0.740741 0.313542 0.024074 0.016667
0 0.549074 0.660417 0.027778 0.015625
0 0.702778 0.554688 0.029630 0.016667
0 0.686111 0.576562 0.025926 0.016667
0 0.052778 0.471875 0.025926 0.015625
0 0.866667 0.384375 0.027778 0.013542
0 0.882407 0.564063 0.037037 0.020833
0 0.386111 0.544792 0.038889 0.022917
0 0.281481 0.711458 0.042593 0.023958
0 0.519444 0.792188 0.027778 0.016667
0 0.912037 0.555729 0.033333 0.018750
0 0.647222 0.513021 0.042593 0.026042
0 0.906481 0.409375 0.040741 0.021875
0 0.468519 0.764583 0.031481 0.016667
0 0.925926 0.411458 0.027778 0.019792
0 0.724074 0.746354 0.035185 0.020833
0 0.400000 0.383333 0.042593 0.022917
0 0.296296 0.811979 0.042593 0.022917
0 0.116667 0.705208 0.029630 0.015625
0 0.799074 0.515625 0.020370 0.010417
0 0.339815 0.457813 0.037037 0.019792
0 0.387037 0.715625 0.031481 0.018750
0 0.245370 0.723437 0.033333 0.022917
0 0.124074 0.284375 0.027778 0.016667
0 0.766667 0.302604 0.018519 0.014583
0 0.725926 0.544271 0.033333 0.017708
0 0.715741 0.311979 0.022222 0.012500
0 0.096296 0.500000 0.025926 0.014583
0 0.437963 0.280208 0.029630 0.018750
0 0.691667 0.750521 0.031481 0.019792
0 0.775000 0.569271 0.042593 0.025000
0 0.612963 0.246354 0.038889 0.022917
0 0.223148 0.714583 0.031481 0.016667
0 0.014815 0.348438 0.029630 0.017708
0 0.027778 0.282813 0.016667 0.017708
0 0.211111 0.679688 0.037037 0.018750
0 -0.075000 0.337500 0.000000 0.000000
0 0.905556 0.602083 0.033333 0.018750
0 0.023148 0.370312 0.031481 0.016667
0 0.757407 0.524479 0.031481 0.019792
0 0.245370 0.724479 0.031481 0.022917
0 0.043519 0.385417 0.031481 0.015625
0 0.056481 0.667188 0.033333 0.019792
0 0.588889 0.602604 0.048148 0.028125
0 0.732407 0.302604 0.031481 0.015625
