0 0.995370 0.734896 0.005556 0.016667
0 0.013889 0.517188 0.025926 0.013542
0 0.013889 0.451562 0.027778 0.025000
0 0.022222 0.433333 0.044444 0.028125
0 0.062963 0.580208 0.012963 0.017708
0 0.078704 0.693229 0.031481 0.017708
0 0.065741 0.451562 0.050000 0.026042
0 0.081481 0.672917 0.035185 0.020833
0 0.066667 0.550521 0.027778 0.012500
0 0.104630 0.709375 0.035185 0.021875
0 0.125926 0.632812 0.033333 0.017708
0 0.103704 0.719792 0.029630 0.014583
0 0.450000 0.338542 0.024074 0.015625
0 0.137963 0.283333 0.033333 0.017708
0 0.142593 0.727604 0.035185 0.019792
0 0.245370 0.589063 0.020370 0.010417
0 0.537037 0.304167 0.027778 0.017708
0 0.189815 0.689583 0.033333 0.017708
0 0.991667 0.459375 0.016667 0.011458
0 0.280556 0.501042 0.031481 0.017708
0 0.748148 0.301563 0.024074 0.015625
0 0.284259 0.477083 0.031481 0.016667
0 0.997222 0.642188 0.024074 0.017708
0 0.500000 0.302083 0.027778 0.017708
0 0.535185 0.571875 0.022222 0.012500
0 0.713889 0.179167 0.009259 0.007292
0 0.729630 0.302083 0.024074 0.015625
0 0.993519 0.316146 0.011111 0.010417
0 0.543519 0.345833 0.031481 0.016667
0 0.421296 0.704688 0.025926 0.015625
0 0.490741 0.543750 0.027778 0.017708
0 0.995370 0.565625 0.005556 0.013542
0 1.000926 0.657292 0.018519 0.015625
0 0.517593 0.307292 0.031481 0.018750
0 0.562037 0.302083 0.033333 0.020833
0 0.625926 0.704167 0.027778 0.016667
0 0.562963 0.286979 0.025926 0.014583
0 0.769444 0.388542 0.018519 0.011458
0 0.515741 0.565104 0.024074 0.012500
0 0.708333 0.484896 0.024074 0.013542
0 0.606481 0.506771 0.027778 0.015625
0 0.679630 0.302604 0.022222 0.013542
0 0.593519 0.571354 0.024074 0.014583
0 0.672222 0.294271 0.027778 0.014583
0 0.634259 0.503125 0.027778 0.016667
0 0.994444 0.523958 0.009259 0.010417
0 0.653704 0.477604 0.022222 0.012500
0 0.595370 0.571354 0.025926 0.014583
0 0.635185 0.503646 0.027778 0.016667
0 0.666667 0.273958 0.025926 0.014583
0 0.650000 0.492188 0.022222 0.013542
0 0.626852 0.302083 0.024074 0.016667
0 0.996296 0.676042 0.007407 0.017708
0 0.691667 0.492188 0.024074 0.014583
0 0.646296 0.306771 0.020370 0.013542
0 0.681481 0.480729 0.022222 0.012500
0 0.646296 0.316667 0.022222 0.012500
0 0.716667 0.469792 0.022222 0.011458
0 0.729630 0.302604 0.024074 0.015625
0 0.997222 0.267708 0.005556 0.016667
0 0.827778 0.483854 0.029630 0.015625
0 0.775926 0.301042 0.025926 0.015625
0 0.990741 0.677083 0.018519 0.022917
0 0.891667 0.393229 0.033333 0.019792
0 0.833333 0.420833 0.020370 0.011458
0 0.997222 0.504687 0.003704 0.017708
0 0.991667 0.672396 0.014815 0.016667
0 0.997222 0.691146 0.003704 0.016667
0 0.989815 0.667188 0.018519 0.011458
0 0.993519 0.673438 0.011111 0.017708
0 0.996296 0.481771 0.003704 0.010417
0 0.995370 0.346354 0.009259 0.014583
0 0.993519 0.346875 0.012963 0.013542
0 0.994444 0.659896 0.009259 0.012500
0 1.003704 0.384375 0.011111 0.015625
0 0.992593 0.701562 0.012963 0.016667
0 0.996296 0.389583 0.007407 0.012500
0 0.994444 0.677604 0.009259 0.016667
0 0.996296 0.461458 0.007407 0.020833
0 0.996296 0.693750 0.005556 0.013542
0 0.994444 0.703125 0.007407 0.013542
