0 0.992593 0.543750 0.011111 0.016667
0 0.889815 0.764583 0.025926 0.015625
0 0.994444 0.712500 0.011111 0.015625
0 0.846296 0.736458 0.029630 0.016667
0 0.987963 0.410417 0.020370 0.023958
0 0.993519 0.495312 0.011111 0.021875
0 0.710185 0.682292 0.051852 0.022917
0 0.469444 0.678646 0.025926 0.015625
0 0.760185 0.441146 0.037037 0.020833
0 0.778704 0.689583 0.029630 0.018750
0 0.675926 0.695312 0.037037 0.021875
0 0.598148 0.276042 0.035185 0.020833
0 0.997222 0.520312 0.024074 0.018750
0 0.408333 0.482812 0.024074 0.013542
0 0.752778 0.265625 0.031481 0.020833
0 0.991667 0.722396 0.016667 0.014583
0 0.995370 0.516146 0.007407 0.021875
0 0.994444 0.224479 0.011111 0.019792
0 0.977778 0.700521 0.029630 0.013542
0 1.006481 0.516667 0.033333 0.025000
0 0.994444 0.544271 0.009259 0.022917
0 0.862963 0.771875 0.020370 0.012500
0 0.990741 0.540104 0.016667 0.026042
0 0.376852 0.454688 0.025926 0.015625
0 0.498148 0.683333 0.029630 0.015625
0 0.515741 0.677083 0.020370 0.012500
0 0.784259 0.666667 0.031481 0.015625
0 0.867593 0.662500 0.037037 0.021875
0 1.003704 0.290104 0.027778 0.015625
0 1.010185 0.568750 0.037037 0.022917
0 0.996296 0.403646 0.005556 0.014583
0 0.993519 0.720313 0.012963 0.023958
0 0.993519 0.602604 0.012963 0.021875
0 0.812037 0.773438 0.031481 0.018750
0 0.903704 0.666667 0.038889 0.022917
0 0.996296 0.452083 0.005556 0.016667
0 0.892593 0.390104 0.042593 0.021875
0 0.993519 0.645833 0.011111 0.022917
0 0.778704 0.715625 0.035185 0.019792
0 1.007407 0.502604 0.075926 0.037500
0 0.986111 0.601562 0.027778 0.021875
0 0.994444 0.518229 0.011111 0.017708
0 1.006481 0.295312 0.031481 0.018750
0 0.993519 0.271875 0.011111 0.019792
0 0.995370 0.605208 0.007407 0.022917
0 0.986111 0.344271 0.029630 0.016667
0 0.791667 0.656250 0.038889 0.019792
0 0.975926 0.636458 0.029630 0.013542
0 1.002778 0.302083 0.024074 0.015625
0 0.991667 0.541667 0.031481 0.017708
0 0.991667 0.575521 0.014815 0.016667
0 0.757407 0.647917 0.024074 0.015625
0 0.040741 0.403646 0.024074 0.013542
0 0.021296 0.373958 0.033333 0.018750
0 0.211111 0.653125 0.027778 0.015625
0 0.019444 0.280208 0.027778 0.014583
0 0.008333 0.464062 0.016667 0.015625
0 0.450926 0.270833 0.025926 0.012500
0 0.097222 0.390625 0.018519 0.010417
0 0.867593 0.367708 0.042593 0.021875
0 0.646296 0.769792 0.027778 0.018750
0 0.793519 0.525000 0.038889 0.021875
0 0.989815 0.579688 0.018519 0.025000
0 0.406481 0.642708 0.031481 0.016667
0 0.387963 0.371354 0.025926 0.015625
0 0.676852 0.694792 0.038889 0.022917
0 0.989815 0.493750 0.020370 0.012500
0 0.369444 0.355729 0.027778 0.015625
0 0.991667 0.595313 0.012963 0.019792
0 0.000000 0.000000 0.000000 0.000000
0 0.643519 0.652083 0.042593 0.021875
0 0.433333 0.278125 0.024074 0.015625
0 0.364815 0.335938 0.031481 0.017708
0 0.558333 0.688542 0.025926 0.013542
0 0.935185 0.663542 0.024074 0.013542
0 0.764815 0.555208 0.018519 0.011458
0 0.298148 0.672917 0.025926 0.014583
0 0.278704 0.696875 0.029630 0.017708
0 0.869444 0.662500 0.031481 0.020833
0 1.006481 0.469271 0.027778 0.018750
0 0.294444 0.664583 0.035185 0.018750
0 0.296296 0.649479 0.024074 0.012500
0 0.488889 0.559375 0.024074 0.013542
0 0.902778 0.666667 0.038889 0.025000
0 0.241667 0.697917 0.033333 0.018750
0 0.736111 0.298438 0.024074 0.012500
0 0.243519 0.672917 0.035185 0.019792
0 0.050926 0.368750 0.024074 0.012500
0 0.483333 0.506771 0.022222 0.012500
