0 0.082407 0.700000 0.033333 0.019792
0 0.072222 0.675000 0.037037 0.020833
0 0.641667 0.290104 0.024074 0.011458
0 0.989815 0.290104 0.022222 0.014583
0 0.991667 0.554688 0.016667 0.025000
0 0.251852 0.450521 0.027778 0.015625
0 0.934259 0.535937 0.022222 0.012500
0 0.805556 0.640625 0.031481 0.014583
0 0.272222 0.307292 0.018519 0.009375
0 0.613889 0.542188 0.027778 0.015625
0 0.991667 0.551562 0.033333 0.019792
0 -0.075926 0.337500 0.000000 0.000000
0 0.994444 0.698438 0.011111 0.020833
0 0.712037 0.385417 0.042593 0.023958
0 0.996296 0.495833 0.007407 0.020833
0 0.737963 0.671875 0.040741 0.023958
0 0.662963 0.779167 0.031481 0.018750
0 0.992593 0.592187 0.011111 0.020833
0 0.899074 0.729688 0.044444 0.020833
0 0.995370 0.423438 0.005556 0.016667
0 1.004630 0.256250 0.025926 0.015625
0 0.709259 0.665104 0.033333 0.020833
0 0.618519 0.670833 0.035185 0.015625
0 0.950926 0.554688 0.025926 0.019792
0 0.358333 0.684375 0.031481 0.016667
0 0.969444 0.578646 0.025926 0.016667
0 0.994444 0.286458 0.024074 0.015625
0 0.993519 0.523958 0.011111 0.018750
0 0.715741 0.776563 0.025926 0.014583
0 0.878704 0.553646 0.040741 0.021875
0 1.000000 0.643750 0.027778 0.015625
0 0.990741 0.586458 0.016667 0.019792
0 0.584259 0.651563 0.025926 0.015625
0 0.980556 0.708333 0.025926 0.015625
0 0.375000 0.679167 0.020370 0.012500
0 0.737963 0.671354 0.040741 0.022917
0 0.359259 0.557292 0.025926 0.014583
0 0.129630 0.651563 0.025926 0.014583
0 0.125000 0.666667 0.037037 0.020833
0 1.008333 0.440104 0.029630 0.018750
0 0.709259 0.666146 0.031481 0.020833
0 0.121296 0.698438 0.031481 0.017708
0 0.143519 0.672917 0.031481 0.017708
0 0.617593 0.554688 0.022222 0.012500
0 0.799074 0.665625 0.037037 0.019792
0 0.427778 0.689583 0.027778 0.014583
0 0.225926 0.327604 0.033333 0.017708
0 0.304630 0.257292 0.018519 0.019792
0 0.468519 0.654687 0.038889 0.021875
0 0.991667 0.590625 0.012963 0.019792
0 0.234259 0.348438 0.031481 0.015625
0 0.968519 0.490625 0.022222 0.012500
0 0.502778 0.699479 0.035185 0.020833
0 0.252778 0.364583 0.029630 0.016667
0 0.268519 0.643229 0.031481 0.017708
0 0.843519 0.582292 0.050000 0.027083
0 1.001852 0.277083 0.031481 0.015625
0 0.632407 0.523958 0.042593 0.022917
0 0.533333 0.685937 0.044444 0.023958
0 0.992593 0.554688 0.011111 0.018750
0 0.931481 0.492188 0.044444 0.023958
0 0.988889 0.397917 0.020370 0.022917
0 0.698148 0.740625 0.033333 0.017708
0 0.972222 0.725521 0.035185 0.020833
0 1.000000 0.381250 0.033333 0.022917
0 0.743519 0.768750 0.027778 0.016667
0 0.883333 0.220312 0.042593 0.025000
0 0.995370 0.551042 0.007407 0.020833
0 0.940741 0.729167 0.033333 0.018750
0 0.635185 0.256250 0.029630 0.019792
0 0.288889 0.478646 0.025926 0.014583
0 0.951852 0.524479 0.029630 0.017708
0 0.404630 0.264062 0.031481 0.018750
0 0.504630 0.698958 0.038889 0.022917
0 0.623148 0.692708 0.031481 0.017708
0 0.593519 0.438021 0.038889 0.021875
0 0.330556 0.679688 0.025926 0.015625
0 0.522222 0.785937 0.038889 0.021875
0 0.683333 0.361979 0.040741 0.022917
0 0.425000 0.291667 0.025926 0.013542
0 0.986111 0.339583 0.029630 0.017708
0 0.995370 0.603125 0.007407 0.021875
0 0.990741 0.267708 0.018519 0.026042
0 0.622222 0.659896 0.035185 0.019792
0 0.986111 0.590104 0.025926 0.020833
0 1.002778 0.503646 0.050000 0.023958
0 0.625926 0.719271 0.031481 0.017708
