0 0.991667 0.706771 0.012963 0.018750
0 1.000926 0.439583 0.001852 0.001042
0 0.992593 0.616667 0.014815 0.026042
0 0.992593 0.784896 0.012963 0.019792
0 0.994444 0.619792 0.009259 0.020833
0 0.993519 0.648438 0.009259 0.017708
0 0.991667 0.576562 0.016667 0.033333
0 0.888889 0.480729 0.029630 0.016667
0 0.370370 0.514583 0.020370 0.013542
0 0.172222 0.562500 0.027778 0.016667
0 0.989815 0.544792 0.020370 0.012500
0 0.912963 0.702604 0.027778 0.016667
0 0.194444 0.333333 0.029630 0.017708
0 0.227778 0.328125 0.040741 0.019792
0 0.282407 0.717708 0.029630 0.016667
0 0.240741 0.314063 0.033333 0.015625
0 0.514815 0.404167 0.024074 0.013542
0 0.291667 0.580208 0.022222 0.012500
0 0.471296 0.498437 0.020370 0.011458
0 0.339815 0.521875 0.020370 0.012500
0 0.331481 0.577083 0.024074 0.010417
0 0.996296 0.415625 0.003704 0.014583
0 0.436111 0.321354 0.022222 0.011458
0 0.328704 0.585417 0.029630 0.013542
0 0.424074 0.313542 0.025926 0.014583
0 0.995370 0.686979 0.007407 0.022917
0 0.995370 0.574479 0.025926 0.011458
0 0.357407 0.519792 0.029630 0.017708
0 0.970370 0.533854 0.020370 0.012500
0 0.391667 0.492708 0.020370 0.013542
0 0.329630 0.586458 0.025926 0.013542
0 0.992593 0.685937 0.011111 0.015625
0 0.357407 0.519271 0.029630 0.016667
0 0.390741 0.295833 0.027778 0.015625
0 0.396296 0.506250 0.024074 0.015625
0 0.383333 0.321354 0.024074 0.015625
0 0.996296 0.685417 0.005556 0.017708
0 0.435185 0.506250 0.024074 0.014583
0 0.402778 0.325000 0.022222 0.013542
0 0.434259 0.495833 0.024074 0.011458
0 0.407407 0.334896 0.025926 0.013542
0 0.993519 0.766667 0.014815 0.033333
0 0.461111 0.483333 0.024074 0.011458
0 0.472222 0.319792 0.025926 0.014583
0 0.968519 0.294271 0.031481 0.016667
0 0.533333 0.496354 0.025926 0.015625
0 0.503704 0.318229 0.024074 0.014583
0 0.807407 0.680208 0.033333 0.020833
0 0.574074 0.408333 0.029630 0.018750
0 0.541667 0.423958 0.020370 0.010417
0 0.539815 0.439583 0.011111 0.006250
0 0.957407 0.531250 0.024074 0.012500
0 0.579630 0.400000 0.014815 0.008333
0 0.889815 0.701562 0.038889 0.019792
0 0.995370 0.329688 0.018519 0.010417
0 0.853704 0.727604 0.031481 0.019792
0 0.995370 0.554688 0.020370 0.011458
0 0.943519 0.693229 0.033333 0.017708
0 0.997222 0.753646 0.016667 0.027083
0 0.888889 0.726562 0.029630 0.017708
0 0.992593 0.713021 0.014815 0.019792
0 0.915741 0.361979 0.033333 0.016667
0 0.932407 0.304167 0.027778 0.013542
0 0.989815 0.698958 0.018519 0.023958
0 0.907407 0.380729 0.027778 0.014583
0 0.993519 0.725521 0.009259 0.020833
0 0.935185 0.396875 0.031481 0.015625
0 0.970370 0.670833 0.031481 0.018750
0 0.994444 0.581771 0.011111 0.026042
0 0.990741 0.785417 0.018519 0.029167
0 0.989815 0.773958 0.016667 0.017708
0 0.989815 0.250521 0.018519 0.010417
0 0.992593 0.281250 0.011111 0.017708
0 0.907407 0.507812 0.025926 0.013542
0 0.990741 0.736979 0.016667 0.023958
0 0.996296 0.717187 0.007407 0.015625
0 0.994444 0.533854 0.009259 0.022917
0 0.993519 0.710938 0.009259 0.015625
0 0.992593 0.779687 0.012963 0.016667
0 0.994444 0.616146 0.009259 0.016667
0 0.995370 0.703646 0.005556 0.012500
0 0.181481 0.328125 0.020370 0.014583
0 0.310185 0.586979 0.018519 0.011458
0 0.437963 0.202083 0.011111 0.006250
0 0.463889 0.321354 0.022222 0.014583
0 0.977778 0.322917 0.029630 0.017708
0 0.119444 0.365625 0.031481 0.016667
0 0.208333 0.719271 0.024074 0.012500
