0 0.970370 0.682292 0.033333 0.017708
0 1.013889 0.442708 0.050000 0.038542
0 0.647222 0.693229 0.031481 0.018750
0 1.011111 0.323437 0.048148 0.030208
0 0.994444 0.505729 0.011111 0.017708
0 0.988889 0.792708 0.031481 0.018750
0 0.995370 0.537500 0.009259 0.020833
0 0.664815 0.687500 0.022222 0.013542
0 0.996296 0.687500 0.035185 0.015625
0 0.947222 0.662500 0.022222 0.015625
0 0.995370 0.654167 0.029630 0.013542
0 0.524074 0.460938 0.027778 0.015625
0 0.990741 0.522396 0.018519 0.027083
0 0.995370 0.493750 0.007407 0.021875
0 0.991667 0.737500 0.016667 0.015625
0 0.906481 0.273958 0.025926 0.017708
0 0.550000 0.488542 0.024074 0.013542
0 0.998148 0.535417 0.024074 0.018750
0 0.858333 0.708854 0.040741 0.022917
0 0.955556 0.705729 0.031481 0.017708
0 0.954630 0.449479 0.038889 0.019792
0 0.616667 0.687500 0.025926 0.016667
0 0.803704 0.784896 0.029630 0.020833
0 0.994444 0.376042 0.009259 0.022917
0 0.994444 0.595313 0.007407 0.023958
0 0.994444 0.261458 0.009259 0.015625
0 0.980556 0.671354 0.037037 0.019792
0 1.009259 0.516146 0.096296 0.046875
0 0.950000 0.732812 0.035185 0.018750
0 0.992593 0.557813 0.012963 0.025000
0 0.993519 0.408333 0.012963 0.022917
0 0.996296 0.438542 0.003704 0.015625
0 0.995370 0.668229 0.009259 0.019792
0 0.980556 0.793229 0.033333 0.020833
0 0.992593 0.751563 0.012963 0.025000
0 0.992593 0.671875 0.012963 0.020833
0 0.992593 0.671354 0.012963 0.025000
0 0.637037 0.567708 0.024074 0.014583
0 0.459259 0.654687 0.022222 0.011458
0 0.457407 0.669792 0.035185 0.019792
0 1.007407 0.507292 0.031481 0.020833
0 0.980556 0.671354 0.037037 0.019792
0 0.431481 0.701562 0.027778 0.017708
0 0.455556 0.678646 0.024074 0.013542
0 0.957407 0.567187 0.018519 0.010417
0 1.012037 0.661979 0.040741 0.022917
0 0.703704 0.700521 0.029630 0.014583
0 0.527778 0.341146 0.031481 0.016667
0 0.588889 0.284896 0.025926 0.014583
0 0.825000 0.664583 0.044444 0.021875
0 0.527778 0.360938 0.027778 0.014583
0 0.989815 0.508333 0.020370 0.011458
0 0.857407 0.708854 0.042593 0.023958
0 0.547222 0.376563 0.029630 0.014583
0 0.553704 0.650521 0.029630 0.017708
0 0.994444 0.613542 0.009259 0.023958
0 0.980556 0.536458 0.038889 0.022917
0 0.894444 0.698438 0.048148 0.025000
0 0.992593 0.531771 0.011111 0.022917
0 0.989815 0.760938 0.020370 0.020833
0 0.994444 0.688542 0.009259 0.014583
0 0.988889 0.770312 0.014815 0.008333
0 0.994444 0.223958 0.009259 0.018750
0 0.125000 0.453125 0.025926 0.011458
0 0.113889 0.299479 0.024074 0.013542
0 0.104630 0.464583 0.025926 0.012500
0 0.101852 0.289062 0.022222 0.013542
0 0.091667 0.473958 0.025926 0.014583
0 0.732407 0.640104 0.035185 0.019792
0 0.079630 0.284896 0.024074 0.013542
0 0.053704 0.473438 0.025926 0.014583
0 0.056481 0.256771 0.025926 0.015625
0 0.022222 0.480729 0.024074 0.013542
0 0.009259 0.488021 0.018519 0.014583
0 0.825000 0.796354 0.038889 0.026042
0 0.139815 0.285938 0.027778 0.015625
0 0.610185 0.275000 0.025926 0.015625
0 0.153704 0.466146 0.029630 0.016667
0 0.174074 0.285417 0.024074 0.014583
0 0.362963 0.656250 0.025926 0.017708
0 0.184259 0.377083 0.031481 0.018750
0 0.236111 0.394792 0.018519 0.009375
0 0.180556 0.407292 0.022222 0.014583
0 0.619444 0.513542 0.022222 0.013542
0 0.197222 0.372396 0.018519 0.012500
0 0.404630 0.676562 0.035185 0.020833
0 0.882407 0.290625 0.024074 0.012500
0 0.395370 0.702083 0.031481 0.018750
