0 0.002778 0.364583 0.005556 0.015625
0 0.011111 0.639062 0.022222 0.017708
0 0.486111 0.573438 0.048148 0.027083
0 0.646296 0.269271 0.033333 0.019792
0 0.291667 0.517188 0.040741 0.021875
0 0.182407 0.679167 0.044444 0.025000
0 0.822222 0.526042 0.035185 0.019792
0 0.525000 0.481771 0.044444 0.026042
0 0.787963 0.375521 0.042593 0.021875
0 0.608333 0.280208 0.022222 0.013542
0 0.374074 0.659896 0.033333 0.018750
0 0.787963 0.534375 0.035185 0.019792
0 0.797222 0.349479 0.027778 0.013542
0 0.012037 0.449479 0.024074 0.012500
0 0.606481 0.549479 0.027778 0.017708
0 0.634259 0.526563 0.033333 0.018750
0 0.443519 0.630208 0.031481 0.017708
0 0.690741 0.285938 0.025926 0.014583
0 0.074074 0.270313 0.027778 0.013542
0 0.406481 0.446354 0.031481 0.018750
0 0.312963 0.543229 0.020370 0.012500
0 0.247222 0.366146 0.024074 0.009375
0 0.444444 0.213542 0.024074 0.012500
0 0.807407 0.557292 0.027778 0.015625
0 0.712963 0.633854 0.022222 0.013542
0 0.819444 0.569271 0.029630 0.017708
0 0.231481 0.642708 0.031481 0.017708
0 0.668519 0.700521 0.033333 0.014583
0 0.117593 0.648438 0.037037 0.017708
0 0.220370 0.364583 0.025926 0.012500
0 0.849074 0.539062 0.029630 0.017708
0 0.494444 0.544271 0.040741 0.022917
0 0.417593 0.767708 0.029630 0.016667
0 0.766667 0.517708 0.037037 0.020833
0 0.703704 0.279687 0.029630 0.017708
0 0.646296 0.572396 0.027778 0.015625
0 0.090741 0.679167 0.029630 0.016667
0 0.643519 0.548438 0.029630 0.016667
0 0.275926 0.662500 0.033333 0.014583
0 0.389815 0.733333 0.031481 0.016667
0 0.628704 0.715625 0.035185 0.020833
0 0.819444 0.381250 0.033333 0.019792
0 0.445370 0.760417 0.029630 0.016667
0 0.503704 0.214583 0.038889 0.023958
0 0.676852 0.540104 0.044444 0.025000
0 0.595370 0.719792 0.033333 0.019792
0 0.385185 0.254688 0.031481 0.018750
0 0.057407 0.476042 0.025926 0.013542
0 0.653704 0.516667 0.031481 0.016667
0 0.712963 0.271875 0.020370 0.014583
0 0.069444 0.258854 0.029630 0.015625
0 0.149074 0.689063 0.033333 0.019792
0 0.301852 0.684896 0.029630 0.016667
0 0.237037 0.431771 0.040741 0.020833
0 0.696296 0.485417 0.024074 0.012500
0 0.065741 0.674479 0.027778 0.013542
0 0.225926 0.777083 0.042593 0.026042
0 0.271296 0.354687 0.037037 0.022917
0 0.100000 0.288542 0.033333 0.016667
0 0.827778 0.336979 0.025926 0.014583
0 0.787037 0.575521 0.035185 0.019792
0 0.622222 0.260417 0.040741 0.025000
0 0.272222 0.651563 0.037037 0.019792
0 0.828704 0.572917 0.037037 0.018750
0 0.848148 0.508854 0.035185 0.018750
0 0.313889 0.711979 0.031481 0.017708
0 0.671296 0.687500 0.042593 0.023958
0 0.309259 0.378125 0.042593 0.020833
0 0.692593 0.500000 0.037037 0.020833
0 0.395370 0.664062 0.038889 0.020833
0 0.358333 0.770833 0.031481 0.017708
0 0.850926 0.559375 0.033333 0.018750
0 0.540741 0.719792 0.042593 0.019792
0 0.762963 0.429688 0.042593 0.023958
0 0.629630 0.246875 0.035185 0.018750
