0 0.706481 0.486458 0.020370 0.013542
0 0.664815 0.300521 0.024074 0.012500
0 0.718519 0.299479 0.022222 0.014583
0 0.996296 0.670312 0.007407 0.019792
0 0.745370 0.486979 0.024074 0.014583
0 0.686111 0.303646 0.020370 0.013542
0 0.665741 0.501563 0.031481 0.014583
0 0.760185 0.479687 0.024074 0.013542
0 0.570370 0.561979 0.018519 0.008333
0 0.825926 0.381771 0.016667 0.011458
0 0.733333 0.476042 0.022222 0.013542
0 0.686111 0.313542 0.022222 0.012500
0 0.768519 0.464583 0.020370 0.011458
0 0.774074 0.300000 0.022222 0.013542
0 0.888889 0.476562 0.029630 0.015625
0 0.822222 0.296875 0.024074 0.014583
0 0.988889 0.669271 0.020370 0.025000
0 0.954630 0.386458 0.037037 0.018750
0 0.997222 0.501563 0.003704 0.017708
0 0.991667 0.663021 0.014815 0.016667
0 0.997222 0.670833 0.003704 0.016667
0 0.995370 0.729167 0.005556 0.016667
0 0.993519 0.654167 0.009259 0.016667
0 0.995370 0.339583 0.009259 0.013542
0 0.980556 0.345313 0.012963 0.013542
0 0.995370 0.650000 0.009259 0.011458
0 1.006481 0.410417 0.016667 0.022917
0 0.995370 0.382292 0.005556 0.012500
0 0.994444 0.666667 0.007407 0.013542
0 0.996296 0.455208 0.007407 0.020833
0 0.993519 0.690625 0.012963 0.015625
0 0.657407 0.566146 0.025926 0.014583
0 0.997222 0.476042 0.003704 0.008333
0 0.713889 0.291667 0.022222 0.012500
0 0.697222 0.497917 0.027778 0.015625
0 0.993519 0.522917 0.009259 0.010417
0 0.709259 0.472396 0.020370 0.011458
0 0.655556 0.566146 0.025926 0.013542
0 0.697222 0.497917 0.027778 0.016667
0 0.714815 0.270833 0.024074 0.014583
0 0.355556 0.498958 0.029630 0.017708
0 0.629630 0.284896 0.024074 0.013542
0 0.716667 0.695312 0.025926 0.016667
0 0.630556 0.299479 0.033333 0.019792
0 0.586111 0.303646 0.031481 0.015625
0 1.000926 0.641667 0.018519 0.015625
0 0.579630 0.538542 0.025926 0.016667
0 0.489815 0.699479 0.024074 0.014583
0 0.662963 0.341667 0.037037 0.019792
0 0.773148 0.298438 0.022222 0.014583
0 0.756481 0.177083 0.011111 0.008333
0 0.587963 0.566667 0.024074 0.014583
0 0.568519 0.298438 0.025926 0.016667
0 0.996296 0.630729 0.024074 0.017708
0 0.357407 0.476042 0.033333 0.017708
0 0.795370 0.297917 0.024074 0.014583
0 0.987037 0.453125 0.014815 0.011458
0 0.269444 0.687500 0.029630 0.014583
0 0.603704 0.302083 0.025926 0.016667
0 0.338889 0.585938 0.018519 0.010417
0 0.212963 0.726562 0.033333 0.019792
0 0.200000 0.284375 0.029630 0.016667
0 0.550000 0.335417 0.025926 0.015625
0 0.183333 0.717187 0.027778 0.016667
0 0.217593 0.630729 0.031481 0.016667
0 0.200000 0.706771 0.035185 0.021875
0 0.142593 0.551042 0.027778 0.013542
0 0.175926 0.670833 0.035185 0.020833
0 0.154630 0.452083 0.048148 0.026042
0 0.174074 0.691667 0.031481 0.017708
0 0.135185 0.581250 0.014815 0.018750
0 0.112963 0.434375 0.048148 0.028125
0 0.089815 0.450521 0.051852 0.026042
0 0.062963 0.519792 0.025926 0.014583
0 0.068519 0.684375 0.038889 0.021875
0 0.072222 0.421354 0.053704 0.029167
0 0.040741 0.486458 0.037037 0.018750
0 0.039815 0.521875 0.024074 0.013542
0 0.048148 0.154167 0.024074 0.014583
0 0.055556 0.714583 0.035185 0.020833
0 0.036111 0.606771 0.031481 0.017708
0 0.400000 0.366667 0.037037 0.021875
0 0.027778 0.149479 0.025926 0.014583
0 0.025926 0.707292 0.037037 0.018750
0 0.010185 0.517708 0.020370 0.012500
0 0.011111 0.444271 0.022222 0.018750
0 0.203704 0.269792 0.027778 0.017708
0 0.208333 0.227604 0.033333 0.016667
0 0.032407 0.316146 0.024074 0.015625
0 0.058333 0.315625 0.033333 0.015625
0 0.035185 0.703646 0.031481 0.016667
