0 0.787037 0.346875 0.027778 0.013542
0 0.228704 0.640104 0.029630 0.016667
0 0.809259 0.564583 0.029630 0.016667
0 0.703704 0.629167 0.024074 0.013542
0 0.797222 0.552604 0.027778 0.015625
0 0.435185 0.210938 0.024074 0.013542
0 0.239815 0.363542 0.024074 0.009375
0 0.305556 0.540625 0.020370 0.011458
0 0.402778 0.443750 0.031481 0.018750
0 0.064815 0.268229 0.025926 0.013542
0 0.679630 0.283854 0.024074 0.015625
0 0.439815 0.626563 0.029630 0.016667
0 0.626852 0.523438 0.029630 0.017708
0 0.779630 0.529687 0.037037 0.019792
0 0.600926 0.545312 0.027778 0.016667
0 0.006481 0.447396 0.012963 0.013542
0 0.061111 0.672917 0.029630 0.015625
0 0.223148 0.773958 0.042593 0.026042
0 0.269444 0.352604 0.040741 0.023958
0 0.089815 0.285938 0.031481 0.015625
0 0.814815 0.333854 0.025926 0.014583
0 0.777778 0.570833 0.035185 0.019792
0 0.614815 0.258854 0.038889 0.025000
0 0.270370 0.648438 0.037037 0.019792
0 0.818519 0.567708 0.035185 0.017708
0 0.837037 0.504687 0.033333 0.019792
0 0.311111 0.708333 0.029630 0.018750
0 0.666667 0.681771 0.044444 0.023958
0 0.305556 0.376042 0.040741 0.021875
0 0.686111 0.496354 0.035185 0.021875
0 0.395370 0.660417 0.033333 0.020833
0 0.354630 0.767188 0.031481 0.017708
0 0.839815 0.554688 0.031481 0.017708
0 0.537037 0.714583 0.040741 0.019792
0 0.756481 0.426042 0.042593 0.023958
0 0.622222 0.244792 0.033333 0.017708
0 0.372222 0.656771 0.033333 0.019792
0 0.273148 0.659375 0.033333 0.014583
0 0.635185 0.544792 0.031481 0.017708
0 0.085185 0.677083 0.029630 0.016667
0 0.639815 0.568229 0.029630 0.015625
0 0.692593 0.277604 0.029630 0.017708
0 0.759259 0.513542 0.037037 0.020833
0 0.413889 0.763542 0.029630 0.016667
0 0.491667 0.540625 0.038889 0.021875
0 0.838889 0.533854 0.031481 0.017708
0 0.213889 0.361979 0.025926 0.012500
0 0.117593 0.645833 0.037037 0.017708
0 0.660185 0.695312 0.027778 0.014583
0 0.637037 0.267708 0.031481 0.019792
0 0.287963 0.514583 0.040741 0.021875
0 0.181481 0.676562 0.042593 0.023958
0 0.812963 0.521354 0.035185 0.018750
0 0.521296 0.478646 0.042593 0.025000
0 0.779630 0.372917 0.040741 0.022917
0 0.386111 0.729167 0.029630 0.016667
0 0.624074 0.710417 0.035185 0.020833
0 0.809259 0.377604 0.031481 0.019792
0 0.440741 0.756250 0.027778 0.016667
0 0.497222 0.212500 0.038889 0.022917
0 0.670370 0.535937 0.044444 0.025000
0 0.147222 0.686979 0.029630 0.021875
0 0.003704 0.359896 0.007407 0.016667
0 0.008333 0.637500 0.016667 0.018750
0 0.483333 0.569792 0.046296 0.026042
0 0.590741 0.714063 0.031481 0.019792
0 0.375926 0.252083 0.031481 0.019792
0 0.048148 0.473958 0.025926 0.014583
0 0.600926 0.278125 0.022222 0.013542
0 0.646296 0.513542 0.035185 0.018750
0 0.701852 0.269792 0.020370 0.014583
0 0.058333 0.256250 0.027778 0.013542
0 0.299074 0.681771 0.029630 0.016667
0 0.234259 0.429167 0.040741 0.020833
0 0.688889 0.481771 0.024074 0.011458
