0 0.297222 0.323958 0.025926 0.014583
0 0.680556 0.655208 0.029630 0.015625
0 0.166667 0.233333 0.027778 0.018750
0 0.298148 0.545312 0.025926 0.013542
0 0.737037 0.328125 0.031481 0.018750
0 0.107407 0.443229 0.025926 0.011458
0 0.334259 0.141146 0.022222 0.014583
0 0.897222 0.493229 0.024074 0.014583
0 0.086111 0.409375 0.038889 0.020833
0 0.100000 0.536979 0.029630 0.014583
0 0.123148 0.532813 0.033333 0.016667
0 0.456481 0.508333 0.018519 0.010417
0 0.150000 0.529167 0.029630 0.017708
0 0.550926 0.471875 0.022222 0.015625
0 0.463889 0.271354 0.027778 0.018750
0 0.156481 0.237500 0.029630 0.018750
0 0.161111 0.234896 0.035185 0.018750
0 0.183333 0.528125 0.037037 0.019792
0 1.002778 0.700000 0.025926 0.012500
0 0.218519 0.202604 0.037037 0.021875
0 0.970370 0.422917 0.020370 0.014583
0 0.193519 0.253646 0.031481 0.018750
0 0.900000 0.288021 0.025926 0.012500
0 0.961111 0.479687 0.025926 0.014583
0 0.918519 0.295833 0.022222 0.012500
0 0.951852 0.467708 0.025926 0.014583
0 0.903704 0.303125 0.024074 0.014583
0 0.983333 0.454688 0.025926 0.014583
0 0.986111 0.289583 0.022222 0.015625
0 0.995370 0.446354 0.007407 0.014583
0 0.987037 0.289583 0.024074 0.015625
0 0.996296 0.398438 0.005556 0.016667
0 0.329630 0.122917 0.025926 0.014583
0 0.262037 0.421354 0.035185 0.020833
0 0.264815 0.436458 0.033333 0.017708
0 0.216667 0.528646 0.031481 0.018750
0 0.312963 0.695312 0.027778 0.017708
0 0.277778 0.308333 0.029630 0.016667
0 0.250926 0.309896 0.029630 0.018750
0 0.454630 0.218229 0.031481 0.018750
0 0.450926 0.259896 0.031481 0.017708
0 0.287037 0.434896 0.025926 0.017708
0 0.232407 0.505729 0.014815 0.008333
0 0.284259 0.700521 0.031481 0.018750
0 0.323148 0.135937 0.025926 0.014583
0 0.657407 0.355729 0.038889 0.022917
0 0.302778 0.598437 0.031481 0.017708
0 0.334259 0.706250 0.035185 0.020833
0 0.323148 0.135937 0.024074 0.015625
0 0.233333 0.517188 0.022222 0.012500
0 0.260185 0.479687 0.029630 0.017708
0 0.387963 0.410938 0.048148 0.028125
0 0.342593 0.677604 0.033333 0.021875
0 0.255556 0.514062 0.025926 0.015625
0 0.400000 0.440104 0.048148 0.027083
0 0.429630 0.423438 0.046296 0.027083
0 0.464815 0.441667 0.048148 0.026042
0 0.472222 0.661458 0.033333 0.020833
0 0.493519 0.697917 0.033333 0.021875
0 0.433333 0.710417 0.027778 0.015625
0 0.444444 0.273958 0.025926 0.013542
0 0.446296 0.719271 0.035185 0.018750
0 0.641667 0.576562 0.018519 0.010417
0 0.908333 0.289062 0.022222 0.014583
0 0.556481 0.679167 0.024074 0.012500
0 0.616667 0.489583 0.029630 0.017708
0 0.996296 0.289062 0.007407 0.016667
0 0.606481 0.466667 0.025926 0.016667
0 0.900926 0.284375 0.042593 0.027083
0 0.854630 0.566667 0.018519 0.012500
0 0.971296 0.167708 0.011111 0.007292
0 0.983333 0.290625 0.016667 0.014583
0 0.808333 0.692708 0.018519 0.009375
0 0.904630 0.289062 0.029630 0.011458
0 0.900000 0.288021 0.022222 0.012500
0 1.000000 0.688021 0.007407 0.015625
0 0.894444 0.273438 0.024074 0.012500
0 0.999074 0.383333 0.014815 0.009375
0 0.861111 0.578646 0.012963 0.006250
0 0.892593 0.497917 0.025926 0.014583
0 0.917593 0.289583 0.020370 0.011458
0 0.884259 0.559375 0.027778 0.014583
0 0.917593 0.285417 0.024074 0.014583
0 0.929630 0.490104 0.027778 0.016667
0 0.938889 0.463021 0.016667 0.008333
0 0.883333 0.558854 0.025926 0.014583
0 0.930556 0.489583 0.029630 0.016667
0 0.934259 0.261458 0.024074 0.012500
0 0.937037 0.481771 0.016667 0.011458
