0 0.146296 0.491667 0.027778 0.016667
0 0.965741 0.540625 0.024074 0.011458
0 0.996296 0.623437 0.007407 0.020833
0 0.250926 0.282813 0.025926 0.013542
0 0.118519 0.557813 0.027778 0.014583
0 0.263889 0.293229 0.018519 0.011458
0 0.922222 0.386458 0.031481 0.015625
0 0.118519 0.550000 0.024074 0.010417
0 0.131481 0.494271 0.022222 0.013542
0 0.287037 0.473438 0.020370 0.012500
0 0.052778 0.546354 0.022222 0.012500
0 0.014815 0.279687 0.029630 0.018750
0 0.009259 0.687500 0.018519 0.017708
0 0.005556 0.292708 0.011111 0.021875
0 0.333333 0.377604 0.020370 0.012500
0 0.768519 0.277604 0.027778 0.013542
0 0.285185 0.292187 0.027778 0.014583
0 0.269444 0.458333 0.025926 0.013542
0 0.994444 0.792188 0.009259 0.023958
0 0.239815 0.305208 0.022222 0.013542
0 0.257407 0.472396 0.025926 0.012500
0 0.232407 0.295312 0.022222 0.013542
0 0.239815 0.480729 0.024074 0.014583
0 0.918519 0.645833 0.040741 0.019792
0 0.209259 0.290625 0.025926 0.013542
0 0.202778 0.479687 0.024074 0.014583
0 0.201852 0.263542 0.027778 0.014583
0 0.171296 0.487500 0.020370 0.014583
0 0.155556 0.494792 0.022222 0.012500
0 0.993519 0.700000 0.011111 0.015625
0 0.129630 0.558333 0.022222 0.012500
0 0.193519 0.465625 0.020370 0.011458
0 0.782407 0.519792 0.020370 0.011458
0 0.315741 0.472917 0.025926 0.015625
0 0.316667 0.291146 0.024074 0.015625
0 0.550000 0.662500 0.033333 0.018750
0 0.350926 0.383854 0.029630 0.018750
0 0.368519 0.400000 0.022222 0.010417
0 0.330556 0.415625 0.014815 0.009375
0 0.765741 0.517188 0.022222 0.012500
0 0.357407 0.377083 0.016667 0.010417
0 0.604630 0.684896 0.035185 0.020833
0 0.994444 0.308854 0.022222 0.011458
0 0.585185 0.709896 0.031481 0.018750
0 0.992593 0.687500 0.014815 0.028125
0 0.806481 0.571354 0.024074 0.013542
0 0.661111 0.663021 0.018519 0.010417
0 0.657407 0.677604 0.033333 0.018750
0 0.997222 0.686979 0.014815 0.025000
0 0.620370 0.709375 0.027778 0.017708
0 0.653704 0.685417 0.020370 0.011458
0 0.878704 0.706250 0.029630 0.015625
0 0.696296 0.344792 0.029630 0.017708
0 0.738889 0.286979 0.027778 0.016667
0 0.991667 0.667708 0.014815 0.019792
0 0.692593 0.365104 0.027778 0.016667
0 0.993519 0.716146 0.009259 0.019792
0 0.714815 0.381250 0.029630 0.015625
0 0.991667 0.732292 0.014815 0.025000
0 0.795370 0.693750 0.027778 0.018750
0 0.993519 0.467708 0.009259 0.022917
0 0.992593 0.712500 0.014815 0.019792
0 0.990741 0.719792 0.016667 0.023958
0 0.703704 0.492708 0.024074 0.013542
0 0.992593 0.263542 0.012963 0.018750
0 0.989815 0.232292 0.020370 0.011458
0 0.993519 0.766667 0.014815 0.008333
0 0.989815 0.755729 0.018519 0.018750
0 0.991667 0.793229 0.016667 0.016667
0 0.993519 0.549479 0.011111 0.018750
0 0.994444 0.652604 0.009259 0.023958
0 0.727778 0.656250 0.029630 0.016667
0 0.992593 0.526042 0.014815 0.028125
0 1.000000 0.672917 0.033333 0.014583
0 0.995370 0.638021 0.031481 0.014583
0 0.681481 0.465104 0.027778 0.016667
0 0.828704 0.699479 0.035185 0.018750
0 0.995370 0.641146 0.005556 0.011458
0 0.994444 0.665625 0.009259 0.019792
0 0.992593 0.759896 0.012963 0.026042
0 0.993519 0.777083 0.011111 0.018750
0 0.994444 0.616667 0.007407 0.020833
0 0.993519 0.420833 0.012963 0.023958
0 0.994444 0.716146 0.009259 0.017708
0 0.994444 0.652604 0.011111 0.018750
0 0.994444 0.256250 0.009259 0.014583
0 0.994444 0.377083 0.009259 0.022917
