0 0.990741 0.529167 0.016667 0.025000
0 0.421296 0.453646 0.027778 0.016667
0 0.984259 0.645312 0.031481 0.014583
0 1.002778 0.305729 0.024074 0.015625
0 0.992593 0.539062 0.031481 0.017708
0 0.992593 0.581771 0.014815 0.016667
0 0.804630 0.650521 0.024074 0.015625
0 1.000000 0.689583 0.016667 0.007292
0 0.554630 0.676562 0.022222 0.013542
0 0.994444 0.539583 0.009259 0.021875
0 0.900926 0.775521 0.020370 0.011458
0 0.994444 0.509375 0.011111 0.017708
0 1.006481 0.302604 0.035185 0.021875
0 1.011111 0.570312 0.038889 0.025000
0 0.320370 0.692708 0.029630 0.017708
0 0.914815 0.666146 0.035185 0.020833
0 1.007407 0.480208 0.029630 0.018750
0 0.337963 0.661458 0.035185 0.018750
0 0.338889 0.646875 0.022222 0.012500
0 0.529630 0.558854 0.024074 0.014583
0 0.951852 0.669792 0.038889 0.020833
0 0.283333 0.694271 0.031481 0.018750
0 0.788889 0.303646 0.024074 0.012500
0 0.287037 0.668229 0.035185 0.019792
0 0.099074 0.365625 0.025926 0.012500
0 0.524074 0.505729 0.024074 0.012500
0 0.087963 0.400521 0.024074 0.013542
0 0.142593 0.387500 0.020370 0.009375
0 0.074074 0.370833 0.031481 0.018750
0 0.253704 0.649479 0.027778 0.015625
0 0.072222 0.278125 0.025926 0.015625
0 0.049074 0.459375 0.029630 0.015625
0 0.501852 0.270313 0.025926 0.013542
0 0.037963 0.278646 0.027778 0.014583
0 0.026852 0.445833 0.025926 0.012500
0 0.700000 0.781771 0.033333 0.022917
0 0.016667 0.292187 0.024074 0.013542
0 0.009259 0.458854 0.018519 0.012500
0 0.008333 0.282292 0.016667 0.013542
0 0.003704 0.467708 0.007407 0.013542
0 0.536111 0.682292 0.029630 0.015625
0 1.008333 0.497917 0.038889 0.028125
0 0.829630 0.669271 0.031481 0.015625
0 0.914815 0.666146 0.038889 0.022917
0 0.996296 0.398438 0.005556 0.013542
0 0.993519 0.733333 0.012963 0.023958
0 0.992593 0.600000 0.012963 0.021875
0 0.850926 0.777083 0.031481 0.018750
0 0.950000 0.669792 0.038889 0.020833
0 0.996296 0.446354 0.005556 0.016667
0 0.955556 0.393750 0.044444 0.021875
0 0.992593 0.634375 0.012963 0.025000
0 0.819444 0.718229 0.031481 0.018750
0 1.007407 0.498958 0.081481 0.039583
0 0.986111 0.614583 0.027778 0.021875
0 0.838889 0.658333 0.035185 0.018750
0 0.993519 0.259896 0.011111 0.018750
0 0.994444 0.604167 0.007407 0.023958
0 0.929630 0.371354 0.042593 0.022917
0 0.683333 0.770312 0.027778 0.018750
0 0.507407 0.677083 0.025926 0.016667
0 0.813889 0.443750 0.038889 0.020833
0 0.822222 0.692187 0.029630 0.017708
0 0.719444 0.695312 0.037037 0.021875
0 0.996296 0.532292 0.024074 0.018750
0 0.450926 0.481250 0.024074 0.013542
0 0.814815 0.268229 0.029630 0.019792
0 0.995370 0.506250 0.007407 0.021875
0 0.991667 0.719792 0.016667 0.015625
0 0.994444 0.226042 0.009259 0.019792
0 0.928704 0.768750 0.025926 0.015625
0 0.994444 0.707812 0.011111 0.015625
0 0.887037 0.739583 0.031481 0.016667
0 0.987963 0.428125 0.022222 0.023958
0 0.992593 0.511458 0.011111 0.022917
0 0.992593 0.540625 0.011111 0.017708
0 0.755556 0.684375 0.050000 0.025000
0 0.843519 0.527083 0.046296 0.021875
0 0.994444 0.594792 0.007407 0.023958
0 0.445370 0.641146 0.029630 0.016667
0 0.437963 0.371354 0.027778 0.015625
0 0.720370 0.695312 0.035185 0.021875
0 0.991667 0.490625 0.020370 0.011458
0 0.421296 0.355729 0.025926 0.014583
0 0.991667 0.603646 0.014815 0.019792
0 0.688889 0.652083 0.042593 0.020833
0 0.485185 0.278646 0.024074 0.015625
0 0.416667 0.335938 0.031481 0.017708
0 0.595370 0.688542 0.025926 0.013542
0 0.978704 0.669271 0.025926 0.014583
0 0.814815 0.557292 0.018519 0.011458
0 0.339815 0.670312 0.025926 0.014583
