0 0.876852 0.307812 0.025926 0.014583
0 0.454630 0.480208 0.025926 0.014583
0 0.997222 0.629167 0.024074 0.017708
0 0.686111 0.309375 0.033333 0.021875
0 0.662037 0.572396 0.018519 0.012500
0 0.838889 0.189583 0.011111 0.008333
0 0.853704 0.308333 0.024074 0.013542
0 0.593519 0.703125 0.020370 0.011458
0 0.691667 0.542708 0.024074 0.014583
0 0.696296 0.312500 0.031481 0.013542
0 0.735185 0.309375 0.031481 0.019792
0 0.822222 0.700000 0.029630 0.015625
0 0.735185 0.295833 0.024074 0.012500
0 0.916667 0.391146 0.016667 0.010417
0 0.665741 0.567187 0.016667 0.008333
0 0.838889 0.487500 0.024074 0.013542
0 0.749074 0.508333 0.031481 0.013542
0 0.793519 0.308333 0.025926 0.013542
0 0.739815 0.572396 0.024074 0.014583
0 0.787963 0.301563 0.025926 0.012500
0 0.782407 0.505208 0.025926 0.015625
0 0.847222 0.472917 0.020370 0.011458
0 0.758333 0.322396 0.022222 0.015625
0 0.813889 0.482812 0.022222 0.013542
0 0.761111 0.313021 0.020370 0.013542
0 0.824074 0.494792 0.024074 0.014583
0 0.996296 0.664583 0.007407 0.019792
0 0.747222 0.308854 0.022222 0.012500
0 0.787037 0.493750 0.020370 0.012500
0 0.798148 0.281771 0.024074 0.014583
0 0.781481 0.505208 0.027778 0.016667
0 0.738889 0.571875 0.024074 0.013542
0 0.790741 0.479687 0.018519 0.010417
0 0.993519 0.681250 0.011111 0.014583
0 0.997222 0.473438 0.003704 0.008333
0 0.996296 0.388021 0.005556 0.017708
0 0.975000 0.485417 0.029630 0.015625
0 0.854630 0.309375 0.024074 0.013542
0 0.997222 0.666667 0.003704 0.015625
0 0.994444 0.643229 0.009259 0.014583
0 0.995370 0.663021 0.007407 0.011458
0 0.901852 0.307292 0.024074 0.014583
0 0.987963 0.663021 0.022222 0.027083
0 0.996296 0.457292 0.014815 0.010417
0 0.459259 0.504167 0.029630 0.017708
0 0.135185 0.322917 0.029630 0.017708
0 0.159259 0.321354 0.029630 0.014583
0 0.148148 0.703646 0.027778 0.016667
0 0.080556 0.537500 0.033333 0.017708
0 0.101852 0.448437 0.037037 0.017708
0 0.097222 0.434375 0.037037 0.019792
0 0.175000 0.146354 0.024074 0.013542
0 0.078704 0.268229 0.031481 0.017708
0 0.845370 0.427604 0.024074 0.013542
0 0.079630 0.220833 0.037037 0.021875
0 0.801852 0.710417 0.029630 0.014583
0 0.046296 0.536979 0.037037 0.019792
0 0.047222 0.250000 0.029630 0.020833
0 0.051852 0.247396 0.020370 0.018750
0 0.333333 0.286458 0.037037 0.020833
0 0.399074 0.484896 0.020370 0.012500
0 0.350000 0.516146 0.020370 0.012500
0 0.017593 0.537500 0.027778 0.015625
0 0.380556 0.689063 0.027778 0.013542
0 0.708333 0.310937 0.022222 0.014583
0 0.457407 0.589583 0.018519 0.010417
0 0.301852 0.727604 0.035185 0.020833
0 0.301852 0.291146 0.033333 0.016667
0 0.685185 0.344271 0.025926 0.015625
0 0.280556 0.718750 0.027778 0.015625
0 0.331481 0.632812 0.029630 0.015625
0 0.314815 0.707292 0.035185 0.021875
0 0.248148 0.554167 0.029630 0.013542
0 0.292593 0.671875 0.033333 0.020833
0 0.283333 0.456250 0.046296 0.025000
0 0.293519 0.692187 0.033333 0.018750
0 0.237037 0.584375 0.014815 0.018750
0 0.245370 0.438021 0.046296 0.027083
0 0.220370 0.454688 0.048148 0.026042
0 0.143519 0.522396 0.024074 0.014583
0 0.177778 0.684896 0.035185 0.021875
0 0.207407 0.426042 0.048148 0.028125
0 0.134259 0.489583 0.031481 0.016667
0 0.121296 0.525000 0.024074 0.013542
0 0.181481 0.163542 0.022222 0.013542
0 0.166667 0.714583 0.033333 0.020833
0 0.146296 0.608333 0.031481 0.017708
0 0.513889 0.372917 0.025926 0.019792
0 0.164815 0.159375 0.025926 0.015625
0 0.127778 0.708333 0.029630 0.017708
0 0.100000 0.518229 0.016667 0.009375
0 0.126852 0.446875 0.027778 0.016667
0 0.308333 0.278125 0.027778 0.014583
0 0.316667 0.235937 0.029630 0.015625
