0 0.586111 0.333333 0.025926 0.015625
0 0.006481 0.264062 0.012963 0.017708
0 0.069444 0.138021 0.025926 0.013542
0 0.013889 0.431250 0.027778 0.021875
0 0.017593 0.444792 0.035185 0.019792
0 0.014815 0.535937 0.029630 0.018750
0 0.077778 0.702083 0.027778 0.015625
0 0.084259 0.316146 0.035185 0.016667
0 0.058333 0.317188 0.025926 0.017708
0 0.232407 0.227604 0.031481 0.016667
0 0.229630 0.269271 0.029630 0.017708
0 0.043519 0.444271 0.031481 0.017708
0 0.037037 0.517708 0.018519 0.010417
0 0.063889 0.706250 0.031481 0.017708
0 0.060185 0.151042 0.025926 0.015625
0 0.428704 0.365104 0.035185 0.022917
0 0.074074 0.606250 0.031481 0.017708
0 0.097222 0.713021 0.035185 0.020833
0 0.079630 0.154688 0.024074 0.014583
0 0.062963 0.522396 0.024074 0.013542
0 0.067593 0.485938 0.035185 0.016667
0 0.114815 0.421354 0.050000 0.027083
0 0.107407 0.683333 0.037037 0.022917
0 0.085185 0.519792 0.024074 0.014583
0 0.130556 0.449479 0.051852 0.026042
0 0.153704 0.433854 0.050000 0.028125
0 0.169444 0.580208 0.014815 0.018750
0 0.217593 0.689063 0.031481 0.017708
0 0.194444 0.451042 0.048148 0.026042
0 0.218519 0.668229 0.033333 0.019792
0 0.177778 0.550521 0.029630 0.013542
0 0.242593 0.703646 0.033333 0.022917
0 0.257407 0.628125 0.033333 0.016667
0 0.218519 0.715625 0.025926 0.015625
0 0.223148 0.284375 0.029630 0.016667
0 0.246296 0.723437 0.035185 0.021875
0 0.378704 0.583854 0.018519 0.010417
0 0.627778 0.299479 0.024074 0.016667
0 0.309259 0.684375 0.027778 0.013542
0 0.978704 0.448958 0.014815 0.010417
0 0.387037 0.496875 0.029630 0.016667
0 0.809259 0.294271 0.024074 0.014583
0 0.385185 0.473958 0.031481 0.016667
0 0.997222 0.625000 0.024074 0.017708
0 0.591667 0.297396 0.029630 0.018750
0 0.607407 0.563542 0.022222 0.014583
0 0.767593 0.175000 0.011111 0.008333
0 0.787037 0.296354 0.024074 0.013542
0 0.525000 0.694271 0.022222 0.011458
0 0.614815 0.533854 0.025926 0.015625
0 0.614815 0.300521 0.037037 0.015625
0 0.654630 0.297396 0.029630 0.019792
0 0.752778 0.689063 0.025926 0.014583
0 0.654630 0.283333 0.024074 0.013542
0 0.846296 0.378125 0.016667 0.010417
0 0.600000 0.558333 0.018519 0.008333
0 0.778704 0.476042 0.024074 0.013542
0 0.687963 0.497917 0.029630 0.013542
0 0.729630 0.297396 0.022222 0.012500
0 0.679630 0.561979 0.024074 0.014583
0 0.726852 0.289062 0.022222 0.011458
0 0.725000 0.482812 0.020370 0.013542
0 0.993519 0.687500 0.012963 0.015625
0 0.997222 0.471354 0.003704 0.009375
0 0.787963 0.460938 0.020370 0.011458
0 0.787963 0.296354 0.022222 0.014583
0 0.718519 0.494271 0.027778 0.015625
0 0.728704 0.468750 0.022222 0.011458
0 0.678704 0.561979 0.025926 0.013542
0 0.719444 0.494792 0.027778 0.015625
0 0.729630 0.267708 0.024074 0.013542
0 0.908333 0.471875 0.027778 0.014583
0 0.835185 0.293229 0.024074 0.014583
0 0.988889 0.667188 0.022222 0.026042
0 0.974074 0.382292 0.033333 0.018750
0 0.997222 0.496875 0.003704 0.017708
0 0.697222 0.311458 0.024074 0.013542
0 0.991667 0.655729 0.014815 0.016667
0 0.997222 0.665625 0.003704 0.015625
0 0.996296 0.726562 0.005556 0.016667
0 0.994444 0.648958 0.009259 0.015625
0 0.995370 0.665104 0.007407 0.013542
0 0.996296 0.449479 0.007407 0.020833
0 0.752778 0.471875 0.022222 0.013542
0 0.698148 0.301042 0.020370 0.013542
0 0.764815 0.482812 0.024074 0.014583
0 0.996296 0.666146 0.007407 0.019792
0 0.676852 0.296875 0.022222 0.012500
