0 0.993519 0.618750 0.012963 0.022917
0 0.269444 0.490104 0.025926 0.015625
0 0.278704 0.304688 0.022222 0.013542
0 0.989815 0.656250 0.018519 0.021875
0 0.308333 0.491146 0.025926 0.013542
0 0.300000 0.308333 0.022222 0.012500
0 0.312963 0.480729 0.024074 0.012500
0 0.307407 0.318750 0.022222 0.013542
0 0.994444 0.790104 0.011111 0.025000
0 0.337037 0.468750 0.024074 0.013542
0 0.354630 0.304688 0.027778 0.014583
0 0.841667 0.286979 0.027778 0.016667
0 0.389815 0.482812 0.025926 0.015625
0 0.387963 0.303125 0.024074 0.014583
0 0.629630 0.672917 0.033333 0.019792
0 0.428704 0.394271 0.029630 0.018750
0 0.432407 0.411458 0.020370 0.011458
0 0.403704 0.425000 0.012963 0.007292
0 0.833333 0.527604 0.022222 0.013542
0 0.431481 0.385937 0.016667 0.009375
0 0.690741 0.694792 0.037037 0.020833
0 0.995370 0.320312 0.022222 0.010417
0 0.665741 0.720313 0.031481 0.018750
0 0.991667 0.697396 0.014815 0.029167
0 0.885185 0.580208 0.020370 0.011458
0 0.745370 0.688021 0.035185 0.018750
0 0.997222 0.709896 0.016667 0.025000
0 0.702778 0.719792 0.029630 0.017708
0 0.956481 0.717187 0.031481 0.015625
0 0.773148 0.354167 0.031481 0.016667
0 0.811111 0.296354 0.025926 0.015625
0 0.990741 0.694792 0.016667 0.021875
0 0.768519 0.373958 0.027778 0.015625
0 0.993519 0.732292 0.011111 0.021875
0 0.791667 0.390104 0.031481 0.015625
0 0.805556 0.667188 0.031481 0.017708
0 0.994444 0.660417 0.009259 0.025000
0 0.994444 0.552604 0.011111 0.017708
0 0.990741 0.739583 0.016667 0.026042
0 0.990741 0.759896 0.018519 0.018750
0 0.991667 0.766146 0.014815 0.008333
0 0.989815 0.234375 0.020370 0.010417
0 0.992593 0.273438 0.012963 0.018750
0 0.774074 0.502083 0.024074 0.013542
0 0.990741 0.726042 0.016667 0.023958
0 0.991667 0.708854 0.014815 0.019792
0 0.993519 0.498958 0.009259 0.022917
0 0.873148 0.705208 0.031481 0.018750
0 0.992593 0.790104 0.014815 0.018750
0 0.994444 0.357812 0.009259 0.022917
0 0.994444 0.260937 0.007407 0.014583
0 0.993519 0.644792 0.009259 0.018750
0 0.994444 0.718750 0.009259 0.016667
0 0.993519 0.427083 0.012963 0.023958
0 0.993519 0.786458 0.012963 0.019792
0 0.994444 0.664583 0.009259 0.019792
0 0.995370 0.648438 0.007407 0.013542
0 0.907407 0.711458 0.033333 0.018750
0 0.992593 0.529687 0.014815 0.029167
0 0.999074 0.680208 0.033333 0.014583
0 0.752778 0.474479 0.027778 0.016667
0 0.217593 0.501563 0.029630 0.016667
0 0.020370 0.698958 0.037037 0.015625
0 0.014815 0.541667 0.029630 0.018750
0 0.865741 0.540625 0.018519 0.011458
0 0.714815 0.697396 0.025926 0.016667
0 0.044444 0.310417 0.033333 0.017708
0 0.076852 0.305729 0.037037 0.020833
0 0.087037 0.697396 0.033333 0.017708
0 0.094444 0.292187 0.035185 0.017708
0 0.401852 0.389583 0.024074 0.012500
0 0.127778 0.556250 0.020370 0.011458
0 0.351852 0.484375 0.022222 0.012500
0 0.202778 0.505208 0.022222 0.012500
0 0.187963 0.559896 0.024074 0.010417
0 0.990741 0.394792 0.016667 0.016667
0 0.331481 0.305208 0.020370 0.012500
0 0.188889 0.568750 0.029630 0.014583
0 0.319444 0.296354 0.024074 0.014583
0 0.995370 0.643750 0.007407 0.021875
0 0.995370 0.544792 0.024074 0.011458
0 0.850000 0.531250 0.020370 0.011458
0 0.262963 0.476042 0.020370 0.011458
0 0.188889 0.568750 0.027778 0.015625
0 0.992593 0.694792 0.011111 0.015625
0 0.219444 0.503125 0.031481 0.017708
0 0.239815 0.497396 0.022222 0.014583
0 0.275000 0.277604 0.024074 0.015625
