0 0.481481 0.767708 0.027778 0.015625
0 0.871296 0.540104 0.033333 0.018750
0 0.586111 0.492708 0.042593 0.025000
0 0.850926 0.392708 0.040741 0.022917
0 0.427778 0.739583 0.031481 0.017708
0 0.670370 0.725521 0.035185 0.020833
0 0.873148 0.395313 0.027778 0.017708
0 0.026852 0.350521 0.027778 0.014583
0 0.872222 0.586979 0.033333 0.018750
0 0.014815 0.329167 0.029630 0.016667
0 0.710185 0.506250 0.033333 0.017708
0 0.200000 0.692187 0.033333 0.023958
0 0.042593 0.366146 0.029630 0.014583
0 0.047222 0.639062 0.031481 0.017708
0 0.537037 0.581771 0.046296 0.026042
0 0.701852 0.283333 0.031481 0.018750
0 0.345370 0.523438 0.042593 0.022917
0 0.231481 0.682292 0.044444 0.023958
0 0.574074 0.228125 0.038889 0.022917
0 0.726852 0.551562 0.042593 0.023958
0 0.637037 0.729167 0.033333 0.019792
0 0.442593 0.263021 0.029630 0.018750
0 0.102778 0.477604 0.025926 0.013542
0 0.674074 0.294271 0.022222 0.013542
0 0.699074 0.527604 0.035185 0.018750
0 0.765741 0.286979 0.020370 0.015625
0 0.128704 0.264062 0.029630 0.014583
0 0.198148 0.693750 0.033333 0.020833
0 0.345370 0.690104 0.029630 0.016667
0 0.299074 0.438021 0.037037 0.020833
0 0.749074 0.497917 0.022222 0.011458
0 0.104630 0.676562 0.025926 0.014583
0 0.262037 0.780729 0.042593 0.025000
0 0.344444 0.364063 0.040741 0.022917
0 0.159259 0.293750 0.031481 0.016667
0 0.875000 0.352083 0.025926 0.014583
0 0.828704 0.588021 0.035185 0.019792
0 0.687963 0.275000 0.038889 0.025000
0 0.321296 0.656250 0.038889 0.019792
0 0.868519 0.585417 0.038889 0.017708
0 0.896296 0.523438 0.033333 0.019792
0 0.354630 0.716667 0.031481 0.018750
0 0.712963 0.698438 0.040741 0.023958
0 0.376852 0.388021 0.040741 0.021875
0 0.748148 0.512500 0.037037 0.020833
0 0.444444 0.671354 0.035185 0.019792
0 0.394444 0.777083 0.029630 0.018750
0 0.892593 0.573438 0.031481 0.018750
0 0.585185 0.729167 0.042593 0.020833
0 0.823148 0.444792 0.046296 0.025000
0 0.694444 0.260937 0.033333 0.016667
0 0.422222 0.666146 0.033333 0.018750
0 0.322222 0.667708 0.033333 0.014583
0 0.686111 0.559375 0.031481 0.017708
0 0.128704 0.680729 0.029630 0.016667
0 0.692593 0.583333 0.029630 0.015625
0 0.756481 0.294271 0.031481 0.017708
0 0.817593 0.530729 0.037037 0.020833
0 0.452778 0.774479 0.029630 0.015625
0 0.550926 0.554167 0.038889 0.022917
0 0.891667 0.552604 0.029630 0.017708
0 0.278704 0.370833 0.025926 0.012500
0 0.169444 0.650521 0.037037 0.017708
0 0.351852 0.678125 0.025926 0.013542
0 0.701852 0.710417 0.031481 0.016667
0 0.278704 0.647396 0.025926 0.016667
0 0.861111 0.583333 0.029630 0.017708
0 0.747222 0.645312 0.025926 0.014583
0 0.850000 0.570312 0.029630 0.015625
0 0.504630 0.223438 0.024074 0.012500
0 0.299074 0.371354 0.022222 0.009375
0 0.356481 0.548438 0.018519 0.011458
0 0.463889 0.455208 0.035185 0.020833
0 0.134259 0.275521 0.024074 0.011458
0 0.741667 0.300521 0.025926 0.016667
0 0.493519 0.639062 0.027778 0.016667
0 0.678704 0.538021 0.029630 0.017708
0 0.651852 0.559896 0.027778 0.017708
0 0.058333 0.450521 0.025926 0.014583
0 0.850000 0.365104 0.027778 0.013542
0 0.837037 0.547396 0.038889 0.019792
