0 0.959259 0.488021 0.046296 0.026042
0 0.824074 0.660937 0.035185 0.018750
0 0.448148 0.686458 0.025926 0.014583
0 0.987963 0.400521 0.020370 0.022917
0 0.245370 0.325521 0.033333 0.017708
0 0.333333 0.254688 0.018519 0.019792
0 0.495370 0.651563 0.040741 0.021875
0 -0.075926 0.337500 0.000000 0.000000
0 0.991667 0.589063 0.012963 0.019792
0 0.256481 0.346354 0.033333 0.016667
0 0.988889 0.485938 0.022222 0.012500
0 0.530556 0.695312 0.037037 0.020833
0 0.272222 0.361979 0.027778 0.015625
0 0.290741 0.640104 0.031481 0.017708
0 0.868519 0.577604 0.050000 0.027083
0 0.987037 0.270833 0.031481 0.015625
0 0.656481 0.520312 0.040741 0.021875
0 0.561111 0.682292 0.038889 0.023958
0 0.992593 0.552083 0.011111 0.018750
0 1.002778 0.286979 0.020370 0.014583
0 0.292593 0.304688 0.018519 0.009375
0 0.637037 0.538542 0.027778 0.015625
0 0.991667 0.548438 0.033333 0.018750
0 0.990741 0.580729 0.016667 0.018750
0 0.611111 0.647917 0.027778 0.016667
0 1.006481 0.703125 0.027778 0.015625
0 0.397222 0.675521 0.020370 0.013542
0 0.903704 0.549479 0.042593 0.023958
0 0.738889 0.772396 0.025926 0.015625
0 0.993519 0.518229 0.011111 0.018750
0 1.006481 0.279687 0.025926 0.015625
0 0.992593 0.574479 0.025926 0.016667
0 0.379630 0.681250 0.029630 0.016667
0 0.976852 0.548958 0.025926 0.019792
0 0.352778 0.675521 0.025926 0.015625
0 0.544444 0.781250 0.038889 0.021875
0 0.710185 0.358333 0.042593 0.023958
0 0.447222 0.291146 0.025926 0.013542
0 0.990741 0.336458 0.029630 0.017708
0 0.995370 0.602604 0.007407 0.021875
0 0.992593 0.264062 0.012963 0.021875
0 0.648148 0.655208 0.035185 0.019792
0 0.987037 0.591146 0.025926 0.020833
0 1.005556 0.500000 0.051852 0.025000
0 0.650000 0.714583 0.031481 0.018750
0 0.994444 0.688542 0.011111 0.020833
0 0.738889 0.381250 0.042593 0.022917
0 0.995370 0.495312 0.005556 0.019792
0 0.762963 0.666667 0.038889 0.022917
0 0.685185 0.774479 0.031481 0.017708
0 0.992593 0.593229 0.011111 0.020833
0 0.924074 0.724479 0.042593 0.020833
0 0.995370 0.416146 0.005556 0.015625
0 1.003704 0.256250 0.027778 0.015625
0 0.733333 0.661458 0.033333 0.020833
0 0.721296 0.735938 0.031481 0.017708
0 0.989815 0.720313 0.020370 0.020833
0 1.000000 0.376563 0.033333 0.022917
0 0.767593 0.764062 0.027778 0.015625
0 0.906481 0.216146 0.042593 0.025000
0 0.995370 0.545833 0.007407 0.020833
0 0.965741 0.724479 0.031481 0.017708
0 0.650000 0.252604 0.029630 0.018750
0 0.306481 0.475521 0.024074 0.014583
0 0.972222 0.519792 0.031481 0.017708
0 0.431481 0.261458 0.031481 0.018750
0 0.530556 0.694792 0.038889 0.022917
0 0.642593 0.666146 0.031481 0.015625
0 0.648148 0.688542 0.031481 0.018750
0 0.617593 0.433854 0.037037 0.021875
0 0.831481 0.635417 0.035185 0.013542
0 0.270370 0.447396 0.027778 0.015625
0 0.990741 0.550521 0.016667 0.025000
0 0.003704 0.383854 0.007407 0.014583
0 0.733333 0.660937 0.031481 0.020833
0 0.146296 0.694792 0.031481 0.017708
0 0.166667 0.670312 0.029630 0.016667
0 0.636111 0.550000 0.022222 0.012500
0 0.099074 0.671354 0.037037 0.020833
0 0.654630 0.285417 0.025926 0.013542
0 0.108333 0.695833 0.033333 0.019792
0 0.763889 0.667188 0.040741 0.025000
0 0.377778 0.554167 0.025926 0.014583
0 0.154630 0.647396 0.025926 0.013542
0 0.151852 0.663021 0.037037 0.019792
0 0.989815 0.444271 0.029630 0.018750
