0 0.462037 0.679167 0.024074 0.015625
0 0.756481 0.555208 0.018519 0.011458
0 0.928704 0.663542 0.025926 0.013542
0 0.551852 0.689063 0.027778 0.013542
0 0.357407 0.336979 0.031481 0.016667
0 0.425926 0.279167 0.025926 0.015625
0 0.635185 0.652083 0.042593 0.020833
0 0.000000 0.000000 0.000000 0.000000
0 0.992593 0.596875 0.014815 0.019792
0 0.362037 0.356771 0.025926 0.015625
0 0.995370 0.495312 0.020370 0.012500
0 0.668519 0.694792 0.038889 0.022917
0 0.381481 0.372396 0.027778 0.015625
0 0.399074 0.643750 0.029630 0.016667
0 0.986111 0.579688 0.027778 0.026042
0 0.784259 0.525000 0.038889 0.020833
0 0.701852 0.682292 0.050000 0.023958
0 0.992593 0.542708 0.011111 0.016667
0 0.993519 0.498958 0.011111 0.022917
0 0.987037 0.410938 0.020370 0.023958
0 0.839815 0.736458 0.031481 0.017708
0 0.993519 0.713542 0.009259 0.016667
0 0.882407 0.764062 0.025926 0.015625
0 0.994444 0.225000 0.009259 0.019792
0 0.995370 0.517708 0.007407 0.020833
0 0.991667 0.725521 0.016667 0.015625
0 0.741667 0.266146 0.029630 0.020833
0 0.400926 0.483333 0.024074 0.013542
0 0.999074 0.526563 0.024074 0.018750
0 0.587963 0.277083 0.033333 0.020833
0 0.668519 0.695312 0.037037 0.021875
0 0.771296 0.689583 0.029630 0.017708
0 0.750926 0.441146 0.037037 0.020833
0 0.639815 0.770312 0.025926 0.018750
0 0.857407 0.368229 0.042593 0.021875
0 0.986111 0.343750 0.029630 0.017708
0 0.995370 0.605208 0.007407 0.022917
0 0.989815 0.271875 0.020370 0.020833
0 0.783333 0.656250 0.037037 0.019792
0 0.986111 0.598437 0.027778 0.021875
0 1.004630 0.504687 0.075926 0.036458
0 0.771296 0.715625 0.033333 0.019792
0 0.993519 0.646875 0.012963 0.022917
0 0.882407 0.390104 0.042593 0.021875
0 0.996296 0.452604 0.005556 0.016667
0 0.895370 0.666667 0.038889 0.023958
0 0.804630 0.773958 0.031481 0.018750
0 0.993519 0.602604 0.012963 0.021875
0 0.992593 0.721875 0.011111 0.023958
0 0.996296 0.401042 0.005556 0.014583
0 1.003704 0.288021 0.027778 0.015625
0 0.861111 0.661979 0.038889 0.022917
0 0.476852 0.506771 0.022222 0.012500
0 0.729630 0.298438 0.024074 0.013542
0 0.042593 0.370312 0.024074 0.012500
0 0.235185 0.674479 0.035185 0.019792
0 0.233333 0.699479 0.031481 0.017708
0 0.895370 0.666146 0.038889 0.023958
0 0.481481 0.559375 0.024074 0.013542
0 0.289815 0.675000 0.027778 0.014583
0 0.287037 0.651042 0.024074 0.012500
0 0.286111 0.666667 0.037037 0.019792
0 1.006481 0.464583 0.027778 0.017708
0 0.861111 0.661979 0.031481 0.020833
0 0.271296 0.697917 0.029630 0.018750
0 0.003704 0.466146 0.007407 0.014583
0 0.012037 0.282292 0.024074 0.015625
0 0.202778 0.654687 0.027778 0.015625
0 0.013889 0.375521 0.027778 0.018750
0 0.088889 0.392188 0.018519 0.010417
0 0.032407 0.405729 0.024074 0.013542
0 0.992593 0.576042 0.014815 0.017708
0 0.776852 0.666667 0.031481 0.015625
0 1.006481 0.516667 0.033333 0.025000
0 0.490741 0.683854 0.029630 0.015625
0 1.010185 0.568229 0.037037 0.022917
0 1.006481 0.295312 0.029630 0.018750
0 0.994444 0.520833 0.011111 0.017708
0 0.855556 0.771875 0.022222 0.012500
0 0.994444 0.541667 0.009259 0.022917
0 0.509259 0.678125 0.022222 0.013542
0 0.971296 0.700000 0.029630 0.013542
0 0.749074 0.648438 0.024074 0.016667
0 0.991667 0.542188 0.031481 0.017708
0 1.002778 0.301042 0.024074 0.015625
0 0.967593 0.635938 0.029630 0.013542
0 0.368519 0.455729 0.025926 0.015625
0 0.990741 0.535937 0.016667 0.026042
