0 0.570370 0.694271 0.040741 0.021875
0 0.300000 0.364063 0.027778 0.015625
0 0.320370 0.641146 0.031481 0.017708
0 0.906481 0.576042 0.050000 0.027083
0 0.990741 0.270313 0.031481 0.016667
0 0.692593 0.519792 0.042593 0.021875
0 0.601852 0.681771 0.044444 0.023958
0 0.992593 0.551042 0.011111 0.018750
0 0.987963 0.486979 0.022222 0.025000
0 0.988889 0.394271 0.020370 0.022917
0 0.756481 0.734896 0.031481 0.017708
0 0.993519 0.715625 0.012963 0.018750
0 1.000926 0.369792 0.033333 0.022917
0 0.803704 0.763021 0.031481 0.015625
0 0.939815 0.217708 0.040741 0.025000
0 0.996296 0.533333 0.007407 0.021875
0 0.995370 0.724479 0.016667 0.016667
0 0.673148 0.254688 0.031481 0.018750
0 0.331481 0.477083 0.024074 0.013542
0 1.000000 0.518750 0.024074 0.018750
0 0.473148 0.264062 0.031481 0.018750
0 0.571296 0.693750 0.038889 0.021875
0 0.683333 0.688021 0.029630 0.018750
0 0.654630 0.434375 0.038889 0.020833
0 0.384259 0.676562 0.025926 0.015625
0 0.580556 0.780729 0.037037 0.021875
0 0.750000 0.358854 0.042593 0.023958
0 0.987037 0.335938 0.029630 0.017708
0 0.995370 0.594271 0.007407 0.022917
0 0.993519 0.263021 0.012963 0.022917
0 0.687963 0.654167 0.037037 0.019792
0 0.985185 0.591146 0.025926 0.020833
0 1.002778 0.503125 0.055556 0.027083
0 0.686111 0.714063 0.031481 0.018750
0 0.993519 0.681771 0.011111 0.020833
0 0.777778 0.381771 0.042593 0.023958
0 0.996296 0.484896 0.005556 0.018750
0 0.801852 0.665104 0.040741 0.022917
0 0.721296 0.773438 0.029630 0.017708
0 0.993519 0.595313 0.012963 0.020833
0 0.963889 0.722917 0.044444 0.021875
0 0.996296 0.418229 0.005556 0.015625
0 1.003704 0.265625 0.029630 0.016667
0 0.770370 0.660417 0.037037 0.020833
0 0.683333 0.665104 0.035185 0.016667
0 1.004630 0.541146 0.025926 0.019792
0 0.411111 0.681250 0.029630 0.016667
0 1.006481 0.571875 0.027778 0.017708
0 0.992593 0.278646 0.024074 0.015625
0 0.993519 0.520833 0.011111 0.019792
0 0.775000 0.770833 0.025926 0.014583
0 0.944444 0.548438 0.040741 0.022917
0 0.430556 0.675521 0.022222 0.013542
0 0.989815 0.693750 0.035185 0.020833
0 0.650926 0.646875 0.024074 0.015625
0 0.990741 0.577083 0.016667 0.018750
0 0.992593 0.539062 0.033333 0.018750
0 0.672222 0.538542 0.027778 0.015625
0 0.321296 0.307292 0.018519 0.009375
0 1.002778 0.293229 0.022222 0.014583
0 0.869444 0.633854 0.035185 0.015625
0 0.296296 0.449479 0.027778 0.015625
0 0.990741 0.538542 0.018519 0.027083
0 0.990741 0.484375 0.022222 0.012500
0 0.844444 0.661979 0.029630 0.016667
0 0.477778 0.686458 0.025926 0.013542
0 0.274074 0.328125 0.033333 0.016667
0 0.376852 0.258333 0.018519 0.019792
0 0.535185 0.650521 0.040741 0.022917
0 0.000000 0.000000 0.000000 0.000000
0 0.991667 0.586979 0.012963 0.019792
0 0.284259 0.350000 0.031481 0.017708
0 0.668519 0.549479 0.020370 0.012500
0 0.200926 0.671875 0.029630 0.017708
0 0.180556 0.695833 0.031481 0.017708
0 0.772222 0.660417 0.031481 0.020833
0 0.989815 0.452083 0.027778 0.017708
0 0.187963 0.664062 0.037037 0.020833
0 0.190741 0.648958 0.024074 0.013542
0 0.406481 0.555208 0.022222 0.013542
0 0.801852 0.665625 0.040741 0.023958
0 0.141667 0.697396 0.033333 0.019792
0 0.674074 0.286458 0.024074 0.014583
0 0.137037 0.672917 0.038889 0.019792
0 0.021296 0.385937 0.016667 0.012500
