0 0.295370 0.702083 0.029630 0.018750
0 0.300000 0.553125 0.022222 0.014583
0 0.735185 0.342187 0.031481 0.017708
0 0.104630 0.447917 0.024074 0.010417
0 0.341667 0.155208 0.022222 0.013542
0 0.891667 0.508333 0.022222 0.013542
0 0.085185 0.415104 0.037037 0.020833
0 0.096296 0.540625 0.029630 0.014583
0 0.118519 0.536979 0.035185 0.017708
0 0.455556 0.516146 0.018519 0.011458
0 0.148148 0.533854 0.029630 0.016667
0 0.543519 0.482812 0.022222 0.014583
0 0.474074 0.282292 0.037037 0.021875
0 0.175000 0.245833 0.033333 0.020833
0 0.175926 0.245312 0.035185 0.018750
0 0.180556 0.533333 0.037037 0.019792
0 0.985185 0.714063 0.027778 0.013542
0 0.228704 0.213542 0.035185 0.020833
0 0.971296 0.428646 0.024074 0.014583
0 0.207407 0.263542 0.029630 0.018750
0 0.337037 0.137500 0.024074 0.013542
0 0.255556 0.429167 0.035185 0.019792
0 0.257407 0.443229 0.035185 0.016667
0 0.213889 0.534375 0.031481 0.018750
0 0.287037 0.317708 0.031481 0.015625
0 0.261111 0.319271 0.027778 0.017708
0 0.461111 0.230729 0.031481 0.017708
0 0.452778 0.272396 0.031481 0.017708
0 0.280556 0.442708 0.027778 0.017708
0 0.228704 0.512500 0.014815 0.008333
0 0.267593 0.706250 0.029630 0.018750
0 0.328704 0.150521 0.022222 0.014583
0 0.651852 0.367708 0.037037 0.019792
0 0.291667 0.605208 0.031481 0.017708
0 0.314815 0.713021 0.033333 0.020833
0 0.330556 0.150000 0.024074 0.014583
0 0.237037 0.521875 0.022222 0.013542
0 0.261111 0.485938 0.029630 0.016667
0 0.376852 0.419792 0.046296 0.028125
0 0.324074 0.683854 0.035185 0.020833
0 0.258333 0.520833 0.024074 0.014583
0 0.387037 0.448437 0.046296 0.027083
0 0.415741 0.432812 0.044444 0.027083
0 0.374074 0.583333 0.014815 0.019792
0 0.450926 0.691667 0.031481 0.018750
0 0.450926 0.451042 0.048148 0.027083
0 0.451852 0.670312 0.035185 0.020833
0 0.388889 0.552083 0.031481 0.014583
0 0.471296 0.707292 0.033333 0.021875
0 0.417593 0.719271 0.027778 0.015625
0 0.444444 0.285417 0.025926 0.013542
0 0.432407 0.728125 0.033333 0.018750
0 0.622222 0.588021 0.018519 0.010417
0 0.891667 0.304688 0.022222 0.014583
0 0.536111 0.689583 0.025926 0.012500
0 0.607407 0.501042 0.029630 0.018750
0 0.996296 0.305729 0.005556 0.016667
0 0.600000 0.478646 0.027778 0.018750
0 0.877778 0.300521 0.040741 0.026042
0 0.825926 0.572396 0.018519 0.013542
0 0.980556 0.185417 0.011111 0.007292
0 0.989815 0.307292 0.018519 0.015625
0 0.778704 0.706250 0.018519 0.010417
0 0.886111 0.305208 0.029630 0.012500
0 0.894444 0.302083 0.027778 0.015625
0 0.988889 0.703646 0.020370 0.014583
0 0.890741 0.289583 0.022222 0.012500
0 0.995370 0.390104 0.014815 0.009375
0 0.825926 0.578646 0.014815 0.007292
0 0.878704 0.509896 0.025926 0.014583
0 0.924074 0.307292 0.024074 0.013542
0 0.877778 0.574479 0.027778 0.013542
0 0.919444 0.299479 0.022222 0.015625
0 0.924074 0.505729 0.027778 0.015625
0 0.933333 0.478646 0.016667 0.009375
0 0.875926 0.574479 0.025926 0.013542
0 0.924074 0.505208 0.027778 0.015625
0 0.939815 0.278646 0.024074 0.013542
0 0.927778 0.494792 0.018519 0.011458
0 0.896296 0.302083 0.031481 0.016667
0 0.959259 0.495312 0.025926 0.014583
0 0.901852 0.311458 0.022222 0.012500
0 0.949074 0.482812 0.024074 0.014583
0 0.887037 0.319792 0.024074 0.014583
0 0.996296 0.472396 0.018519 0.009375
0 0.992593 0.306771 0.024074 0.014583
0 0.995370 0.458854 0.005556 0.013542
0 0.991667 0.306250 0.020370 0.015625
0 0.996296 0.400521 0.005556 0.016667
