0 1.023148 0.784375 0.018519 0.010417
0 0.004630 0.478646 0.009259 0.014583
0 0.033333 0.254688 0.025926 0.014583
0 0.028704 0.471354 0.024074 0.015625
0 0.057407 0.283333 0.024074 0.014583
0 0.695370 0.640625 0.033333 0.019792
0 0.064815 0.472396 0.025926 0.014583
0 0.079630 0.288021 0.024074 0.014583
0 0.078704 0.463542 0.025926 0.011458
0 0.092593 0.297917 0.022222 0.012500
0 0.782407 0.795833 0.037037 0.025000
0 0.098148 0.452083 0.025926 0.011458
0 0.116667 0.284375 0.027778 0.014583
0 0.583333 0.277083 0.025926 0.016667
0 0.125926 0.464583 0.031481 0.015625
0 0.150000 0.284375 0.025926 0.015625
0 0.328704 0.655729 0.025926 0.016667
0 0.156481 0.376042 0.031481 0.018750
0 0.212037 0.393750 0.018519 0.009375
0 0.157407 0.406250 0.024074 0.013542
0 0.592593 0.514062 0.024074 0.013542
0 0.172222 0.371354 0.022222 0.013542
0 0.367593 0.676562 0.035185 0.020833
0 0.863889 0.308854 0.024074 0.014583
0 0.359259 0.701562 0.031481 0.018750
0 0.992593 0.682813 0.012963 0.026042
0 0.604630 0.568229 0.024074 0.013542
0 0.422222 0.654167 0.022222 0.012500
0 0.419444 0.669271 0.037037 0.018750
0 1.008333 0.503646 0.031481 0.020833
0 0.998148 0.679688 0.031481 0.019792
0 0.395370 0.701042 0.027778 0.017708
0 0.418519 0.678125 0.024074 0.013542
0 0.912963 0.568750 0.018519 0.010417
0 1.009259 0.670312 0.035185 0.019792
0 0.667593 0.700521 0.027778 0.014583
0 0.500000 0.342708 0.033333 0.017708
0 0.562037 0.286458 0.029630 0.014583
0 0.780556 0.665104 0.042593 0.021875
0 0.992593 0.601042 0.014815 0.020833
0 0.500000 0.361979 0.027778 0.015625
0 0.995370 0.504687 0.020370 0.011458
0 0.812963 0.709375 0.038889 0.021875
0 0.518519 0.378125 0.027778 0.015625
0 0.519444 0.650000 0.029630 0.017708
0 0.994444 0.603125 0.009259 0.025000
0 0.939815 0.539062 0.042593 0.022917
0 0.850000 0.697917 0.051852 0.025000
0 0.993519 0.544271 0.011111 0.017708
0 0.993519 0.529687 0.012963 0.022917
0 0.987037 0.454688 0.022222 0.025000
0 0.975000 0.756771 0.033333 0.017708
0 0.994444 0.695833 0.009259 0.014583
0 0.994444 0.222917 0.009259 0.018750
0 0.995370 0.490625 0.007407 0.021875
0 0.990741 0.734896 0.016667 0.015625
0 0.923148 0.275521 0.029630 0.018750
0 0.522222 0.489583 0.024074 0.013542
0 0.997222 0.544271 0.024074 0.017708
0 0.811111 0.709375 0.038889 0.021875
0 0.912037 0.706250 0.029630 0.016667
0 0.912963 0.453125 0.038889 0.019792
0 0.581481 0.687500 0.027778 0.016667
0 0.762963 0.784375 0.031481 0.020833
0 0.994444 0.377083 0.009259 0.021875
0 0.992593 0.589063 0.012963 0.014583
0 0.994444 0.651042 0.029630 0.013542
0 0.495370 0.460938 0.027778 0.014583
0 0.990741 0.530729 0.018519 0.027083
0 0.995370 0.592708 0.007407 0.025000
0 0.993519 0.262500 0.009259 0.016667
0 0.934259 0.672917 0.037037 0.020833
0 0.986111 0.630729 0.027778 0.021875
0 1.009259 0.516146 0.088889 0.043750
0 0.907407 0.733333 0.031481 0.018750
0 0.993519 0.586979 0.012963 0.025000
0 0.993519 0.398958 0.011111 0.020833
0 0.996296 0.442188 0.003704 0.015625
0 0.995370 0.680729 0.007407 0.019792
0 0.936111 0.793750 0.033333 0.018750
0 0.992593 0.605729 0.012963 0.022917
0 0.993519 0.751563 0.012963 0.023958
0 0.996296 0.397396 0.003704 0.013542
0 0.997222 0.680729 0.012963 0.020833
0 0.924074 0.683333 0.033333 0.017708
0 1.012963 0.459375 0.048148 0.035417
0 0.610185 0.693229 0.027778 0.017708
0 1.009259 0.318229 0.042593 0.027083
0 0.993519 0.503125 0.009259 0.017708
0 0.987037 0.792708 0.018519 0.010417
0 0.995370 0.548438 0.009259 0.021875
0 0.630556 0.687500 0.022222 0.013542
0 0.991667 0.693750 0.035185 0.014583
0 0.900926 0.663021 0.022222 0.015625
