0 0.392593 0.554167 0.024074 0.014583
0 0.174074 0.647396 0.024074 0.013542
0 0.170370 0.662500 0.037037 0.020833
0 0.994444 0.453646 0.027778 0.017708
0 0.753704 0.660417 0.031481 0.020833
0 0.164815 0.694271 0.031481 0.017708
0 0.186111 0.669792 0.029630 0.016667
0 0.653704 0.549479 0.022222 0.012500
0 0.119444 0.671354 0.037037 0.019792
0 0.664815 0.285417 0.025926 0.013542
0 0.126852 0.695833 0.033333 0.019792
0 0.784259 0.665625 0.038889 0.025000
0 0.011111 0.383333 0.016667 0.013542
0 0.669444 0.654167 0.035185 0.019792
0 0.992593 0.266146 0.012963 0.022917
0 0.995370 0.599479 0.007407 0.021875
0 0.991667 0.335417 0.029630 0.017708
0 0.464815 0.292708 0.025926 0.013542
0 0.732407 0.358333 0.042593 0.025000
0 0.563889 0.780729 0.037037 0.022917
0 0.369444 0.675521 0.025926 0.016667
0 0.637963 0.433854 0.037037 0.021875
0 0.666667 0.687500 0.031481 0.018750
0 0.552778 0.693229 0.038889 0.021875
0 0.453704 0.261458 0.031481 0.018750
0 0.987037 0.517708 0.024074 0.018750
0 0.320370 0.475521 0.024074 0.014583
0 0.663889 0.252604 0.031481 0.018750
0 0.985185 0.722917 0.029630 0.018750
0 0.996296 0.538542 0.007407 0.020833
0 0.925000 0.216146 0.042593 0.025000
0 0.786111 0.763021 0.027778 0.016667
0 1.000926 0.375000 0.033333 0.022917
0 0.992593 0.723437 0.012963 0.019792
0 0.739815 0.734375 0.031481 0.016667
0 0.988889 0.399479 0.020370 0.022917
0 0.978704 0.486979 0.042593 0.026042
0 0.992593 0.551562 0.011111 0.018750
0 0.583333 0.680729 0.040741 0.023958
0 0.675926 0.519271 0.042593 0.021875
0 0.991667 0.272917 0.033333 0.015625
0 0.888889 0.576042 0.050000 0.026042
0 0.306481 0.639583 0.029630 0.016667
0 0.287963 0.361979 0.029630 0.015625
0 0.552778 0.694792 0.035185 0.019792
0 0.987037 0.484896 0.022222 0.012500
0 0.271296 0.347396 0.035185 0.017708
0 0.991667 0.588542 0.012963 0.019792
0 0.000000 0.000000 0.000000 0.000000
0 0.356481 0.255208 0.018519 0.019792
0 0.261111 0.325521 0.033333 0.016667
0 0.464815 0.685417 0.027778 0.014583
0 0.845370 0.659375 0.037037 0.019792
0 0.516667 0.650521 0.042593 0.022917
0 0.990741 0.544792 0.016667 0.026042
0 0.284259 0.447396 0.029630 0.016667
0 0.852778 0.634375 0.035185 0.015625
0 1.002778 0.288021 0.022222 0.014583
0 0.307407 0.305208 0.018519 0.009375
0 0.656481 0.538021 0.027778 0.016667
0 0.991667 0.545312 0.033333 0.018750
0 0.990741 0.578646 0.016667 0.018750
0 0.632407 0.646354 0.022222 0.014583
0 0.997222 0.696875 0.027778 0.016667
0 0.414815 0.674479 0.022222 0.013542
0 0.925926 0.548438 0.040741 0.022917
0 0.758333 0.771354 0.025926 0.014583
0 0.993519 0.515625 0.011111 0.018750
0 0.985185 0.279167 0.024074 0.015625
0 1.007407 0.569792 0.027778 0.016667
0 0.397222 0.680208 0.027778 0.015625
0 0.998148 0.547396 0.025926 0.018750
0 0.664815 0.665104 0.033333 0.016667
0 0.751852 0.660417 0.035185 0.020833
0 1.003704 0.258333 0.027778 0.014583
0 0.996296 0.415625 0.005556 0.015625
0 0.944444 0.723437 0.042593 0.021875
0 0.993519 0.592708 0.012963 0.020833
0 0.704630 0.773438 0.031481 0.018750
0 0.784259 0.665625 0.040741 0.023958
0 0.995370 0.488021 0.005556 0.019792
0 0.760185 0.380729 0.042593 0.023958
0 0.993519 0.688542 0.011111 0.020833
0 0.669444 0.714063 0.031481 0.018750
0 1.002778 0.503125 0.051852 0.026042
0 0.985185 0.589063 0.025926 0.020833
