0 0.002778 0.277604 0.005556 0.012500
0 0.184259 0.653125 0.025926 0.013542
0 0.004630 0.371354 0.009259 0.016667
0 0.073148 0.387500 0.018519 0.010417
0 0.017593 0.402083 0.027778 0.013542
0 0.463889 0.502604 0.020370 0.011458
0 0.025926 0.366146 0.025926 0.012500
0 0.214815 0.670833 0.037037 0.020833
0 0.716667 0.291146 0.024074 0.013542
0 0.215741 0.695833 0.033333 0.018750
0 0.877778 0.663021 0.038889 0.023958
0 0.466667 0.555729 0.025926 0.013542
0 0.267593 0.647396 0.024074 0.012500
0 0.266667 0.662500 0.037037 0.019792
0 1.008333 0.459375 0.029630 0.018750
0 0.844444 0.657813 0.031481 0.020833
0 0.252778 0.694271 0.029630 0.018750
0 0.271296 0.670833 0.027778 0.014583
0 0.737963 0.550521 0.020370 0.011458
0 0.910185 0.659375 0.025926 0.014583
0 0.537037 0.685417 0.027778 0.014583
0 0.338889 0.331771 0.033333 0.018750
0 0.414815 0.271354 0.031481 0.016667
0 0.616667 0.648438 0.044444 0.021875
0 0.000000 0.000000 0.000000 0.000000
0 0.991667 0.592187 0.012963 0.020833
0 0.343519 0.351562 0.029630 0.016667
0 0.994444 0.487500 0.022222 0.012500
0 0.650926 0.690625 0.038889 0.023958
0 0.363889 0.367188 0.025926 0.015625
0 0.383333 0.640104 0.029630 0.016667
0 0.991667 0.725000 0.016667 0.015625
0 0.996296 0.526042 0.007407 0.021875
0 0.997222 0.223958 0.009259 0.019792
0 0.866667 0.759896 0.027778 0.016667
0 1.000000 0.357292 0.035185 0.023958
0 0.994444 0.710938 0.011111 0.016667
0 0.823148 0.731771 0.031481 0.016667
0 0.987963 0.400000 0.020370 0.022917
0 0.992593 0.497917 0.011111 0.022917
0 0.992593 0.542708 0.011111 0.017708
0 0.683333 0.678646 0.046296 0.022917
0 0.766667 0.519792 0.040741 0.021875
0 0.995370 0.279167 0.031481 0.015625
0 0.977778 0.575000 0.044444 0.026042
0 1.004630 0.506250 0.070370 0.034375
0 0.990741 0.539062 0.016667 0.026042
0 0.353704 0.450521 0.027778 0.015625
0 0.949074 0.631771 0.027778 0.012500
0 1.002778 0.297396 0.024074 0.015625
0 0.743519 0.538542 0.025926 0.014583
0 0.991667 0.540104 0.031481 0.018750
0 0.990741 0.575000 0.014815 0.017708
0 0.730556 0.644271 0.024074 0.016667
0 0.990741 0.684896 0.035185 0.020833
0 0.493519 0.673958 0.022222 0.013542
0 0.994444 0.542708 0.009259 0.023958
0 0.840741 0.767708 0.022222 0.013542
0 0.993519 0.527604 0.011111 0.018750
0 1.005556 0.286979 0.029630 0.017708
0 1.009259 0.568750 0.033333 0.020833
0 0.475000 0.679688 0.029630 0.015625
0 1.005556 0.521875 0.029630 0.021875
0 0.759259 0.663021 0.033333 0.015625
0 0.843519 0.657813 0.037037 0.021875
0 1.003704 0.277083 0.029630 0.015625
0 0.996296 0.402604 0.005556 0.014583
0 0.992593 0.716146 0.011111 0.022917
0 0.993519 0.599479 0.012963 0.021875
0 0.788889 0.769792 0.031481 0.017708
0 0.878704 0.661979 0.040741 0.022917
0 0.996296 0.457292 0.005556 0.017708
0 0.863889 0.383854 0.042593 0.022917
0 0.992593 0.653646 0.011111 0.022917
0 0.754630 0.711979 0.031481 0.019792
0 0.987037 0.593229 0.027778 0.021875
0 0.764815 0.652083 0.037037 0.018750
0 0.984259 0.263021 0.031481 0.020833
0 0.995370 0.601042 0.007407 0.022917
0 0.986111 0.338542 0.029630 0.016667
0 0.837963 0.361458 0.042593 0.022917
0 0.650926 0.778646 0.033333 0.021875
0 0.446296 0.675521 0.027778 0.016667
0 0.732407 0.435417 0.037037 0.020833
0 0.754630 0.684896 0.029630 0.017708
0 0.650000 0.691146 0.037037 0.021875
0 0.563889 0.269792 0.033333 0.020833
0 0.997222 0.523438 0.024074 0.018750
0 0.387037 0.478646 0.024074 0.013542
0 0.723148 0.258333 0.029630 0.019792
