0 0.385185 0.654687 0.037037 0.019792
0 0.051852 0.696875 0.031481 0.017708
0 0.633333 0.665104 0.035185 0.020833
0 0.932407 0.437500 0.029630 0.019792
0 0.048148 0.665104 0.038889 0.020833
0 0.054630 0.649479 0.025926 0.014583
0 0.297222 0.555208 0.024074 0.013542
0 0.652778 0.668750 0.031481 0.019792
0 0.014815 0.698438 0.029630 0.019792
0 0.589815 0.285938 0.024074 0.012500
0 0.008333 0.672917 0.016667 0.020833
0 0.205556 0.255208 0.018519 0.019792
0 0.161111 0.325521 0.035185 0.017708
0 0.366667 0.688021 0.027778 0.015625
0 0.716667 0.665625 0.031481 0.018750
0 0.562963 0.555208 0.022222 0.012500
0 0.074074 0.672396 0.033333 0.018750
0 0.839815 0.490625 0.046296 0.026042
0 0.991667 0.539062 0.014815 0.021875
0 0.453704 0.686458 0.042593 0.025000
0 0.552778 0.522396 0.038889 0.021875
0 0.917593 0.273958 0.031481 0.015625
0 0.761111 0.580729 0.050000 0.027083
0 0.205556 0.641667 0.031481 0.018750
0 0.189815 0.362500 0.029630 0.016667
0 0.418519 0.700000 0.037037 0.022917
0 0.902778 0.488021 0.022222 0.012500
0 0.172222 0.345833 0.029630 0.014583
0 0.991667 0.583333 0.012963 0.019792
0 -0.075926 0.337500 0.000000 0.000000
0 0.904630 0.286458 0.022222 0.015625
0 0.721296 0.639062 0.037037 0.016667
0 0.855556 0.533333 0.024074 0.014583
0 0.861111 0.553646 0.027778 0.016667
0 0.191667 0.447396 0.025926 0.016667
0 0.987037 0.540625 0.024074 0.026042
0 0.206481 0.304688 0.018519 0.009375
0 0.537963 0.540625 0.029630 0.015625
0 0.987037 0.551562 0.035185 0.019792
0 0.969444 0.643229 0.025926 0.014583
0 0.990741 0.577083 0.018519 0.020833
0 0.500000 0.651563 0.027778 0.017708
0 0.899074 0.707812 0.024074 0.014583
0 0.311111 0.677083 0.020370 0.012500
0 0.791667 0.552604 0.040741 0.022917
0 0.644444 0.775521 0.025926 0.015625
0 0.993519 0.522917 0.012963 0.019792
0 0.914815 0.282813 0.027778 0.016667
0 0.889815 0.578125 0.024074 0.015625
0 0.293519 0.683333 0.029630 0.016667
0 0.867593 0.554167 0.022222 0.018750
0 0.537963 0.669792 0.035185 0.014583
0 0.632407 0.665104 0.033333 0.020833
0 0.922222 0.251563 0.027778 0.015625
0 0.995370 0.433333 0.005556 0.017708
0 0.814815 0.729167 0.044444 0.020833
0 0.992593 0.580729 0.011111 0.020833
0 0.591667 0.778125 0.029630 0.018750
0 0.662963 0.673958 0.031481 0.018750
0 0.982407 0.508333 0.033333 0.020833
0 0.617593 0.383333 0.048148 0.022917
0 0.931481 0.695833 0.044444 0.022917
0 0.552778 0.718750 0.033333 0.018750
0 0.995370 0.509896 0.005556 0.018750
0 0.987963 0.586979 0.024074 0.018750
0 0.540741 0.658333 0.037037 0.020833
0 0.914815 0.264062 0.038889 0.025000
0 0.995370 0.582292 0.007407 0.020833
0 0.985185 0.333854 0.029630 0.017708
0 0.350000 0.282292 0.027778 0.014583
0 0.588889 0.360417 0.042593 0.025000
0 0.452778 0.784896 0.044444 0.022917
0 0.266667 0.678125 0.025926 0.015625
0 0.985185 0.493229 0.022222 0.011458
0 0.511111 0.435417 0.038889 0.020833
0 0.548148 0.691667 0.031481 0.017708
0 0.420370 0.698438 0.035185 0.023958
0 0.308333 0.261979 0.029630 0.017708
0 0.930556 0.276562 0.018519 0.014583
0 0.880556 0.521875 0.035185 0.018750
0 0.233333 0.476042 0.025926 0.014583
0 0.578704 0.252604 0.029630 0.019792
0 0.861111 0.728125 0.035185 0.018750
0 0.954630 0.547917 0.048148 0.025000
0 0.798148 0.217188 0.042593 0.026042
0 0.675000 0.768229 0.025926 0.016667
0 1.000000 0.386979 0.029630 0.021875
0 0.893519 0.724479 0.035185 0.020833
0 0.625926 0.739583 0.033333 0.017708
0 0.987963 0.378125 0.020370 0.022917
