0 0.592593 0.565104 0.024074 0.013542
0 0.404630 0.666667 0.035185 0.019792
0 0.147222 0.404167 0.025926 0.015625
0 0.581481 0.511979 0.022222 0.013542
0 0.162037 0.368229 0.024074 0.012500
0 0.353704 0.672917 0.037037 0.020833
0 0.852778 0.306771 0.020370 0.012500
0 0.345370 0.698438 0.029630 0.018750
0 0.992593 0.678646 0.012963 0.023958
0 0.407407 0.651563 0.022222 0.012500
0 0.023148 0.252604 0.025926 0.014583
0 0.017593 0.468229 0.024074 0.015625
0 0.048148 0.281771 0.024074 0.013542
0 0.681481 0.637500 0.033333 0.019792
0 0.055556 0.469792 0.025926 0.014583
0 0.071296 0.285938 0.024074 0.014583
0 0.065741 0.460938 0.024074 0.012500
0 0.083333 0.296354 0.022222 0.013542
0 0.766667 0.792188 0.037037 0.025000
0 0.088889 0.447917 0.024074 0.012500
0 0.106481 0.282292 0.027778 0.014583
0 0.572222 0.275000 0.027778 0.015625
0 0.113889 0.461979 0.031481 0.015625
0 0.140741 0.281771 0.025926 0.014583
0 0.316667 0.652604 0.029630 0.015625
0 0.144444 0.373958 0.033333 0.018750
0 0.202778 0.391146 0.018519 0.009375
0 0.958333 0.753125 0.031481 0.017708
0 0.996296 0.781771 0.025926 0.014583
0 0.994444 0.223438 0.009259 0.019792
0 0.995370 0.490625 0.007407 0.021875
0 0.990741 0.731250 0.016667 0.015625
0 0.906481 0.273438 0.029630 0.019792
0 0.511111 0.486979 0.024074 0.013542
0 0.997222 0.543750 0.024074 0.018750
0 0.795370 0.706250 0.038889 0.021875
0 0.896296 0.703125 0.029630 0.016667
0 0.896296 0.451042 0.038889 0.019792
0 0.568519 0.683854 0.025926 0.015625
0 0.748148 0.780729 0.031481 0.020833
0 0.995370 0.379688 0.009259 0.021875
0 0.995370 0.603125 0.009259 0.023958
0 0.993519 0.260417 0.009259 0.016667
0 0.916667 0.669271 0.037037 0.019792
0 0.986111 0.628646 0.027778 0.021875
0 1.005556 0.512500 0.090741 0.044792
0 0.891667 0.730208 0.029630 0.018750
0 0.992593 0.602083 0.012963 0.025000
0 0.993519 0.400000 0.011111 0.020833
0 0.996296 0.442188 0.005556 0.015625
0 0.988889 0.677604 0.027778 0.020833
0 0.920370 0.790104 0.031481 0.018750
0 0.992593 0.600521 0.012963 0.022917
0 0.992593 0.746875 0.012963 0.025000
0 0.996296 0.396354 0.003704 0.012500
0 0.987963 0.677604 0.024074 0.020833
0 0.906481 0.680208 0.033333 0.017708
0 1.011111 0.470313 0.044444 0.033333
0 0.597222 0.689583 0.029630 0.016667
0 1.007407 0.315104 0.040741 0.026042
0 0.993519 0.503646 0.009259 0.017708
0 0.971296 0.789583 0.018519 0.011458
0 0.995370 0.548958 0.009259 0.021875
0 0.616667 0.684375 0.022222 0.013542
0 0.993519 0.697396 0.035185 0.015625
0 0.883333 0.660417 0.024074 0.015625
0 0.992593 0.584896 0.012963 0.015625
0 0.994444 0.647917 0.031481 0.014583
0 0.483333 0.458333 0.025926 0.015625
0 0.990741 0.539583 0.016667 0.027083
0 0.991667 0.604167 0.014815 0.020833
0 0.486111 0.359896 0.029630 0.015625
0 0.992593 0.503646 0.020370 0.011458
0 0.795370 0.705208 0.038889 0.021875
0 0.506481 0.375521 0.027778 0.014583
0 0.506481 0.646875 0.029630 0.017708
0 0.994444 0.605208 0.009259 0.025000
0 0.924074 0.536458 0.040741 0.022917
0 0.829630 0.694792 0.044444 0.022917
0 0.992593 0.541667 0.011111 0.016667
0 0.993519 0.526042 0.012963 0.022917
0 0.987037 0.450000 0.022222 0.025000
0 0.994444 0.698438 0.009259 0.014583
0 0.382407 0.697917 0.029630 0.018750
0 0.990741 0.677604 0.031481 0.019792
0 1.007407 0.499479 0.029630 0.018750
0 0.403704 0.675000 0.024074 0.013542
0 0.895370 0.566146 0.018519 0.010417
0 1.009259 0.666146 0.031481 0.017708
0 0.654630 0.697396 0.025926 0.014583
0 0.486111 0.340104 0.029630 0.016667
0 0.550926 0.284896 0.025926 0.015625
0 0.763889 0.661458 0.042593 0.022917
