0 0.961111 0.493750 0.022222 0.012500
0 0.925926 0.539062 0.022222 0.012500
0 0.795370 0.642188 0.035185 0.016667
0 0.979630 0.293229 0.022222 0.014583
0 0.263889 0.308333 0.018519 0.009375
0 0.604630 0.544271 0.027778 0.015625
0 0.991667 0.552604 0.033333 0.019792
0 0.998148 0.643229 0.025926 0.015625
0 0.990741 0.586979 0.016667 0.019792
0 0.574074 0.654687 0.025926 0.016667
0 0.972222 0.712500 0.025926 0.015625
0 0.367593 0.680208 0.020370 0.012500
0 0.868519 0.556771 0.040741 0.021875
0 0.708333 0.780208 0.025926 0.014583
0 0.993519 0.527083 0.011111 0.019792
0 0.985185 0.290104 0.024074 0.015625
0 0.933333 0.732292 0.033333 0.018750
0 0.995370 0.549479 0.007407 0.020833
0 0.873148 0.223958 0.042593 0.023958
0 0.736111 0.772396 0.027778 0.015625
0 1.000000 0.380208 0.033333 0.022917
0 0.965741 0.729167 0.035185 0.020833
0 0.689815 0.743750 0.031481 0.018750
0 0.987963 0.398958 0.020370 0.022917
0 0.921296 0.495312 0.046296 0.023958
0 0.992593 0.555208 0.011111 0.018750
0 0.524074 0.688542 0.042593 0.022917
0 0.623148 0.526042 0.042593 0.021875
0 0.992593 0.280729 0.031481 0.015625
0 0.835185 0.584896 0.050000 0.026042
0 0.260185 0.644271 0.031481 0.017708
0 0.244444 0.365104 0.031481 0.015625
0 0.492593 0.701562 0.035185 0.020833
0 0.226852 0.348438 0.031481 0.015625
0 0.991667 0.593229 0.012963 0.019792
0 -0.075926 0.337500 0.000000 0.000000
0 0.459259 0.656771 0.040741 0.021875
0 0.293519 0.258333 0.018519 0.019792
0 0.217593 0.328125 0.033333 0.016667
0 0.419444 0.691667 0.027778 0.014583
0 0.788889 0.668750 0.037037 0.019792
0 0.611111 0.557292 0.022222 0.012500
0 0.134259 0.673958 0.029630 0.016667
0 0.112037 0.698958 0.031481 0.017708
0 0.700926 0.667708 0.031481 0.019792
0 1.000000 0.442708 0.029630 0.018750
0 0.113889 0.667188 0.037037 0.020833
0 0.118519 0.651563 0.027778 0.014583
0 0.350926 0.558333 0.025926 0.015625
0 0.726852 0.672396 0.031481 0.019792
0 0.073148 0.700000 0.035185 0.019792
0 0.635185 0.292187 0.024074 0.012500
0 0.062037 0.675000 0.037037 0.019792
0 0.672222 0.364583 0.042593 0.025000
0 0.995370 0.497917 0.005556 0.020833
0 0.728704 0.674479 0.040741 0.025000
0 0.653704 0.782292 0.031481 0.018750
0 0.992593 0.592187 0.011111 0.020833
0 0.890741 0.732812 0.046296 0.021875
0 0.995370 0.424479 0.005556 0.016667
0 0.998148 0.259375 0.027778 0.015625
0 0.700000 0.668750 0.031481 0.020833
0 0.608333 0.672917 0.035185 0.015625
0 0.942593 0.557813 0.025926 0.019792
0 0.349074 0.685937 0.029630 0.016667
0 0.961111 0.582292 0.025926 0.016667
0 0.244444 0.451562 0.025926 0.015625
0 0.991667 0.554167 0.014815 0.023958
0 0.628704 0.258333 0.031481 0.018750
0 0.281481 0.479167 0.025926 0.014583
0 0.942593 0.527604 0.033333 0.017708
0 0.393519 0.265625 0.031481 0.018750
0 0.494444 0.701042 0.038889 0.021875
0 0.614815 0.695833 0.031481 0.017708
0 0.584259 0.440104 0.038889 0.021875
0 0.322222 0.681250 0.025926 0.016667
0 0.512037 0.789062 0.040741 0.021875
0 0.416667 0.292187 0.025926 0.013542
0 0.986111 0.339062 0.029630 0.017708
0 0.995370 0.600521 0.007407 0.021875
0 0.985185 0.271875 0.029630 0.025000
0 0.612963 0.661979 0.037037 0.019792
0 0.987037 0.592708 0.025926 0.020833
0 1.007407 0.505729 0.050000 0.023958
0 0.617593 0.722396 0.031481 0.018750
0 0.989815 0.700521 0.018519 0.025000
0 0.700926 0.388021 0.042593 0.023958
