0 0.661111 0.632812 0.029630 0.018750
0 0.038889 0.465625 0.025926 0.014583
0 0.054630 0.280729 0.024074 0.013542
0 0.050926 0.456771 0.024074 0.012500
0 0.065741 0.290625 0.024074 0.014583
0 0.744444 0.786458 0.035185 0.025000
0 0.072222 0.443750 0.024074 0.012500
0 0.087963 0.278125 0.027778 0.015625
0 0.009259 0.247917 0.018519 0.015625
0 0.007407 0.465104 0.014815 0.015625
0 0.031481 0.276562 0.025926 0.014583
0 0.995370 0.546354 0.009259 0.020833
0 0.596296 0.679167 0.022222 0.013542
0 1.000000 0.681771 0.037037 0.015625
0 0.858333 0.655729 0.024074 0.015625
0 0.996296 0.395313 0.005556 0.013542
0 0.966667 0.672396 0.035185 0.020833
0 0.881481 0.675000 0.031481 0.016667
0 0.992593 0.578125 0.014815 0.015625
0 1.011111 0.480729 0.042593 0.032292
0 0.577778 0.684896 0.029630 0.015625
0 1.007407 0.311979 0.037037 0.023958
0 0.994444 0.504167 0.011111 0.017708
0 0.947222 0.783333 0.018519 0.011458
0 0.990741 0.539062 0.016667 0.026042
0 0.465741 0.453125 0.027778 0.018750
0 0.995370 0.649479 0.031481 0.014583
0 0.992593 0.539062 0.029630 0.017708
0 0.899074 0.532292 0.038889 0.021875
0 0.992593 0.743750 0.012963 0.025000
0 0.992593 0.602083 0.012963 0.022917
0 0.896296 0.783854 0.031481 0.017708
0 1.000926 0.676562 0.033333 0.019792
0 0.996296 0.441667 0.005556 0.015625
0 0.998148 0.396875 0.011111 0.020833
0 0.992593 0.616667 0.012963 0.025000
0 0.866667 0.724479 0.033333 0.018750
0 1.008333 0.508333 0.088889 0.042708
0 0.985185 0.625521 0.027778 0.021875
0 0.890741 0.664583 0.035185 0.019792
0 0.994444 0.257292 0.011111 0.017708
0 0.994444 0.605729 0.007407 0.023958
0 0.987037 0.373958 0.025926 0.021875
0 0.726852 0.774479 0.029630 0.019792
0 0.549074 0.679688 0.027778 0.015625
0 0.871296 0.446875 0.037037 0.019792
0 0.871296 0.697396 0.027778 0.017708
0 0.770370 0.700521 0.038889 0.022917
0 0.997222 0.542188 0.024074 0.018750
0 0.493519 0.482812 0.024074 0.013542
0 0.879630 0.269271 0.029630 0.019792
0 0.991667 0.725521 0.016667 0.015625
0 0.995370 0.500000 0.007407 0.021875
0 0.993519 0.223958 0.009259 0.018750
0 0.974074 0.776563 0.024074 0.015625
0 0.994444 0.702083 0.011111 0.015625
0 0.934259 0.746875 0.031481 0.016667
0 0.987037 0.440104 0.022222 0.025000
0 0.993519 0.521354 0.012963 0.022917
0 0.993519 0.542188 0.011111 0.017708
0 0.806481 0.689063 0.051852 0.023958
0 0.994444 0.603125 0.009259 0.025000
0 0.488889 0.642188 0.029630 0.017708
0 0.487963 0.371875 0.027778 0.014583
0 0.771296 0.701042 0.035185 0.020833
0 0.994444 0.497917 0.020370 0.011458
0 0.469444 0.355729 0.031481 0.016667
0 0.992593 0.606771 0.014815 0.020833
0 0.739815 0.657292 0.042593 0.021875
0 0.533333 0.280208 0.027778 0.015625
0 0.467593 0.336458 0.031481 0.017708
0 0.636111 0.692187 0.025926 0.014583
0 1.008333 0.669271 0.027778 0.016667
0 0.870370 0.561458 0.018519 0.010417
0 0.385185 0.670312 0.024074 0.013542
0 0.363889 0.693229 0.027778 0.017708
0 0.967593 0.672396 0.035185 0.020833
0 1.007407 0.495833 0.029630 0.018750
0 0.385185 0.661979 0.035185 0.018750
0 0.387037 0.646875 0.022222 0.012500
0 0.573148 0.560937 0.022222 0.013542
0 0.990741 0.678646 0.018519 0.021875
0 0.327778 0.693750 0.031481 0.018750
0 0.850000 0.305208 0.022222 0.012500
0 0.334259 0.668750 0.037037 0.020833
0 0.146296 0.364583 0.024074 0.012500
0 0.565741 0.507812 0.024074 0.013542
0 0.132407 0.400000 0.024074 0.015625
0 0.187037 0.386979 0.018519 0.009375
0 0.125000 0.369271 0.033333 0.018750
0 0.299074 0.648438 0.029630 0.016667
0 0.123148 0.277083 0.025926 0.014583
0 0.099074 0.458333 0.029630 0.016667
0 0.552778 0.270833 0.027778 0.015625
