0 0.993519 0.497917 0.011111 0.021875
0 0.723148 0.681771 0.048148 0.023958
0 0.809259 0.523958 0.040741 0.020833
0 0.991667 0.539583 0.016667 0.026042
0 0.823148 0.773438 0.029630 0.018750
0 0.992593 0.599479 0.012963 0.021875
0 0.993519 0.726562 0.012963 0.023958
0 0.996296 0.402083 0.005556 0.014583
0 0.881481 0.661979 0.037037 0.021875
0 0.799074 0.665625 0.033333 0.016667
0 1.007407 0.509896 0.033333 0.026042
0 0.510185 0.681250 0.029630 0.015625
0 1.009259 0.565104 0.037037 0.023958
0 1.006481 0.295312 0.031481 0.019792
0 0.994444 0.513542 0.011111 0.018750
0 0.874074 0.771875 0.020370 0.012500
0 0.994444 0.539583 0.009259 0.021875
0 0.527778 0.675521 0.020370 0.013542
0 0.988889 0.699479 0.031481 0.014583
0 0.772222 0.647917 0.024074 0.016667
0 0.991667 0.577083 0.014815 0.016667
0 0.992593 0.541146 0.031481 0.017708
0 1.002778 0.303125 0.024074 0.015625
0 0.991667 0.635938 0.029630 0.013542
0 0.390741 0.453125 0.027778 0.016667
0 0.901852 0.764062 0.025926 0.015625
0 0.994444 0.714063 0.011111 0.015625
0 0.858333 0.735938 0.029630 0.017708
0 0.987037 0.410938 0.020370 0.023958
0 0.993519 0.542708 0.011111 0.016667
0 0.994444 0.225000 0.011111 0.019792
0 0.995370 0.511458 0.007407 0.021875
0 0.991667 0.721875 0.016667 0.015625
0 0.773148 0.264062 0.031481 0.020833
0 0.421296 0.480729 0.024074 0.013542
0 0.999074 0.521354 0.024074 0.018750
0 0.617593 0.275000 0.035185 0.020833
0 0.688889 0.693750 0.038889 0.022917
0 0.792593 0.688542 0.029630 0.016667
0 0.776852 0.439583 0.037037 0.020833
0 0.480556 0.676562 0.024074 0.016667
0 0.657407 0.768750 0.027778 0.018750
0 0.887037 0.366667 0.042593 0.022917
0 0.987037 0.345313 0.029630 0.016667
0 0.995370 0.600521 0.007407 0.022917
0 0.991667 0.267708 0.011111 0.018750
0 0.805556 0.655208 0.037037 0.019792
0 0.986111 0.604688 0.027778 0.021875
0 1.007407 0.498958 0.081481 0.039583
0 0.791667 0.714583 0.031481 0.018750
0 0.993519 0.638542 0.012963 0.022917
0 0.912963 0.389062 0.044444 0.021875
0 0.996296 0.450521 0.005556 0.016667
0 0.918519 0.665625 0.038889 0.021875
0 0.495370 0.504687 0.024074 0.012500
0 0.994444 0.583854 0.009259 0.023958
0 0.419444 0.641146 0.029630 0.016667
0 0.404630 0.370312 0.025926 0.016667
0 0.689815 0.693750 0.038889 0.020833
0 0.991667 0.491146 0.022222 0.011458
0 0.385185 0.354167 0.027778 0.014583
0 0.991667 0.595833 0.012963 0.020833
0 0.657407 0.650521 0.042593 0.021875
0 0.450000 0.277083 0.025926 0.015625
0 0.381481 0.334375 0.031481 0.016667
0 0.569444 0.686979 0.025926 0.013542
0 0.947222 0.664062 0.024074 0.013542
0 0.780556 0.554167 0.018519 0.010417
0 0.312037 0.670312 0.025926 0.014583
0 0.291667 0.694271 0.029630 0.018750
0 0.883333 0.661458 0.035185 0.020833
0 1.007407 0.473958 0.029630 0.018750
0 0.308333 0.661979 0.035185 0.018750
0 0.309259 0.647396 0.022222 0.012500
0 0.501852 0.557813 0.025926 0.013542
0 0.917593 0.666146 0.038889 0.023958
0 0.255556 0.695312 0.033333 0.018750
0 0.747222 0.299479 0.024074 0.012500
0 0.258333 0.669792 0.037037 0.020833
0 0.066667 0.366667 0.024074 0.012500
0 0.056481 0.402083 0.024074 0.013542
0 0.111111 0.389062 0.020370 0.010417
0 0.037963 0.372396 0.033333 0.018750
0 0.225000 0.650521 0.027778 0.015625
0 0.036111 0.278646 0.027778 0.015625
0 0.016667 0.461979 0.029630 0.014583
0 0.465741 0.268229 0.025926 0.012500
0 0.008333 0.279687 0.016667 0.016667
0 0.004630 0.448437 0.009259 0.013542
