0 0.838889 0.553125 0.025926 0.016667
0 0.837037 0.531771 0.027778 0.015625
0 0.700926 0.638542 0.035185 0.015625
0 0.880556 0.286458 0.024074 0.015625
0 0.186111 0.305729 0.020370 0.009375
0 0.990741 0.574479 0.018519 0.019792
0 0.481481 0.652083 0.027778 0.016667
0 0.880556 0.706250 0.024074 0.013542
0 0.296296 0.680208 0.022222 0.013542
0 0.995370 0.525000 0.012963 0.021875
0 0.870370 0.577083 0.024074 0.015625
0 0.892593 0.282292 0.029630 0.017708
0 0.862037 0.520833 0.035185 0.018750
0 0.909259 0.274479 0.020370 0.014583
0 0.284259 0.263021 0.029630 0.017708
0 0.401852 0.700000 0.035185 0.022917
0 0.529630 0.692187 0.031481 0.017708
0 0.489815 0.435937 0.037037 0.020833
0 0.961111 0.491667 0.022222 0.010417
0 0.250926 0.679167 0.025926 0.014583
0 0.437037 0.785937 0.042593 0.022917
0 0.564815 0.360417 0.040741 0.025000
0 0.330556 0.283333 0.025926 0.014583
0 0.985185 0.336979 0.029630 0.017708
0 0.992593 0.580729 0.014815 0.020833
0 0.888889 0.264583 0.038889 0.025000
0 0.522222 0.658854 0.037037 0.021875
0 0.987037 0.581771 0.024074 0.018750
0 0.996296 0.511458 0.007407 0.019792
0 0.536111 0.719271 0.031481 0.019792
0 0.912037 0.694271 0.044444 0.025000
0 0.595370 0.383854 0.044444 0.022917
0 0.962037 0.507292 0.037037 0.020833
0 0.642593 0.672396 0.037037 0.019792
0 0.575926 0.778646 0.029630 0.018750
0 0.993519 0.576562 0.011111 0.020833
0 0.796296 0.728125 0.044444 0.020833
0 0.996296 0.430729 0.007407 0.017708
0 0.628704 0.775521 0.025926 0.015625
0 0.910185 0.436458 0.031481 0.019792
0 0.029630 0.667708 0.038889 0.019792
0 0.614815 0.664583 0.037037 0.020833
0 0.280556 0.556771 0.024074 0.014583
0 0.632407 0.667708 0.033333 0.019792
0 0.005556 0.701042 0.011111 0.021875
0 0.570370 0.286458 0.024074 0.012500
0 0.035185 0.652083 0.027778 0.014583
0 0.034259 0.699479 0.033333 0.017708
0 0.057407 0.673958 0.031481 0.017708
0 0.548148 0.555729 0.024074 0.012500
0 0.700000 0.664583 0.031481 0.018750
0 0.351852 0.689583 0.027778 0.014583
0 0.140741 0.326562 0.033333 0.018750
0 0.180556 0.255729 0.018519 0.018750
0 0.365741 0.655208 0.037037 0.019792
0 -0.075926 0.337500 0.000000 0.000000
0 0.991667 0.578646 0.012963 0.019792
0 0.151852 0.347396 0.029630 0.015625
0 0.884259 0.486458 0.020370 0.012500
0 0.400000 0.700521 0.037037 0.022917
0 0.171296 0.363542 0.029630 0.015625
0 0.188889 0.642708 0.031481 0.017708
0 0.740741 0.580208 0.050000 0.027083
0 0.892593 0.273958 0.031481 0.015625
0 0.532407 0.522396 0.038889 0.021875
0 0.436111 0.686979 0.038889 0.025000
0 0.992593 0.541146 0.014815 0.021875
0 0.815741 0.489583 0.046296 0.025000
0 0.989815 0.373437 0.020370 0.022917
0 0.609259 0.739583 0.031481 0.017708
0 0.874074 0.723437 0.035185 0.019792
0 1.000000 0.388542 0.029630 0.020833
0 0.659259 0.768229 0.024074 0.016667
0 0.773148 0.217708 0.042593 0.025000
0 0.931481 0.546875 0.046296 0.025000
0 0.842593 0.727604 0.033333 0.019792
0 0.559259 0.253125 0.029630 0.018750
0 0.216667 0.477083 0.025926 0.014583
0 1.001852 0.373437 0.027778 0.014583
0 0.987963 0.557292 0.035185 0.019792
0 0.518519 0.541146 0.027778 0.016667
0 0.650000 0.452083 0.038889 0.022917
0 0.175000 0.448437 0.025926 0.016667
0 0.987037 0.540625 0.024074 0.026042
0 0.896296 0.251563 0.027778 0.015625
0 0.614815 0.664583 0.037037 0.019792
0 0.518519 0.670312 0.033333 0.016667
0 0.848148 0.553125 0.024074 0.019792
0 0.277778 0.684896 0.027778 0.016667
0 0.769444 0.552083 0.038889 0.022917
0 0.949074 0.641667 0.025926 0.014583
