0 1.008333 0.506250 0.031481 0.020833
0 0.991667 0.666146 0.022222 0.020833
0 0.445370 0.698438 0.029630 0.018750
0 0.469444 0.676042 0.022222 0.012500
0 0.975926 0.561979 0.016667 0.010417
0 1.013889 0.656771 0.046296 0.027083
0 0.717593 0.696354 0.027778 0.014583
0 0.537037 0.336979 0.031481 0.017708
0 0.596296 0.279687 0.025926 0.014583
0 0.844444 0.659896 0.044444 0.022917
0 0.536111 0.356771 0.025926 0.016667
0 0.994444 0.507292 0.020370 0.011458
0 0.877778 0.704167 0.040741 0.023958
0 0.628704 0.509896 0.024074 0.013542
0 0.047222 0.457292 0.022222 0.011458
0 0.003704 0.550000 0.007407 0.013542
0 0.853704 0.690104 0.029630 0.015625
0 0.011111 0.486979 0.022222 0.013542
0 0.027778 0.479687 0.025926 0.013542
0 0.057407 0.254167 0.027778 0.014583
0 0.059259 0.472396 0.025926 0.015625
0 0.079630 0.282813 0.025926 0.015625
0 0.747222 0.636458 0.038889 0.020833
0 0.097222 0.472396 0.025926 0.014583
0 0.102778 0.286979 0.024074 0.014583
0 0.109259 0.463021 0.024074 0.011458
0 0.113889 0.297396 0.024074 0.013542
0 0.841667 0.791667 0.038889 0.025000
0 0.132407 0.451562 0.025926 0.011458
0 0.141667 0.283333 0.029630 0.015625
0 0.619444 0.269792 0.025926 0.015625
0 0.160185 0.464062 0.031481 0.015625
0 0.176852 0.282292 0.025926 0.014583
0 0.375926 0.653646 0.027778 0.016667
0 0.191667 0.375000 0.031481 0.020833
0 0.239815 0.392708 0.018519 0.009375
0 0.186111 0.404687 0.022222 0.012500
0 0.202778 0.369792 0.020370 0.012500
0 0.419444 0.673958 0.035185 0.020833
0 0.890741 0.284375 0.024074 0.012500
0 0.409259 0.699479 0.031481 0.018750
0 0.992593 0.668229 0.012963 0.025000
0 0.648148 0.563542 0.024074 0.013542
0 0.474074 0.651563 0.022222 0.011458
0 0.471296 0.666667 0.033333 0.018750
0 0.992593 0.549479 0.012963 0.025000
0 0.993519 0.410938 0.012963 0.022917
0 0.996296 0.438021 0.003704 0.015625
0 0.994444 0.669271 0.007407 0.019792
0 0.990741 0.788021 0.018519 0.020833
0 0.992593 0.750000 0.012963 0.025000
0 0.992593 0.668229 0.012963 0.020833
0 0.987037 0.678646 0.025926 0.016667
0 1.013889 0.437500 0.053704 0.039583
0 0.660185 0.689583 0.031481 0.017708
0 1.011111 0.319792 0.050000 0.031250
0 0.995370 0.788542 0.031481 0.018750
0 0.995370 0.532292 0.009259 0.020833
0 0.679630 0.683333 0.022222 0.012500
0 0.989815 0.684375 0.035185 0.015625
0 0.966667 0.657813 0.024074 0.015625
0 0.987037 0.653646 0.029630 0.013542
0 0.531481 0.456771 0.027778 0.015625
0 0.989815 0.518750 0.016667 0.027083
0 0.557407 0.373437 0.027778 0.015625
0 0.565741 0.646875 0.029630 0.017708
0 0.994444 0.611458 0.009259 0.025000
0 0.989815 0.530729 0.020370 0.021875
0 0.916667 0.693229 0.055556 0.025000
0 0.993519 0.533854 0.012963 0.022917
0 0.989815 0.760417 0.020370 0.020833
0 0.994444 0.683333 0.009259 0.014583
0 0.997222 0.768750 0.014815 0.008333
0 0.994444 0.224479 0.009259 0.018750
0 0.995370 0.491146 0.007407 0.021875
0 0.991667 0.734375 0.016667 0.015625
0 0.918519 0.267188 0.031481 0.018750
0 0.559259 0.485417 0.024074 0.013542
0 0.998148 0.529687 0.024074 0.018750
0 0.875926 0.703646 0.042593 0.023958
0 0.974074 0.700521 0.031481 0.016667
0 0.972222 0.444271 0.040741 0.020833
0 0.630556 0.683854 0.027778 0.016667
0 0.819444 0.780208 0.031481 0.019792
0 0.994444 0.383854 0.009259 0.022917
0 0.994444 0.602604 0.007407 0.025000
0 0.993519 0.260417 0.009259 0.015625
0 0.989815 0.666667 0.018519 0.019792
0 1.007407 0.508333 0.098148 0.047917
0 0.967593 0.728125 0.035185 0.018750
