0 0.989815 0.764583 0.016667 0.017708
0 0.990741 0.763542 0.016667 0.027083
0 0.994444 0.555729 0.009259 0.023958
0 0.883333 0.662500 0.029630 0.016667
0 0.857407 0.385417 0.031481 0.015625
0 0.994444 0.723958 0.011111 0.021875
0 0.831481 0.369792 0.029630 0.015625
0 0.989815 0.679688 0.018519 0.022917
0 0.868519 0.291667 0.027778 0.015625
0 0.837963 0.349479 0.031481 0.016667
0 0.992593 0.722396 0.014815 0.019792
0 0.788889 0.716667 0.027778 0.017708
0 0.997222 0.733854 0.016667 0.026042
0 0.837037 0.683854 0.035185 0.017708
0 0.815741 0.470313 0.027778 0.016667
0 0.999074 0.669792 0.033333 0.014583
0 0.991667 0.537500 0.014815 0.031250
0 0.986111 0.704688 0.025926 0.018750
0 0.994444 0.640625 0.007407 0.013542
0 0.994444 0.630208 0.009259 0.020833
0 0.993519 0.786458 0.011111 0.019792
0 0.992593 0.619792 0.012963 0.023958
0 0.992593 0.436979 0.012963 0.023958
0 0.995370 0.708333 0.007407 0.014583
0 0.994444 0.625000 0.011111 0.018750
0 0.994444 0.343750 0.009259 0.022917
0 0.992593 0.782813 0.012963 0.016667
0 0.954630 0.698958 0.031481 0.017708
0 0.994444 0.525521 0.009259 0.022917
0 0.990741 0.708333 0.014815 0.020833
0 0.990741 0.729688 0.018519 0.023958
0 0.836111 0.498437 0.024074 0.014583
0 0.992593 0.271354 0.011111 0.016667
0 0.989815 0.233854 0.018519 0.010417
0 0.990741 0.763021 0.014815 0.008333
0 0.093519 0.703125 0.022222 0.012500
0 0.970370 0.573438 0.022222 0.011458
0 0.991667 0.680729 0.016667 0.030208
0 0.751852 0.717187 0.033333 0.019792
0 0.996296 0.318229 0.020370 0.010417
0 0.784259 0.691667 0.037037 0.021875
0 0.499074 0.388021 0.014815 0.009375
0 0.893519 0.522917 0.024074 0.013542
0 0.461111 0.427083 0.012963 0.007292
0 0.481481 0.411458 0.020370 0.012500
0 0.493519 0.394792 0.029630 0.018750
0 0.712037 0.669792 0.035185 0.020833
0 0.437963 0.304167 0.024074 0.015625
0 0.454630 0.483333 0.027778 0.015625
0 0.898148 0.281250 0.024074 0.016667
0 0.406481 0.305208 0.025926 0.014583
0 0.393519 0.470833 0.024074 0.013542
0 0.993519 0.773438 0.012963 0.029167
0 0.353704 0.320312 0.022222 0.013542
0 0.369444 0.482292 0.025926 0.012500
0 0.346296 0.310417 0.020370 0.013542
0 0.365741 0.493229 0.024074 0.014583
0 0.996296 0.670833 0.005556 0.017708
0 0.325926 0.306250 0.024074 0.013542
0 0.326852 0.492708 0.025926 0.015625
0 0.324074 0.279687 0.024074 0.016667
0 0.297222 0.501563 0.018519 0.013542
0 0.281481 0.506250 0.027778 0.017708
0 0.993519 0.685417 0.011111 0.015625
0 0.251852 0.572396 0.027778 0.014583
0 0.321296 0.478646 0.022222 0.013542
0 0.908333 0.525521 0.022222 0.010417
0 0.281481 0.504687 0.029630 0.016667
0 0.994444 0.537500 0.025926 0.012500
0 0.995370 0.668229 0.007407 0.021875
0 0.366667 0.298438 0.025926 0.015625
0 0.250000 0.571875 0.029630 0.014583
0 0.379630 0.306250 0.024074 0.012500
0 0.996296 0.401562 0.003704 0.014583
0 0.252778 0.563542 0.024074 0.010417
0 0.265741 0.508333 0.022222 0.013542
0 0.405556 0.485417 0.020370 0.011458
0 0.193519 0.560417 0.020370 0.011458
0 0.452778 0.390625 0.022222 0.013542
0 0.153704 0.296354 0.033333 0.017708
0 0.175926 0.702083 0.029630 0.016667
0 0.139815 0.310937 0.040741 0.020833
0 0.106481 0.315625 0.031481 0.018750
0 0.804630 0.693229 0.027778 0.017708
0 0.929630 0.535417 0.020370 0.012500
0 0.085185 0.546354 0.031481 0.016667
0 0.036111 0.348438 0.033333 0.016667
0 0.911111 0.310417 0.027778 0.014583
0 0.399074 0.306771 0.020370 0.012500
