0 0.995370 0.560937 0.005556 0.012500
0 0.410185 0.292187 0.025926 0.015625
0 0.473148 0.705729 0.029630 0.016667
0 0.405556 0.306771 0.031481 0.019792
0 0.364815 0.311979 0.031481 0.017708
0 1.000926 0.683333 0.018519 0.016667
0 0.336111 0.548438 0.029630 0.017708
0 0.295370 0.709896 0.029630 0.016667
0 0.344444 0.348958 0.029630 0.015625
0 0.992593 0.321354 0.012963 0.011458
0 0.593519 0.304688 0.022222 0.015625
0 0.571296 0.182812 0.011111 0.007292
0 0.421296 0.574479 0.024074 0.014583
0 0.349074 0.307292 0.025926 0.017708
0 0.987037 0.634896 0.022222 0.016667
0 0.137963 0.484896 0.031481 0.014583
0 0.609259 0.303646 0.022222 0.014583
0 0.132407 0.507812 0.031481 0.016667
0 0.998148 0.454167 0.018519 0.013542
0 0.059259 0.699479 0.038889 0.020833
0 0.384259 0.309375 0.025926 0.017708
0 0.083333 0.597917 0.022222 0.010417
0 0.016667 0.736979 0.033333 0.020833
0 0.996296 0.513021 0.020370 0.011458
0 0.988889 0.657292 0.020370 0.012500
0 0.996296 0.741667 0.007407 0.017708
0 0.992593 0.699479 0.011111 0.020833
0 0.995370 0.350521 0.009259 0.014583
0 0.479630 0.510417 0.022222 0.013542
0 0.992593 0.329688 0.011111 0.013542
0 0.993519 0.670312 0.009259 0.014583
0 0.937963 0.377604 0.007407 0.012500
0 0.995370 0.394792 0.007407 0.013542
0 0.992593 0.681250 0.012963 0.016667
0 0.993519 0.583854 0.011111 0.028125
0 0.996296 0.489583 0.007407 0.020833
0 0.996296 0.716146 0.005556 0.014583
0 0.994444 0.713021 0.009259 0.014583
0 0.999074 0.435937 0.000000 0.000000
0 0.991667 0.583333 0.016667 0.028125
0 0.992593 0.708854 0.014815 0.017708
0 0.996296 0.467187 0.005556 0.011458
0 0.686111 0.484375 0.025926 0.015625
0 0.637963 0.390625 0.022222 0.013542
0 0.406481 0.565104 0.029630 0.014583
0 0.581481 0.486979 0.024074 0.013542
0 0.983333 0.671875 0.031481 0.018750
0 0.739815 0.393750 0.031481 0.018750
0 0.686111 0.421354 0.020370 0.010417
0 0.997222 0.508333 0.003704 0.018750
0 0.991667 0.684896 0.014815 0.016667
0 0.997222 0.707812 0.005556 0.018750
0 0.519444 0.319271 0.022222 0.012500
0 0.561111 0.483333 0.025926 0.012500
0 0.517593 0.308854 0.020370 0.013542
0 0.562963 0.493750 0.024074 0.013542
0 0.995370 0.685937 0.005556 0.018750
0 0.495370 0.305208 0.025926 0.014583
0 0.523148 0.494271 0.024074 0.014583
0 0.526852 0.277083 0.024074 0.015625
0 0.510185 0.501563 0.016667 0.011458
0 0.500926 0.505729 0.027778 0.016667
0 0.464815 0.573958 0.024074 0.014583
0 0.637037 0.303125 0.024074 0.015625
0 0.523148 0.479687 0.022222 0.012500
0 0.994444 0.534375 0.009259 0.011458
0 0.500926 0.505208 0.025926 0.015625
0 0.541667 0.296875 0.024074 0.014583
0 0.464815 0.573958 0.025926 0.014583
0 0.550000 0.304688 0.022222 0.013542
0 0.996296 0.450000 0.005556 0.016667
0 0.996296 0.268229 0.003704 0.016667
0 0.592593 0.304688 0.022222 0.014583
0 0.587963 0.471354 0.022222 0.012500
