0 0.079630 0.539062 0.027778 0.015625
0 0.019444 0.545312 0.029630 0.013542
0 0.174074 0.448437 0.035185 0.017708
0 0.170370 0.434896 0.035185 0.020833
0 0.251852 0.145833 0.024074 0.013542
0 0.141667 0.269792 0.031481 0.018750
0 0.904630 0.430729 0.024074 0.014583
0 0.150926 0.220833 0.035185 0.021875
0 0.879630 0.714583 0.029630 0.013542
0 0.109259 0.538542 0.035185 0.019792
0 0.111111 0.251563 0.031481 0.021875
0 0.115741 0.248438 0.020370 0.018750
0 0.400000 0.288542 0.031481 0.018750
0 0.465741 0.486458 0.022222 0.013542
0 0.040741 0.541146 0.037037 0.017708
0 0.399074 0.519271 0.020370 0.012500
0 0.812963 0.511458 0.031481 0.014583
0 0.011111 0.420833 0.022222 0.019792
0 0.362963 0.673438 0.033333 0.019792
0 0.358333 0.456771 0.046296 0.026042
0 0.361111 0.694792 0.031481 0.018750
0 0.299074 0.585938 0.014815 0.019792
0 0.322222 0.438542 0.044444 0.027083
0 0.177778 0.526563 0.024074 0.013542
0 0.296296 0.454688 0.048148 0.026042
0 0.199074 0.523958 0.025926 0.014583
0 0.313889 0.555208 0.029630 0.013542
0 0.383333 0.709375 0.033333 0.021875
0 0.243519 0.686458 0.035185 0.021875
0 0.400000 0.634375 0.029630 0.015625
0 0.341667 0.720833 0.027778 0.016667
0 0.769444 0.343229 0.024074 0.015625
0 0.369444 0.291667 0.031481 0.014583
0 0.359259 0.729688 0.035185 0.019792
0 0.528704 0.591146 0.018519 0.010417
0 0.782407 0.311458 0.022222 0.014583
0 0.448148 0.691146 0.025926 0.012500
0 0.996296 0.465625 0.014815 0.010417
0 0.525926 0.505208 0.029630 0.016667
0 0.943519 0.309896 0.024074 0.015625
0 0.520370 0.482812 0.024074 0.016667
0 0.768519 0.308854 0.037037 0.023958
0 0.729630 0.575521 0.020370 0.013542
0 0.906481 0.191667 0.012963 0.008333
0 0.918519 0.310937 0.024074 0.013542
0 0.284259 0.426042 0.048148 0.029167
0 0.195370 0.490625 0.031481 0.015625
0 0.144444 0.538542 0.033333 0.017708
0 0.213889 0.704688 0.027778 0.017708
0 0.220370 0.322917 0.031481 0.015625
0 0.195370 0.324479 0.027778 0.018750
0 0.386111 0.237500 0.031481 0.015625
0 0.376852 0.277604 0.029630 0.016667
0 0.198148 0.447917 0.029630 0.017708
0 0.161111 0.517708 0.016667 0.009375
0 0.191667 0.709896 0.029630 0.018750
0 0.244444 0.158333 0.024074 0.014583
0 0.569444 0.371354 0.031481 0.016667
0 0.212037 0.608854 0.031481 0.016667
0 0.233333 0.715625 0.035185 0.020833
0 0.258333 0.163021 0.022222 0.013542
0 0.996296 0.398958 0.005556 0.017708
0 0.855556 0.482812 0.018519 0.009375
0 0.848148 0.508854 0.027778 0.015625
0 0.850000 0.303125 0.025926 0.013542
0 0.801852 0.576562 0.025926 0.014583
0 0.854630 0.310937 0.024074 0.015625
0 0.802778 0.511979 0.020370 0.013542
0 0.731481 0.570312 0.014815 0.007292
0 0.987963 0.393750 0.014815 0.009375
0 0.807407 0.295833 0.024074 0.012500
0 0.894444 0.704688 0.027778 0.016667
0 0.807407 0.309896 0.033333 0.018750
0 0.776852 0.311979 0.029630 0.012500
0 0.671296 0.706250 0.018519 0.010417
0 0.825926 0.314583 0.022222 0.014583
0 0.886111 0.497917 0.025926 0.014583
0 0.996296 0.660417 0.007407 0.019792
0 0.817593 0.308333 0.022222 0.012500
0 0.850000 0.496875 0.018519 0.012500
0 0.864815 0.283854 0.024074 0.014583
0 0.846296 0.507812 0.027778 0.015625
0 0.800926 0.575521 0.024074 0.013542
0 0.875926 0.485938 0.022222 0.013542
0 0.819444 0.325521 0.024074 0.014583
0 0.909259 0.476042 0.020370 0.011458
0 0.919444 0.311458 0.024074 0.013542
0 0.991667 0.483854 0.005556 0.013542
0 0.968519 0.309375 0.025926 0.014583
0 0.987963 0.660417 0.024074 0.028125
0 0.995370 0.663542 0.005556 0.010417
