0 0.286111 0.441667 0.025926 0.017708
0 0.233333 0.511979 0.014815 0.009375
0 0.275926 0.705208 0.029630 0.018750
0 0.332407 0.147396 0.024074 0.014583
0 0.657407 0.366146 0.038889 0.020833
0 0.298148 0.604167 0.031481 0.017708
0 0.323148 0.712500 0.033333 0.020833
0 0.331481 0.147396 0.022222 0.014583
0 0.239815 0.521875 0.022222 0.013542
0 0.264815 0.485417 0.029630 0.017708
0 0.383333 0.418750 0.048148 0.029167
0 0.333333 0.683333 0.035185 0.020833
0 0.261111 0.519271 0.025926 0.014583
0 0.394444 0.447396 0.048148 0.026042
0 0.423148 0.431250 0.046296 0.027083
0 0.381481 0.582292 0.014815 0.019792
0 0.460185 0.690625 0.033333 0.018750
0 0.457407 0.450000 0.048148 0.026042
0 0.461111 0.669271 0.033333 0.020833
0 0.395370 0.550521 0.031481 0.014583
0 0.480556 0.706250 0.031481 0.022917
0 0.425926 0.717708 0.025926 0.015625
0 0.449074 0.283333 0.025926 0.013542
0 0.438889 0.727083 0.035185 0.018750
0 0.631481 0.586458 0.018519 0.010417
0 0.900000 0.301563 0.022222 0.014583
0 0.544444 0.688021 0.024074 0.012500
0 0.612963 0.499479 0.029630 0.018750
0 0.996296 0.304167 0.007407 0.015625
0 0.605556 0.477083 0.027778 0.018750
0 0.887963 0.297396 0.040741 0.026042
0 0.836111 0.570833 0.018519 0.013542
0 0.983333 0.181250 0.011111 0.007292
0 0.991667 0.303646 0.014815 0.013542
0 0.790741 0.705208 0.018519 0.010417
0 0.894444 0.302083 0.029630 0.012500
0 0.902778 0.299479 0.024074 0.013542
0 0.994444 0.700521 0.009259 0.016667
0 0.897222 0.285938 0.024074 0.012500
0 1.000000 0.387500 0.014815 0.009375
0 0.836111 0.578646 0.012963 0.006250
0 0.886111 0.507292 0.025926 0.014583
0 0.927778 0.303125 0.022222 0.014583
0 0.884259 0.572396 0.025926 0.014583
0 0.922222 0.296354 0.024074 0.015625
0 0.930556 0.503125 0.027778 0.015625
0 0.939815 0.476042 0.016667 0.009375
0 0.882407 0.571875 0.025926 0.013542
0 0.929630 0.503125 0.027778 0.015625
0 0.942593 0.275000 0.024074 0.013542
0 0.934259 0.492188 0.018519 0.011458
0 0.900000 0.298958 0.027778 0.013542
0 0.964815 0.492708 0.025926 0.013542
0 0.910185 0.308333 0.022222 0.012500
0 0.953704 0.480729 0.024074 0.014583
0 0.894444 0.316146 0.024074 0.014583
0 1.002778 0.468229 0.018519 0.009375
0 0.995370 0.303646 0.024074 0.014583
0 0.995370 0.456250 0.007407 0.014583
0 0.991667 0.303646 0.016667 0.014583
0 0.996296 0.400000 0.005556 0.017708
0 0.305556 0.552083 0.022222 0.014583
0 0.738889 0.339062 0.029630 0.018750
0 0.110185 0.447396 0.025926 0.010417
0 0.343519 0.152083 0.022222 0.014583
0 0.898148 0.505729 0.024074 0.013542
0 0.089815 0.414583 0.038889 0.019792
0 0.100926 0.540104 0.029630 0.014583
0 0.123148 0.536979 0.033333 0.017708
0 0.458333 0.515104 0.016667 0.011458
0 0.152778 0.533333 0.029630 0.017708
0 0.549074 0.480729 0.024074 0.014583
0 0.472222 0.280729 0.027778 0.018750
0 0.175926 0.244271 0.033333 0.020833
0 0.175926 0.243750 0.035185 0.018750
0 0.185185 0.533333 0.037037 0.019792
0 0.995370 0.713021 0.027778 0.013542
0 0.229630 0.212500 0.035185 0.021875
0 0.975926 0.426042 0.024074 0.014583
0 0.208333 0.261979 0.031481 0.018750
0 0.338889 0.134896 0.025926 0.014583
0 0.261111 0.428125 0.035185 0.020833
0 0.262963 0.442708 0.035185 0.016667
0 0.218519 0.533333 0.031481 0.017708
0 0.303704 0.701042 0.029630 0.018750
0 0.287963 0.316146 0.029630 0.015625
0 0.262037 0.317708 0.027778 0.018750
0 0.462963 0.228125 0.031481 0.017708
0 0.455556 0.269792 0.029630 0.016667
