0 0.114815 0.289583 0.022222 0.012500
0 0.866667 0.621354 0.033333 0.017708
0 0.830556 0.538542 0.024074 0.012500
0 0.012037 0.502604 0.024074 0.015625
0 0.664815 0.520312 0.020370 0.012500
0 0.062963 0.475521 0.022222 0.011458
0 0.009259 0.572396 0.018519 0.014583
0 0.894444 0.692187 0.024074 0.013542
0 0.026852 0.506250 0.025926 0.013542
0 0.043519 0.498437 0.025926 0.014583
0 0.062037 0.270833 0.027778 0.014583
0 0.074074 0.490104 0.025926 0.015625
0 0.144444 0.466667 0.025926 0.013542
0 0.631481 0.280208 0.027778 0.014583
0 0.183333 0.480208 0.033333 0.016667
0 0.184259 0.297396 0.025926 0.014583
0 0.423148 0.666667 0.031481 0.018750
0 0.212037 0.389583 0.035185 0.018750
0 0.245370 0.407292 0.022222 0.010417
0 0.199074 0.421875 0.020370 0.012500
0 0.647222 0.517708 0.022222 0.013542
0 0.223148 0.383333 0.018519 0.011458
0 0.472222 0.686458 0.035185 0.020833
0 0.890741 0.295833 0.024074 0.012500
0 0.458333 0.712500 0.029630 0.018750
0 0.992593 0.681771 0.014815 0.028125
0 0.680556 0.570833 0.025926 0.014583
0 0.525926 0.663542 0.020370 0.011458
0 0.525000 0.678646 0.035185 0.017708
0 0.997222 0.652083 0.014815 0.022917
0 0.495370 0.710938 0.029630 0.017708
0 0.522222 0.686979 0.022222 0.012500
0 1.034259 0.633854 0.103704 0.058333
0 0.756481 0.701562 0.031481 0.014583
0 0.557407 0.346354 0.029630 0.016667
0 0.607407 0.289062 0.027778 0.015625
0 0.900926 0.663542 0.046296 0.022917
0 0.557407 0.366667 0.027778 0.015625
0 0.937037 0.706771 0.040741 0.022917
0 0.578704 0.382292 0.029630 0.015625
0 0.605556 0.656250 0.027778 0.017708
0 0.994444 0.626563 0.009259 0.025000
0 0.992593 0.535937 0.011111 0.019792
0 0.973148 0.694792 0.050000 0.025000
0 0.993519 0.534896 0.012963 0.022917
0 0.990741 0.752083 0.018519 0.018750
0 0.994444 0.669271 0.007407 0.012500
0 0.990741 0.766146 0.014815 0.008333
0 0.932407 0.236979 0.018519 0.013542
0 0.995370 0.495312 0.007407 0.021875
0 0.991667 0.734375 0.016667 0.014583
0 0.921296 0.272917 0.033333 0.018750
0 0.580556 0.493750 0.024074 0.013542
0 0.998148 0.530729 0.022222 0.017708
0 0.936111 0.706771 0.042593 0.022917
0 0.992593 0.710938 0.012963 0.017708
0 0.997222 0.443750 0.009259 0.020833
0 0.673148 0.691667 0.027778 0.016667
0 0.872222 0.783854 0.031481 0.019792
0 0.994444 0.374479 0.009259 0.022917
0 0.994444 0.261458 0.009259 0.015625
0 0.993519 0.659896 0.011111 0.019792
0 0.993519 0.722917 0.011111 0.020833
0 0.993519 0.538542 0.012963 0.023958
0 0.992593 0.414583 0.011111 0.022917
0 0.995370 0.645312 0.009259 0.019792
0 0.993519 0.773958 0.011111 0.017708
0 0.992593 0.754167 0.012963 0.025000
0 0.992593 0.672917 0.014815 0.023958
0 0.995370 0.654167 0.005556 0.010417
0 0.703704 0.695833 0.033333 0.017708
0 0.997222 0.794792 0.029630 0.016667
0 0.993519 0.541146 0.012963 0.025000
0 0.998148 0.678646 0.033333 0.014583
0 0.078704 0.298438 0.024074 0.014583
0 0.787963 0.641146 0.038889 0.019792
0 0.113889 0.490625 0.025926 0.014583
0 0.101852 0.303125 0.024074 0.013542
0 0.125926 0.480208 0.025926 0.011458
0 0.111111 0.313021 0.024074 0.013542
0 0.899074 0.794792 0.040741 0.026042
0 0.149074 0.298958 0.027778 0.015625
0 1.000926 0.665104 0.024074 0.014583
0 0.990741 0.525521 0.018519 0.027083
0 0.554630 0.466146 0.027778 0.015625
0 0.996296 0.652083 0.031481 0.014583
