0 0.468519 0.364063 0.027778 0.020833
0 0.009259 0.240625 0.018519 0.016667
0 0.010185 0.247396 0.020370 0.015625
0 0.014815 0.533333 0.029630 0.018750
0 0.765741 0.697917 0.029630 0.013542
0 0.030556 0.213542 0.037037 0.021875
0 0.815741 0.416667 0.024074 0.014583
0 0.037037 0.261979 0.031481 0.017708
0 0.118519 0.138021 0.024074 0.014583
0 0.053704 0.429167 0.035185 0.019792
0 0.061111 0.443750 0.038889 0.017708
0 0.048148 0.532813 0.035185 0.017708
0 0.116667 0.698438 0.025926 0.016667
0 0.119444 0.315104 0.029630 0.015625
0 0.095370 0.316667 0.025926 0.017708
0 0.273148 0.227604 0.031481 0.016667
0 0.268519 0.269792 0.027778 0.017708
0 0.086111 0.442188 0.031481 0.016667
0 0.068519 0.514583 0.016667 0.010417
0 0.098148 0.703125 0.029630 0.018750
0 0.110185 0.151562 0.024074 0.015625
0 0.258333 0.664583 0.033333 0.020833
0 0.213889 0.547917 0.029630 0.013542
0 0.112037 0.602604 0.031481 0.016667
0 0.135185 0.708854 0.035185 0.020833
0 0.127778 0.155208 0.024074 0.014583
0 0.092593 0.520312 0.024074 0.013542
0 0.100926 0.484375 0.033333 0.017708
0 0.161111 0.420312 0.048148 0.029167
0 0.145370 0.679688 0.037037 0.022917
0 0.114815 0.517188 0.024074 0.014583
0 0.176852 0.448437 0.050000 0.026042
0 0.200000 0.432292 0.046296 0.028125
0 0.204630 0.578646 0.014815 0.018750
0 0.256481 0.685937 0.029630 0.017708
0 0.239815 0.450000 0.044444 0.026042
0 0.281481 0.700521 0.033333 0.022917
0 0.295370 0.626042 0.031481 0.016667
0 0.252778 0.711979 0.027778 0.015625
0 0.633333 0.333854 0.025926 0.015625
0 0.261111 0.283854 0.031481 0.016667
0 0.276852 0.720313 0.035185 0.020833
0 0.418519 0.581250 0.018519 0.010417
0 0.662037 0.301042 0.037037 0.015625
0 0.348148 0.681250 0.027778 0.013542
0 0.989815 0.449479 0.016667 0.010417
0 0.424074 0.496354 0.029630 0.017708
0 0.841667 0.294792 0.025926 0.014583
0 0.421296 0.472917 0.033333 0.016667
0 0.997222 0.622917 0.024074 0.017708
0 0.635185 0.298438 0.031481 0.020833
0 0.634259 0.561979 0.022222 0.014583
0 0.800926 0.175521 0.011111 0.007292
0 0.818519 0.296354 0.024074 0.013542
0 0.554630 0.693229 0.022222 0.011458
0 0.651852 0.532813 0.024074 0.015625
0 0.656481 0.301042 0.033333 0.013542
0 0.694444 0.298438 0.031481 0.019792
0 0.787037 0.687500 0.029630 0.016667
0 0.694444 0.284375 0.024074 0.013542
0 0.880556 0.378646 0.016667 0.010417
0 0.632407 0.557292 0.016667 0.008333
0 0.807407 0.476042 0.024074 0.013542
0 0.717593 0.497917 0.029630 0.013542
0 0.759259 0.296354 0.024074 0.014583
0 0.709259 0.561458 0.024074 0.014583
0 0.758333 0.289062 0.020370 0.010417
0 0.750000 0.494792 0.025926 0.015625
0 0.759259 0.468750 0.020370 0.011458
0 0.709259 0.561458 0.025926 0.013542
0 0.750000 0.493750 0.027778 0.015625
0 0.762037 0.268750 0.024074 0.013542
0 0.754630 0.482812 0.020370 0.013542
0 0.711111 0.297396 0.022222 0.012500
0 0.996296 0.665625 0.007407 0.019792
0 0.793519 0.483333 0.024074 0.014583
0 0.727778 0.301042 0.020370 0.013542
0 0.781481 0.471875 0.022222 0.014583
0 0.725926 0.310417 0.020370 0.014583
0 0.815741 0.460938 0.020370 0.011458
0 0.819444 0.296875 0.024074 0.014583
0 0.940741 0.472917 0.027778 0.015625
0 0.866667 0.293750 0.024074 0.014583
0 0.988889 0.664583 0.022222 0.026042
0 0.996296 0.383333 0.005556 0.017708
0 0.997222 0.665104 0.003704 0.015625
0 0.994444 0.645833 0.009259 0.014583
0 0.995370 0.661979 0.007407 0.012500
0 0.992593 0.684375 0.011111 0.014583
0 0.997222 0.470313 0.003704 0.008333
