0 0.797222 0.723437 0.031481 0.018750
0 0.991667 0.679167 0.016667 0.030208
0 0.995370 0.565625 0.022222 0.011458
0 0.884259 0.690625 0.033333 0.017708
0 0.997222 0.744792 0.016667 0.026042
0 0.833333 0.722917 0.031481 0.017708
0 0.992593 0.723958 0.012963 0.017708
0 0.875000 0.356771 0.029630 0.017708
0 0.900000 0.298438 0.029630 0.014583
0 0.994444 0.622917 0.009259 0.017708
0 0.994444 0.332813 0.009259 0.021875
0 0.990741 0.734375 0.016667 0.023958
0 0.868519 0.504167 0.025926 0.014583
0 0.995370 0.701042 0.007407 0.013542
0 0.992593 0.273958 0.011111 0.016667
0 0.989815 0.244792 0.018519 0.011458
0 0.990741 0.760938 0.014815 0.008333
0 0.990741 0.768229 0.016667 0.017708
0 0.989815 0.770833 0.016667 0.028125
0 0.993519 0.559896 0.009259 0.025000
0 0.922222 0.668750 0.031481 0.017708
0 0.894444 0.392188 0.031481 0.015625
0 0.993519 0.717708 0.009259 0.020833
0 0.867593 0.375521 0.029630 0.015625
0 0.990741 0.693229 0.018519 0.022917
0 1.008333 0.459375 0.016667 0.011458
0 0.992593 0.627083 0.012963 0.023958
0 0.992593 0.785937 0.012963 0.019792
0 0.994444 0.627604 0.009259 0.020833
0 0.994444 0.636979 0.007407 0.014583
0 1.000000 0.703125 0.011111 0.017708
0 0.991667 0.554167 0.016667 0.032292
0 0.849074 0.476042 0.027778 0.016667
0 0.223148 0.708854 0.027778 0.017708
0 0.196296 0.303646 0.035185 0.017708
0 0.482407 0.396875 0.025926 0.012500
0 0.230556 0.566667 0.020370 0.011458
0 0.435185 0.491667 0.020370 0.012500
0 0.300000 0.514062 0.022222 0.013542
0 0.289815 0.569271 0.024074 0.010417
0 0.997222 0.408854 0.005556 0.014583
0 0.408333 0.313021 0.022222 0.013542
0 0.285185 0.577604 0.031481 0.014583
0 0.395370 0.305208 0.024074 0.014583
0 0.995370 0.678646 0.007407 0.022917
0 0.994444 0.553125 0.024074 0.012500
0 0.317593 0.511979 0.027778 0.016667
0 0.937963 0.531771 0.022222 0.010417
0 0.353704 0.484896 0.020370 0.012500
0 0.286111 0.578125 0.029630 0.015625
0 0.993519 0.679167 0.011111 0.015625
0 0.315741 0.511979 0.027778 0.017708
0 0.329630 0.506771 0.020370 0.012500
0 0.357407 0.286979 0.024074 0.016667
0 0.358333 0.498958 0.024074 0.015625
0 0.354630 0.313021 0.024074 0.015625
0 0.996296 0.674479 0.005556 0.017708
0 0.398148 0.498958 0.024074 0.013542
0 0.375000 0.316667 0.020370 0.013542
0 0.399074 0.488542 0.024074 0.010417
0 0.382407 0.326562 0.020370 0.013542
0 0.992593 0.766146 0.012963 0.031250
0 0.425000 0.476562 0.024074 0.013542
0 0.439815 0.311979 0.025926 0.014583
0 0.933333 0.289062 0.025926 0.016667
0 0.490741 0.490104 0.025926 0.015625
0 0.471296 0.310937 0.024074 0.015625
0 0.753704 0.676042 0.033333 0.021875
0 0.532407 0.401042 0.029630 0.017708
0 0.511111 0.417187 0.022222 0.012500
0 0.498148 0.432812 0.011111 0.007292
0 0.922222 0.528646 0.024074 0.013542
0 0.537963 0.393229 0.014815 0.009375
0 0.831481 0.698438 0.035185 0.020833
0 0.995370 0.323437 0.020370 0.010417
0 0.989815 0.704688 0.020370 0.016667
0 0.994444 0.536979 0.009259 0.022917
0 0.990741 0.704167 0.024074 0.017708
0 0.993519 0.778646 0.012963 0.016667
0 0.144444 0.709896 0.024074 0.013542
0 0.954630 0.541146 0.018519 0.012500
0 0.852778 0.699479 0.025926 0.016667
0 0.149074 0.322396 0.031481 0.017708
0 0.183333 0.318229 0.040741 0.019792
0 0.076852 0.355208 0.031481 0.016667
0 0.125926 0.553125 0.027778 0.017708
0 0.430556 0.313542 0.020370 0.012500
0 0.944444 0.317708 0.033333 0.017708
