0 0.142593 0.512500 0.016667 0.009375
0 0.173148 0.704167 0.027778 0.018750
0 0.223148 0.151562 0.024074 0.014583
0 0.551852 0.366667 0.031481 0.016667
0 0.192593 0.603646 0.029630 0.016667
0 0.213889 0.710417 0.035185 0.020833
0 0.237037 0.156250 0.022222 0.014583
0 0.160185 0.520833 0.024074 0.013542
0 0.176852 0.485417 0.031481 0.016667
0 0.262963 0.420833 0.048148 0.028125
0 0.224074 0.681250 0.035185 0.021875
0 0.182407 0.518229 0.024074 0.014583
0 0.275926 0.449479 0.050000 0.027083
0 0.300926 0.433854 0.044444 0.028125
0 0.281481 0.581250 0.014815 0.018750
0 0.341667 0.689583 0.033333 0.018750
0 0.337963 0.452083 0.046296 0.026042
0 0.342593 0.668750 0.033333 0.020833
0 0.293519 0.550521 0.029630 0.013542
0 0.363889 0.704167 0.033333 0.020833
0 0.380556 0.629687 0.029630 0.015625
0 0.324074 0.715625 0.027778 0.015625
0 0.748148 0.340104 0.025926 0.015625
0 0.350926 0.285938 0.031481 0.015625
0 0.342593 0.724479 0.035185 0.019792
0 0.509259 0.586979 0.016667 0.010417
0 0.762037 0.307812 0.022222 0.014583
0 0.428704 0.686458 0.025926 0.012500
0 0.997222 0.462500 0.014815 0.010417
0 0.507407 0.501042 0.029630 0.016667
0 0.926852 0.306250 0.025926 0.015625
0 0.503704 0.478125 0.027778 0.016667
0 0.997222 0.627604 0.024074 0.017708
0 0.747222 0.305729 0.037037 0.023958
0 0.710185 0.571354 0.020370 0.013542
0 0.888889 0.186458 0.011111 0.007292
0 0.902778 0.307292 0.025926 0.014583
0 0.650000 0.701042 0.020370 0.010417
0 0.755556 0.308854 0.029630 0.012500
0 0.789815 0.306250 0.031481 0.018750
0 0.874074 0.699479 0.031481 0.014583
0 0.789815 0.292187 0.024074 0.012500
0 0.969444 0.389583 0.014815 0.009375
0 0.712963 0.565625 0.014815 0.007292
0 0.796296 0.507292 0.031481 0.013542
0 0.838889 0.306250 0.024074 0.014583
0 0.785185 0.571875 0.025926 0.013542
0 0.831481 0.298958 0.024074 0.013542
0 0.829630 0.504687 0.027778 0.015625
0 0.837963 0.478646 0.018519 0.010417
0 0.783333 0.571354 0.024074 0.013542
0 0.828704 0.504167 0.027778 0.015625
0 0.848148 0.279167 0.024074 0.014583
0 0.833333 0.493229 0.020370 0.012500
0 0.800000 0.304688 0.022222 0.012500
0 0.996296 0.661458 0.007407 0.019792
0 0.869444 0.494271 0.024074 0.014583
0 0.808333 0.309896 0.022222 0.014583
0 0.859259 0.481771 0.024074 0.013542
0 0.804630 0.320833 0.024074 0.014583
0 0.891667 0.472396 0.018519 0.010417
0 0.903704 0.307292 0.024074 0.013542
0 0.992593 0.483333 0.005556 0.013542
0 0.951852 0.305729 0.025926 0.015625
0 0.988889 0.661979 0.024074 0.027083
0 0.995370 0.392188 0.005556 0.017708
0 0.997222 0.670833 0.003704 0.015625
0 0.995370 0.665104 0.005556 0.011458
0 0.149074 0.429167 0.037037 0.019792
0 0.153704 0.443750 0.035185 0.018750
0 0.125926 0.533333 0.033333 0.018750
0 0.194444 0.699479 0.025926 0.016667
0 0.202778 0.317188 0.031481 0.015625
0 0.177778 0.317708 0.027778 0.018750
0 0.367593 0.231250 0.031481 0.016667
0 0.358333 0.271875 0.029630 0.016667
0 0.176852 0.442708 0.029630 0.017708
0 0.090741 0.532813 0.035185 0.018750
0 0.857407 0.709896 0.029630 0.013542
0 0.129630 0.213542 0.035185 0.021875
0 0.887963 0.427083 0.024074 0.014583
0 0.123148 0.263021 0.031481 0.018750
0 0.230556 0.138542 0.024074 0.013542
0 0.010185 0.539062 0.012963 0.016667
0 0.021296 0.536458 0.035185 0.017708
0 0.384259 0.514062 0.020370 0.012500
0 0.061111 0.533333 0.027778 0.015625
0 0.447222 0.481771 0.022222 0.012500
0 0.381481 0.282813 0.033333 0.020833
0 0.096296 0.241146 0.020370 0.018750
0 0.091667 0.244271 0.031481 0.021875
