0 0.750926 0.472396 0.022222 0.013542
0 0.695370 0.312500 0.022222 0.014583
0 0.785185 0.461458 0.022222 0.011458
0 0.786111 0.296875 0.024074 0.014583
0 0.906481 0.472396 0.027778 0.014583
0 0.834259 0.293750 0.024074 0.014583
0 0.989815 0.666146 0.022222 0.025000
0 0.971296 0.382812 0.029630 0.019792
0 0.997222 0.497396 0.003704 0.017708
0 0.991667 0.656250 0.014815 0.016667
0 0.997222 0.666146 0.003704 0.015625
0 0.996296 0.727083 0.007407 0.016667
0 0.993519 0.648958 0.009259 0.015625
0 0.994444 0.665104 0.007407 0.013542
0 0.995370 0.450000 0.007407 0.020833
0 0.992593 0.687500 0.011111 0.015625
0 0.997222 0.471875 0.003704 0.009375
0 0.056481 0.152083 0.024074 0.015625
0 0.697222 0.301563 0.022222 0.013542
0 0.762963 0.483333 0.025926 0.013542
0 0.996296 0.666667 0.007407 0.018750
0 0.675000 0.297917 0.022222 0.012500
0 0.723148 0.483333 0.020370 0.013542
0 0.727778 0.268750 0.024074 0.013542
0 0.717593 0.495312 0.027778 0.015625
0 0.675926 0.562500 0.025926 0.013542
0 0.726852 0.469271 0.022222 0.011458
0 0.716667 0.494792 0.027778 0.015625
0 0.725000 0.289583 0.022222 0.011458
0 0.677778 0.562500 0.024074 0.014583
0 0.727778 0.296875 0.022222 0.013542
0 0.685185 0.498437 0.029630 0.014583
0 0.776852 0.476562 0.024074 0.013542
0 0.597222 0.558854 0.018519 0.008333
0 0.844444 0.378646 0.016667 0.010417
0 0.652778 0.283854 0.024074 0.012500
0 0.749074 0.689583 0.027778 0.015625
0 0.652778 0.298438 0.029630 0.019792
0 0.614815 0.301563 0.040741 0.015625
0 0.611111 0.534375 0.025926 0.015625
0 0.521296 0.695312 0.022222 0.011458
0 0.785185 0.296875 0.024074 0.013542
0 0.764815 0.175521 0.011111 0.008333
0 0.606481 0.564063 0.024074 0.014583
0 0.588889 0.297917 0.029630 0.018750
0 0.997222 0.625521 0.024074 0.017708
0 0.382407 0.474479 0.031481 0.016667
0 0.808333 0.294792 0.025926 0.014583
0 0.383333 0.497396 0.029630 0.016667
0 0.979630 0.450000 0.014815 0.011458
0 0.305556 0.684896 0.027778 0.013542
0 0.625000 0.300000 0.024074 0.016667
0 0.375000 0.584375 0.018519 0.010417
0 0.242593 0.723958 0.031481 0.020833
0 0.220370 0.285417 0.029630 0.016667
0 0.582407 0.333854 0.025926 0.015625
0 0.214815 0.716146 0.025926 0.016667
0 0.253704 0.629167 0.033333 0.016667
0 0.238889 0.704688 0.035185 0.022917
0 0.173148 0.551042 0.027778 0.013542
0 0.214815 0.669271 0.035185 0.020833
0 0.189815 0.451562 0.046296 0.025000
0 0.212963 0.690104 0.031481 0.017708
0 0.164815 0.581771 0.014815 0.018750
0 0.150000 0.434375 0.048148 0.028125
0 0.125926 0.450521 0.050000 0.026042
0 0.082407 0.520833 0.025926 0.014583
0 0.103704 0.683854 0.037037 0.022917
0 0.110185 0.421875 0.051852 0.028125
0 0.064815 0.486979 0.035185 0.016667
0 0.060185 0.522917 0.024074 0.014583
0 0.075926 0.155729 0.024074 0.014583
0 0.093519 0.713542 0.035185 0.020833
0 0.070370 0.606771 0.031481 0.017708
0 0.425926 0.365625 0.035185 0.021875
0 0.059259 0.707292 0.029630 0.016667
0 0.033333 0.517708 0.018519 0.010417
0 0.037963 0.444792 0.031481 0.017708
0 0.226852 0.270313 0.029630 0.018750
0 0.230556 0.228646 0.029630 0.016667
0 0.055556 0.318229 0.027778 0.016667
0 0.081481 0.316667 0.035185 0.015625
0 0.074074 0.703125 0.027778 0.015625
0 0.012963 0.536458 0.025926 0.018750
0 0.015741 0.445312 0.031481 0.018750
0 0.012037 0.431771 0.024074 0.020833
0 0.065741 0.138542 0.025926 0.013542
0 0.005556 0.264062 0.011111 0.017708
