0 0.995370 0.664062 0.007407 0.012500
0 0.835185 0.304167 0.024074 0.014583
0 0.830556 0.467708 0.022222 0.010417
0 0.884259 0.302083 0.025926 0.014583
0 0.989815 0.665625 0.022222 0.026042
0 0.996296 0.390625 0.005556 0.017708
0 0.997222 0.665104 0.003704 0.015625
0 0.994444 0.647396 0.009259 0.014583
0 0.956481 0.480208 0.029630 0.014583
0 0.992593 0.682813 0.011111 0.014583
0 0.997222 0.471354 0.003704 0.008333
0 0.681481 0.307812 0.037037 0.015625
0 0.739815 0.317708 0.020370 0.013542
0 0.798148 0.480208 0.022222 0.014583
0 0.743519 0.307812 0.020370 0.013542
0 0.808333 0.490104 0.024074 0.014583
0 0.996296 0.665104 0.007407 0.019792
0 0.729630 0.304688 0.022222 0.011458
0 0.770370 0.489583 0.020370 0.013542
0 0.779630 0.276562 0.022222 0.013542
0 0.764815 0.500521 0.027778 0.015625
0 0.724074 0.568229 0.024074 0.014583
0 0.775000 0.475000 0.020370 0.010417
0 0.765741 0.501042 0.027778 0.015625
0 0.770370 0.296875 0.025926 0.014583
0 0.724074 0.567708 0.024074 0.014583
0 0.775926 0.303646 0.022222 0.015625
0 0.732407 0.504687 0.029630 0.013542
0 0.823148 0.482812 0.024074 0.013542
0 0.648148 0.563542 0.016667 0.008333
0 0.898148 0.386458 0.016667 0.010417
0 0.715741 0.291667 0.024074 0.012500
0 0.802778 0.694792 0.029630 0.015625
0 0.714815 0.305729 0.029630 0.019792
0 0.676852 0.308333 0.031481 0.013542
0 0.672222 0.539062 0.024074 0.015625
0 0.574074 0.699479 0.022222 0.011458
0 0.836111 0.304688 0.024074 0.013542
0 0.819444 0.184375 0.011111 0.008333
0 0.646296 0.568750 0.018519 0.013542
0 0.660185 0.305729 0.033333 0.021875
0 0.996296 0.627083 0.024074 0.017708
0 0.437963 0.478125 0.031481 0.016667
0 0.858333 0.302083 0.024074 0.014583
0 0.442593 0.501042 0.031481 0.017708
0 0.999074 0.456771 0.016667 0.011458
0 0.363889 0.685937 0.027778 0.013542
0 0.437963 0.586458 0.018519 0.010417
0 0.288889 0.724479 0.035185 0.019792
0 0.281481 0.289062 0.031481 0.016667
0 0.659259 0.340625 0.025926 0.015625
0 0.265741 0.716146 0.025926 0.016667
0 0.313889 0.630208 0.029630 0.015625
0 0.298148 0.705208 0.035185 0.021875
0 0.232407 0.552083 0.029630 0.013542
0 0.275926 0.669271 0.033333 0.020833
0 0.262037 0.453646 0.044444 0.025000
0 0.275000 0.690625 0.031481 0.018750
0 0.221296 0.582812 0.014815 0.018750
0 0.222222 0.436458 0.046296 0.028125
0 0.198148 0.452604 0.046296 0.026042
0 0.128704 0.520833 0.024074 0.013542
0 0.162037 0.683333 0.035185 0.022917
0 0.184259 0.424479 0.048148 0.028125
0 0.117593 0.487500 0.033333 0.016667
0 0.107407 0.523438 0.024074 0.013542
0 0.156481 0.160417 0.022222 0.013542
0 0.150926 0.712500 0.035185 0.019792
0 0.129630 0.606771 0.031481 0.017708
0 0.491667 0.369792 0.027778 0.019792
0 0.139815 0.156250 0.025926 0.014583
0 0.112037 0.706771 0.029630 0.017708
0 0.084259 0.517188 0.016667 0.009375
0 0.107407 0.445833 0.029630 0.016667
0 0.287963 0.274479 0.029630 0.016667
0 0.296296 0.233333 0.029630 0.016667
0 0.114815 0.320833 0.024074 0.017708
0 0.141667 0.318750 0.029630 0.015625
0 0.132407 0.702083 0.025926 0.016667
0 0.064815 0.536458 0.033333 0.017708
0 0.081481 0.447396 0.035185 0.017708
0 0.075926 0.432812 0.037037 0.020833
0 0.149074 0.143750 0.024074 0.014583
0 0.059259 0.266146 0.031481 0.017708
0 0.829630 0.423438 0.024074 0.014583
0 0.055556 0.218229 0.035185 0.020833
0 0.782407 0.705208 0.029630 0.013542
0 0.030556 0.536458 0.037037 0.019792
0 0.026852 0.247396 0.029630 0.018750
0 0.031481 0.244792 0.020370 0.017708
0 0.315741 0.283333 0.033333 0.018750
0 0.381481 0.482812 0.020370 0.012500
0 0.006481 0.536979 0.012963 0.017708
