0 0.010185 0.656250 0.020370 0.015625
0 0.162963 0.645833 0.031481 0.017708
0 0.137037 0.366146 0.031481 0.015625
0 0.370370 0.701562 0.038889 0.023958
0 0.852778 0.484896 0.022222 0.013542
0 0.119444 0.350000 0.031481 0.015625
0 0.992593 0.570833 0.014815 0.019792
0 -0.075926 0.337500 0.000000 0.000000
0 0.335185 0.657292 0.037037 0.019792
0 0.137037 0.258333 0.018519 0.018750
0 0.600000 0.667188 0.031481 0.018750
0 0.252778 0.558854 0.022222 0.013542
0 0.706481 0.579688 0.050000 0.028125
0 0.010185 0.671354 0.020370 0.019792
0 0.874074 0.434896 0.029630 0.019792
0 0.585185 0.664583 0.037037 0.020833
0 0.012037 0.703646 0.024074 0.017708
0 0.030556 0.678125 0.033333 0.019792
0 0.522222 0.556250 0.024074 0.014583
0 0.672222 0.663542 0.031481 0.018750
0 0.326852 0.691146 0.027778 0.015625
0 0.108333 0.329688 0.035185 0.017708
0 0.188889 0.480208 0.024074 0.014583
0 0.525000 0.253646 0.029630 0.019792
0 0.812037 0.725000 0.035185 0.019792
0 0.896296 0.544271 0.046296 0.023958
0 0.730556 0.216146 0.044444 0.026042
0 0.632407 0.767188 0.024074 0.015625
0 0.999074 0.388021 0.029630 0.020833
0 0.844444 0.721354 0.035185 0.020833
0 0.581481 0.739583 0.031481 0.017708
0 0.989815 0.379167 0.018519 0.021875
0 0.777778 0.488021 0.044444 0.025000
0 0.992593 0.538021 0.014815 0.021875
0 0.404630 0.688021 0.038889 0.023958
0 0.500000 0.522917 0.040741 0.021875
0 0.850926 0.271354 0.031481 0.015625
0 0.995370 0.538021 0.022222 0.022917
0 0.830556 0.518750 0.033333 0.017708
0 0.867593 0.272917 0.018519 0.014583
0 0.241667 0.264062 0.029630 0.017708
0 0.372222 0.701042 0.035185 0.022917
0 0.500926 0.692708 0.029630 0.017708
0 0.454630 0.436979 0.038889 0.020833
0 0.923148 0.489583 0.020370 0.010417
0 0.225000 0.682292 0.024074 0.014583
0 0.411111 0.786979 0.042593 0.022917
0 0.525000 0.360938 0.042593 0.025000
0 0.296296 0.285417 0.027778 0.014583
0 0.975926 0.338542 0.031481 0.017708
0 0.972222 0.577604 0.037037 0.019792
0 0.847222 0.262500 0.040741 0.026042
0 0.490741 0.659375 0.037037 0.020833
0 0.987037 0.576042 0.024074 0.019792
0 0.996296 0.508854 0.007407 0.019792
0 0.509259 0.719792 0.033333 0.018750
0 0.880556 0.692187 0.042593 0.025000
0 0.554630 0.384375 0.040741 0.022917
0 0.925000 0.504167 0.037037 0.021875
0 0.612963 0.671875 0.035185 0.018750
0 0.549074 0.778646 0.031481 0.018750
0 0.993519 0.570312 0.011111 0.019792
0 0.765741 0.726562 0.044444 0.021875
0 0.991667 0.432812 0.012963 0.022917
0 0.854630 0.250000 0.029630 0.016667
0 0.586111 0.663542 0.038889 0.019792
0 0.488889 0.670833 0.033333 0.015625
0 0.816667 0.551562 0.027778 0.018750
0 0.251852 0.687500 0.027778 0.015625
0 0.837037 0.575000 0.024074 0.015625
0 0.855556 0.280208 0.035185 0.018750
0 0.983333 0.521354 0.033333 0.021875
0 0.603704 0.775521 0.027778 0.016667
0 0.733333 0.551042 0.040741 0.021875
0 0.271296 0.682292 0.022222 0.013542
0 0.847222 0.704167 0.024074 0.013542
0 0.450000 0.653125 0.027778 0.017708
0 0.996296 0.569792 0.018519 0.021875
0 0.915741 0.639583 0.025926 0.014583
0 0.987037 0.558333 0.031481 0.018750
0 0.488889 0.542188 0.027778 0.016667
0 0.616667 0.452083 0.040741 0.023958
0 0.171296 0.305729 0.020370 0.009375
0 0.837963 0.284375 0.024074 0.015625
0 0.669444 0.637500 0.033333 0.017708
0 0.806481 0.530208 0.027778 0.015625
0 0.802778 0.552083 0.027778 0.016667
0 0.146296 0.452604 0.025926 0.015625
0 0.994444 0.359375 0.027778 0.013542
