0 0.739815 0.475521 0.022222 0.013542
0 0.997222 0.475000 0.003704 0.009375
0 0.992593 0.691146 0.011111 0.015625
0 0.996296 0.453646 0.007407 0.020833
0 0.994444 0.666667 0.007407 0.013542
0 1.006481 0.420312 0.016667 0.025000
0 0.995370 0.339583 0.009259 0.013542
0 0.994444 0.652083 0.009259 0.015625
0 0.996296 0.727083 0.005556 0.016667
0 0.997222 0.668750 0.003704 0.016667
0 0.991667 0.660937 0.014815 0.016667
0 0.997222 0.500521 0.003704 0.016667
0 0.959259 0.385417 0.033333 0.018750
0 0.988889 0.667708 0.020370 0.025000
0 0.824074 0.296875 0.024074 0.014583
0 0.894444 0.475521 0.027778 0.015625
0 0.776852 0.299479 0.024074 0.013542
0 0.773148 0.464062 0.020370 0.012500
0 0.687037 0.313542 0.022222 0.011458
0 0.687963 0.304167 0.020370 0.013542
0 0.750926 0.486458 0.025926 0.013542
0 0.996296 0.668229 0.007407 0.019792
0 0.666667 0.300000 0.024074 0.012500
0 0.711111 0.486458 0.020370 0.013542
0 0.718519 0.271354 0.024074 0.014583
0 0.702778 0.497396 0.027778 0.016667
0 0.714815 0.471875 0.020370 0.011458
0 0.006481 0.446875 0.012963 0.018750
0 0.004630 0.536979 0.009259 0.018750
0 0.050926 0.704688 0.029630 0.016667
0 0.066667 0.318229 0.033333 0.016667
0 0.040741 0.318750 0.025926 0.015625
0 0.216667 0.229687 0.029630 0.016667
0 0.212963 0.271354 0.029630 0.017708
0 0.020370 0.445833 0.027778 0.017708
0 0.019444 0.519271 0.018519 0.011458
0 0.039815 0.708333 0.033333 0.018750
0 0.039815 0.152604 0.025926 0.014583
0 0.409259 0.366667 0.037037 0.021875
0 0.050926 0.608333 0.031481 0.017708
0 0.071296 0.715625 0.035185 0.021875
0 0.058333 0.156771 0.024074 0.014583
0 0.047222 0.523958 0.024074 0.013542
0 0.050926 0.488021 0.033333 0.017708
0 0.087963 0.422917 0.050000 0.028125
0 0.084259 0.685937 0.038889 0.021875
0 0.070370 0.521354 0.025926 0.014583
0 0.104630 0.452083 0.051852 0.026042
0 0.127778 0.435937 0.048148 0.027083
0 0.148148 0.581771 0.014815 0.018750
0 0.189815 0.692708 0.031481 0.018750
0 0.169444 0.453125 0.048148 0.025000
0 0.191667 0.671354 0.035185 0.020833
0 0.155556 0.552083 0.027778 0.012500
0 0.216667 0.706771 0.035185 0.021875
0 0.232407 0.631250 0.033333 0.016667
0 0.197222 0.718750 0.027778 0.016667
0 0.562963 0.335938 0.025926 0.016667
0 0.207407 0.285938 0.029630 0.015625
0 0.225000 0.727083 0.033333 0.019792
0 0.353704 0.585938 0.018519 0.009375
0 0.610185 0.302083 0.025926 0.016667
0 0.284259 0.687500 0.029630 0.014583
0 0.980556 0.452604 0.014815 0.010417
0 0.366667 0.499479 0.029630 0.016667
0 0.798148 0.297396 0.025926 0.014583
0 0.366667 0.476042 0.031481 0.016667
0 0.997222 0.629167 0.024074 0.017708
0 0.575926 0.299479 0.025926 0.017708
0 0.594444 0.567187 0.024074 0.015625
0 0.756481 0.177604 0.011111 0.008333
0 0.775926 0.298438 0.024074 0.015625
0 0.686111 0.339062 0.038889 0.020833
0 0.501852 0.698958 0.020370 0.011458
0 0.591667 0.538021 0.025926 0.015625
0 1.000926 0.639583 0.016667 0.015625
0 0.593519 0.303646 0.029630 0.014583
0 0.637963 0.300000 0.031481 0.019792
0 0.730556 0.693750 0.025926 0.016667
0 0.637963 0.285938 0.024074 0.013542
0 0.830556 0.381250 0.016667 0.010417
0 0.580556 0.561979 0.018519 0.009375
0 0.765741 0.479167 0.024074 0.013542
0 0.672222 0.501042 0.031481 0.014583
0 0.719444 0.299479 0.020370 0.013542
0 0.663889 0.565625 0.024074 0.014583
0 0.716667 0.292187 0.022222 0.012500
0 0.703704 0.497396 0.029630 0.015625
0 0.662963 0.566146 0.025926 0.013542
