0 0.993519 0.483333 0.005556 0.013542
0 0.956481 0.306250 0.025926 0.014583
0 0.995370 0.664583 0.005556 0.011458
0 0.997222 0.670833 0.003704 0.015625
0 0.996296 0.394271 0.005556 0.017708
0 0.987963 0.661979 0.022222 0.028125
0 0.804630 0.305208 0.022222 0.012500
0 0.996296 0.660937 0.007407 0.019792
0 0.873148 0.494792 0.024074 0.014583
0 0.812037 0.310417 0.022222 0.014583
0 0.862963 0.482812 0.024074 0.013542
0 0.808333 0.321354 0.024074 0.015625
0 0.895370 0.472917 0.018519 0.010417
0 0.907407 0.308333 0.024074 0.013542
0 0.094444 0.533854 0.037037 0.018750
0 0.862037 0.710417 0.029630 0.013542
0 0.134259 0.214583 0.035185 0.021875
0 0.891667 0.427604 0.024074 0.014583
0 0.126852 0.264062 0.029630 0.018750
0 0.235185 0.139583 0.024074 0.013542
0 0.152778 0.430208 0.033333 0.020833
0 0.157407 0.445312 0.035185 0.018750
0 0.129630 0.534375 0.033333 0.018750
0 0.199074 0.700521 0.027778 0.016667
0 0.205556 0.317708 0.031481 0.015625
0 0.181481 0.318750 0.027778 0.018750
0 0.371296 0.232292 0.031481 0.016667
0 0.362037 0.272396 0.027778 0.016667
0 0.182407 0.443750 0.027778 0.016667
0 0.146296 0.513542 0.016667 0.009375
0 0.176852 0.705208 0.029630 0.018750
0 0.227778 0.152604 0.024074 0.015625
0 0.554630 0.367188 0.029630 0.016667
0 0.197222 0.604688 0.031481 0.017708
0 0.217593 0.711458 0.035185 0.019792
0 0.242593 0.157292 0.022222 0.014583
0 0.163889 0.521875 0.022222 0.013542
0 0.181481 0.486458 0.029630 0.016667
0 0.267593 0.421875 0.048148 0.029167
0 0.228704 0.682292 0.035185 0.021875
0 0.186111 0.519792 0.024074 0.014583
0 0.280556 0.450521 0.050000 0.027083
0 0.305556 0.434896 0.044444 0.028125
0 0.285185 0.581771 0.014815 0.018750
0 0.346296 0.690104 0.031481 0.018750
0 0.342593 0.452604 0.048148 0.025000
0 0.347222 0.669271 0.033333 0.019792
0 0.297222 0.551562 0.029630 0.013542
0 0.368519 0.705729 0.033333 0.022917
0 0.385185 0.630208 0.029630 0.015625
0 0.327778 0.716667 0.027778 0.016667
0 0.752778 0.340625 0.024074 0.015625
0 0.354630 0.286979 0.031481 0.015625
0 0.346296 0.725521 0.035185 0.018750
0 0.513889 0.587500 0.018519 0.009375
0 0.766667 0.308333 0.022222 0.014583
0 0.433333 0.687500 0.025926 0.012500
0 0.996296 0.463021 0.014815 0.010417
0 0.512037 0.501563 0.031481 0.016667
0 0.930556 0.306771 0.024074 0.015625
0 0.507407 0.479167 0.025926 0.016667
0 0.752778 0.305729 0.037037 0.023958
0 0.714815 0.572396 0.020370 0.013542
0 0.892593 0.186979 0.011111 0.007292
0 0.906481 0.307812 0.024074 0.013542
0 0.653704 0.702083 0.018519 0.010417
0 0.760185 0.309375 0.029630 0.012500
0 0.794444 0.306250 0.031481 0.018750
0 0.879630 0.700521 0.031481 0.015625
0 0.793519 0.292708 0.024074 0.013542
0 0.974074 0.390104 0.014815 0.009375
0 0.717593 0.566667 0.014815 0.007292
0 0.799074 0.508333 0.033333 0.014583
0 0.843519 0.307292 0.025926 0.013542
0 0.787963 0.572917 0.024074 0.014583
0 0.836111 0.300000 0.024074 0.013542
0 0.834259 0.505729 0.027778 0.015625
0 0.842593 0.479687 0.018519 0.010417
0 0.787037 0.572396 0.024074 0.013542
0 0.833333 0.505208 0.027778 0.015625
0 0.852778 0.279687 0.024074 0.015625
0 0.837037 0.494271 0.018519 0.012500
0 0.003704 0.415625 0.007407 0.017708
0 0.009259 0.541146 0.018519 0.014583
0 0.025926 0.536979 0.035185 0.017708
0 0.387963 0.515104 0.020370 0.012500
0 0.064815 0.534375 0.027778 0.015625
0 0.450926 0.482812 0.020370 0.013542
0 0.386111 0.283333 0.035185 0.019792
0 0.100000 0.242188 0.020370 0.018750
0 0.096296 0.245833 0.031481 0.022917
