0 0.995370 0.455208 0.007407 0.020833
0 0.993519 0.691146 0.012963 0.015625
0 0.995370 0.340104 0.009259 0.014583
0 0.983333 0.345313 0.012963 0.013542
0 0.994444 0.650000 0.007407 0.011458
0 1.005556 0.408854 0.014815 0.022917
0 0.995370 0.382812 0.005556 0.012500
0 0.994444 0.666667 0.007407 0.013542
0 0.997222 0.476562 0.003704 0.009375
0 0.629630 0.298958 0.031481 0.019792
0 0.714815 0.695833 0.024074 0.016667
0 0.629630 0.284375 0.024074 0.013542
0 0.825926 0.381250 0.016667 0.010417
0 0.569444 0.562500 0.018519 0.009375
0 0.760185 0.479687 0.024074 0.013542
0 0.664815 0.501042 0.031481 0.014583
0 0.719444 0.298438 0.022222 0.013542
0 0.655556 0.566146 0.024074 0.014583
0 0.714815 0.291146 0.024074 0.013542
0 0.696296 0.497917 0.025926 0.015625
0 0.994444 0.522917 0.009259 0.010417
0 0.708333 0.472396 0.022222 0.011458
0 0.654630 0.566146 0.025926 0.013542
0 0.695370 0.497917 0.027778 0.016667
0 0.714815 0.269792 0.022222 0.014583
0 0.704630 0.486458 0.020370 0.013542
0 0.664815 0.300000 0.024074 0.012500
0 0.996296 0.670312 0.007407 0.018750
0 0.745370 0.486979 0.024074 0.014583
0 0.686111 0.303125 0.020370 0.012500
0 0.733333 0.476042 0.022222 0.013542
0 0.686111 0.313021 0.020370 0.012500
0 0.768519 0.464062 0.020370 0.011458
0 0.775000 0.298438 0.024074 0.013542
0 0.887963 0.476562 0.029630 0.015625
0 0.822222 0.296354 0.024074 0.014583
0 0.988889 0.669792 0.020370 0.025000
0 0.954630 0.386458 0.035185 0.018750
0 0.997222 0.501042 0.003704 0.016667
0 0.991667 0.663021 0.014815 0.016667
0 0.996296 0.729688 0.005556 0.016667
0 0.993519 0.654687 0.009259 0.016667
0 0.047222 0.153646 0.024074 0.014583
0 0.053704 0.714063 0.035185 0.020833
0 0.034259 0.606771 0.033333 0.017708
0 0.398148 0.366146 0.035185 0.022917
0 0.026852 0.148958 0.027778 0.014583
0 0.997222 0.670833 0.003704 0.015625
0 0.039815 0.521354 0.025926 0.013542
0 0.039815 0.485938 0.037037 0.017708
0 0.070370 0.420833 0.051852 0.028125
0 0.066667 0.683854 0.040741 0.022917
0 0.062963 0.519271 0.025926 0.014583
0 0.087963 0.450000 0.050000 0.026042
0 0.111111 0.434375 0.050000 0.029167
0 0.133333 0.580729 0.012963 0.018750
0 0.171296 0.691146 0.029630 0.017708
0 0.152778 0.451562 0.046296 0.025000
0 0.173148 0.670833 0.033333 0.020833
0 0.140741 0.550521 0.027778 0.013542
0 0.197222 0.706250 0.033333 0.022917
0 0.215741 0.630208 0.033333 0.016667
0 0.182407 0.716667 0.027778 0.016667
0 0.547222 0.335417 0.025926 0.015625
0 0.199074 0.283854 0.029630 0.017708
0 0.210185 0.726042 0.033333 0.020833
0 0.336111 0.585417 0.018519 0.009375
0 0.602778 0.301042 0.024074 0.015625
0 0.267593 0.686979 0.029630 0.014583
0 0.989815 0.453125 0.014815 0.010417
0 0.353704 0.498437 0.029630 0.016667
0 0.795370 0.296875 0.024074 0.014583
0 0.354630 0.475521 0.031481 0.017708
0 0.996296 0.630729 0.024074 0.017708
0 0.566667 0.297917 0.025926 0.016667
0 0.587037 0.566667 0.022222 0.014583
0 0.757407 0.176563 0.011111 0.008333
0 0.774074 0.297917 0.024074 0.014583
0 0.660185 0.341146 0.037037 0.019792
0 0.488889 0.699479 0.024074 0.013542
0 0.576852 0.538021 0.025926 0.015625
0 1.001852 0.641667 0.018519 0.015625
0 0.585185 0.303125 0.031481 0.015625
0 0.032407 0.316146 0.025926 0.015625
0 0.057407 0.315625 0.031481 0.016667
0 0.035185 0.703125 0.027778 0.017708
0 0.025926 0.706250 0.038889 0.018750
0 0.010185 0.517188 0.020370 0.012500
0 0.010185 0.443750 0.020370 0.017708
0 0.202778 0.269271 0.027778 0.017708
0 0.208333 0.226562 0.033333 0.016667
