0 0.435185 0.752604 0.031481 0.016667
0 0.866667 0.403646 0.040741 0.022917
0 0.599074 0.504167 0.042593 0.025000
0 0.884259 0.551562 0.035185 0.018750
0 0.239815 0.695312 0.044444 0.025000
0 0.355556 0.534896 0.038889 0.021875
0 0.710185 0.295312 0.035185 0.017708
0 0.549074 0.593750 0.048148 0.027083
0 0.049074 0.651563 0.031481 0.017708
0 0.048148 0.377083 0.029630 0.015625
0 0.207407 0.705729 0.033333 0.025000
0 0.723148 0.517708 0.033333 0.018750
0 0.018519 0.340625 0.031481 0.016667
0 0.883333 0.598437 0.035185 0.018750
0 0.033333 0.361979 0.027778 0.014583
0 0.352778 0.703125 0.031481 0.017708
0 0.205556 0.706771 0.035185 0.021875
0 0.134259 0.276042 0.029630 0.015625
0 0.773148 0.297917 0.018519 0.014583
0 0.708333 0.539062 0.035185 0.019792
0 0.687037 0.305729 0.022222 0.013542
0 0.104630 0.489063 0.025926 0.014583
0 0.448148 0.275000 0.029630 0.018750
0 0.650000 0.742708 0.033333 0.019792
0 0.739815 0.563542 0.042593 0.025000
0 0.586111 0.240104 0.038889 0.023958
0 0.487963 0.781250 0.029630 0.016667
0 0.885185 0.406771 0.027778 0.018750
0 0.683333 0.739062 0.035185 0.020833
0 0.903704 0.584896 0.031481 0.018750
0 0.762963 0.508854 0.022222 0.010417
0 0.106481 0.689583 0.029630 0.014583
0 0.266667 0.795312 0.044444 0.025000
0 0.358333 0.375521 0.040741 0.023958
0 0.166667 0.305208 0.031481 0.016667
0 0.884259 0.363021 0.025926 0.013542
0 0.838889 0.600000 0.035185 0.018750
0 0.701852 0.286458 0.040741 0.026042
0 0.329630 0.669271 0.037037 0.019792
0 0.880556 0.596875 0.038889 0.017708
0 0.910185 0.534896 0.035185 0.021875
0 0.362037 0.730208 0.031481 0.018750
0 0.725000 0.710938 0.040741 0.023958
0 0.391667 0.398958 0.042593 0.021875
0 0.762037 0.524479 0.037037 0.021875
0 0.452778 0.683854 0.033333 0.019792
0 0.400926 0.791146 0.029630 0.018750
0 0.310185 0.448958 0.038889 0.019792
0 0.597222 0.742188 0.042593 0.020833
0 0.837963 0.455729 0.044444 0.025000
0 0.708333 0.273438 0.029630 0.017708
0 0.432407 0.679167 0.035185 0.018750
0 0.330556 0.680208 0.033333 0.014583
0 0.694444 0.570312 0.031481 0.017708
0 0.131481 0.693750 0.029630 0.016667
0 0.704630 0.594792 0.029630 0.015625
0 0.763889 0.305729 0.031481 0.017708
0 0.830556 0.542708 0.037037 0.020833
0 0.459259 0.788021 0.029630 0.015625
0 0.563889 0.565625 0.040741 0.021875
0 0.903704 0.564583 0.029630 0.017708
0 0.285185 0.381771 0.027778 0.013542
0 0.175926 0.663542 0.035185 0.018750
0 0.359259 0.691667 0.024074 0.012500
0 0.710185 0.723437 0.027778 0.016667
0 0.287963 0.660417 0.027778 0.016667
0 0.871296 0.593229 0.029630 0.017708
0 0.756481 0.657813 0.025926 0.014583
0 0.861111 0.581771 0.027778 0.015625
0 0.511111 0.235417 0.024074 0.012500
0 0.304630 0.382292 0.022222 0.009375
0 0.384259 0.554688 0.024074 0.013542
0 0.474074 0.467187 0.035185 0.021875
0 0.140741 0.287500 0.022222 0.011458
0 0.748148 0.311979 0.025926 0.017708
0 0.503704 0.651042 0.025926 0.015625
0 0.686111 0.548958 0.029630 0.016667
0 0.661111 0.570833 0.027778 0.016667
0 0.061111 0.460938 0.025926 0.014583
0 0.862037 0.376042 0.027778 0.013542
0 0.849074 0.559375 0.037037 0.020833
