0 0.457407 0.571354 0.048148 0.027083
0 0.633333 0.266146 0.035185 0.019792
0 0.264815 0.513021 0.040741 0.022917
0 0.149074 0.674479 0.046296 0.025000
0 0.799074 0.526042 0.035185 0.018750
0 0.492593 0.479687 0.042593 0.025000
0 0.761111 0.374479 0.044444 0.023958
0 0.361111 0.730729 0.029630 0.016667
0 0.598148 0.715625 0.035185 0.020833
0 0.801852 0.379688 0.035185 0.019792
0 0.418519 0.758854 0.027778 0.016667
0 0.483333 0.209375 0.038889 0.023958
0 0.650000 0.538542 0.044444 0.023958
0 0.562963 0.719271 0.033333 0.020833
0 0.379630 0.249479 0.031481 0.019792
0 0.045370 0.470313 0.025926 0.013542
0 0.587037 0.277083 0.022222 0.013542
0 0.636111 0.516667 0.035185 0.016667
0 0.706481 0.269792 0.022222 0.013542
0 0.059259 0.253125 0.025926 0.015625
0 0.121296 0.688021 0.031481 0.019792
0 0.272222 0.681771 0.029630 0.017708
0 0.277778 0.669792 0.029630 0.015625
0 0.646296 0.700521 0.029630 0.015625
0 0.199074 0.638021 0.029630 0.018750
0 0.796296 0.569792 0.025926 0.012500
0 0.694444 0.633854 0.025926 0.014583
0 0.785185 0.557292 0.027778 0.015625
0 0.441667 0.208333 0.024074 0.012500
0 0.235185 0.360938 0.025926 0.010417
0 0.300000 0.539583 0.022222 0.012500
0 0.386111 0.443750 0.031481 0.018750
0 0.066667 0.264062 0.025926 0.013542
0 0.684259 0.284375 0.024074 0.014583
0 0.409259 0.628125 0.031481 0.017708
0 0.613889 0.526042 0.031481 0.018750
0 0.587963 0.547396 0.027778 0.017708
0 0.003704 0.443229 0.007407 0.012500
0 0.783333 0.346875 0.027778 0.014583
0 0.762963 0.533854 0.035185 0.019792
0 0.212037 0.426563 0.038889 0.020833
0 0.677778 0.483333 0.027778 0.017708
0 0.043519 0.669792 0.025926 0.014583
0 0.199074 0.773438 0.044444 0.025000
0 0.239815 0.350000 0.038889 0.023958
0 0.090741 0.282813 0.033333 0.017708
0 0.820370 0.334896 0.025926 0.014583
0 0.763889 0.575521 0.035185 0.018750
0 0.602778 0.256771 0.040741 0.028125
0 0.239815 0.647917 0.037037 0.019792
0 0.805556 0.573438 0.035185 0.019792
0 0.822222 0.509375 0.031481 0.019792
0 0.286111 0.708854 0.031481 0.017708
0 0.641667 0.688021 0.042593 0.025000
0 0.278704 0.373437 0.044444 0.021875
0 0.665741 0.498958 0.038889 0.020833
0 0.365741 0.661979 0.035185 0.021875
0 0.328704 0.768750 0.031481 0.017708
0 0.829630 0.559896 0.033333 0.019792
0 0.507407 0.719271 0.040741 0.020833
0 0.736111 0.428646 0.044444 0.025000
0 0.611111 0.243229 0.033333 0.019792
0 0.341667 0.657813 0.035185 0.018750
0 0.243519 0.659375 0.035185 0.014583
0 0.625000 0.547917 0.029630 0.018750
0 0.068519 0.674479 0.029630 0.017708
0 0.627778 0.571875 0.027778 0.017708
0 0.696296 0.277083 0.031481 0.016667
0 0.741667 0.517188 0.038889 0.021875
0 0.390741 0.765625 0.029630 0.016667
0 0.463889 0.542188 0.042593 0.021875
0 0.826852 0.539062 0.031481 0.017708
0 0.204630 0.359896 0.024074 0.011458
0 0.083333 0.644792 0.038889 0.017708
