0 0.833333 0.532292 0.031481 0.017708
0 0.209259 0.361979 0.025926 0.012500
0 0.113889 0.646354 0.037037 0.017708
0 0.658333 0.694271 0.029630 0.015625
0 0.225000 0.639583 0.029630 0.016667
0 0.804630 0.561458 0.027778 0.017708
0 0.700000 0.627604 0.024074 0.013542
0 0.793519 0.551042 0.027778 0.015625
0 0.430556 0.210417 0.024074 0.013542
0 0.236111 0.363542 0.024074 0.009375
0 0.303704 0.540625 0.020370 0.012500
0 0.399074 0.443229 0.033333 0.018750
0 0.061111 0.268229 0.027778 0.012500
0 0.675926 0.282813 0.024074 0.014583
0 0.437037 0.626042 0.029630 0.016667
0 0.623148 0.521875 0.029630 0.017708
0 0.597222 0.544271 0.027778 0.016667
0 0.004630 0.448437 0.009259 0.013542
0 0.781481 0.345833 0.027778 0.013542
0 0.775926 0.528125 0.035185 0.019792
0 0.687963 0.276562 0.029630 0.017708
0 0.634259 0.566667 0.027778 0.014583
0 0.082407 0.677604 0.031481 0.016667
0 0.632407 0.543229 0.029630 0.016667
0 0.487037 0.540104 0.040741 0.021875
0 0.411111 0.763021 0.029630 0.016667
0 0.755556 0.511979 0.037037 0.020833
0 0.666667 0.534896 0.042593 0.023958
0 0.270370 0.658854 0.033333 0.013542
0 0.368519 0.656250 0.033333 0.018750
0 0.616667 0.243750 0.033333 0.017708
0 0.750926 0.424479 0.042593 0.023958
0 0.534259 0.714063 0.042593 0.020833
0 0.836111 0.553125 0.031481 0.018750
0 0.352778 0.766667 0.031481 0.017708
0 0.391667 0.659896 0.033333 0.020833
0 0.681481 0.494792 0.035185 0.020833
0 0.300000 0.375521 0.044444 0.021875
0 0.662037 0.680729 0.042593 0.023958
0 0.308333 0.708333 0.031481 0.018750
0 0.833333 0.503125 0.033333 0.019792
0 0.814815 0.566667 0.037037 0.019792
0 0.266667 0.647917 0.037037 0.019792
0 0.609259 0.257812 0.038889 0.025000
0 0.773148 0.569271 0.033333 0.019792
0 0.809259 0.332292 0.025926 0.014583
0 0.086111 0.285938 0.031481 0.016667
0 0.263889 0.352083 0.038889 0.022917
0 0.221296 0.773438 0.044444 0.025000
0 0.057407 0.672917 0.025926 0.015625
0 0.684259 0.480208 0.022222 0.011458
0 0.229630 0.428646 0.040741 0.020833
0 0.296296 0.681771 0.027778 0.016667
0 0.053704 0.256250 0.029630 0.014583
0 0.698148 0.269271 0.020370 0.015625
0 0.641667 0.511979 0.031481 0.018750
0 0.595370 0.277083 0.022222 0.013542
0 0.045370 0.474479 0.025926 0.013542
0 0.371296 0.251042 0.029630 0.019792
0 0.587963 0.713021 0.033333 0.019792
0 0.491667 0.211458 0.038889 0.023958
0 0.438889 0.755208 0.025926 0.015625
0 0.804630 0.376563 0.031481 0.019792
0 0.621296 0.709375 0.035185 0.020833
0 0.383333 0.728646 0.029630 0.016667
0 0.774074 0.371354 0.040741 0.022917
0 0.516667 0.477604 0.042593 0.023958
0 0.809259 0.519792 0.035185 0.018750
0 0.177778 0.676042 0.042593 0.025000
0 0.284259 0.514062 0.040741 0.021875
0 0.632407 0.266667 0.029630 0.019792
0 0.479630 0.568750 0.050000 0.027083
0 0.006481 0.638542 0.012963 0.017708
0 0.002778 0.360938 0.005556 0.016667
0 0.147222 0.688021 0.038889 0.019792
