0 0.562037 0.511458 0.025926 0.016667
0 0.004630 0.680729 0.009259 0.023958
0 0.021296 0.536458 0.029630 0.014583
0 0.018519 0.719271 0.037037 0.021875
0 0.039815 0.642188 0.035185 0.017708
0 0.026852 0.728125 0.031481 0.017708
0 0.353704 0.349479 0.025926 0.015625
0 0.062963 0.291667 0.033333 0.016667
0 0.067593 0.736458 0.038889 0.019792
0 0.155556 0.598958 0.022222 0.010417
0 0.458333 0.314063 0.025926 0.017708
0 0.116667 0.699479 0.038889 0.020833
0 0.990741 0.464583 0.016667 0.012500
0 0.200926 0.509375 0.031481 0.017708
0 0.677778 0.310937 0.022222 0.014583
0 0.204630 0.485938 0.029630 0.016667
0 0.996296 0.647396 0.024074 0.017708
0 0.422222 0.311979 0.025926 0.017708
0 0.474074 0.579688 0.024074 0.014583
0 0.644444 0.190104 0.011111 0.007292
0 0.661111 0.311979 0.024074 0.015625
0 0.992593 0.322917 0.011111 0.010417
0 0.437963 0.355208 0.025926 0.014583
0 0.350000 0.713542 0.029630 0.017708
0 0.404630 0.553646 0.027778 0.017708
0 0.995370 0.561979 0.005556 0.012500
0 1.000926 0.670312 0.018519 0.016667
0 0.438889 0.316667 0.029630 0.017708
0 0.481481 0.311979 0.029630 0.019792
0 0.538889 0.712500 0.029630 0.017708
0 0.485185 0.297917 0.025926 0.015625
0 0.700000 0.398438 0.020370 0.012500
0 0.452778 0.571875 0.024074 0.014583
0 0.639815 0.493750 0.024074 0.014583
0 0.538889 0.515625 0.024074 0.013542
0 0.615741 0.311458 0.022222 0.013542
0 0.523148 0.579688 0.025926 0.014583
0 0.607407 0.303125 0.025926 0.014583
0 0.994444 0.527604 0.009259 0.011458
0 0.583333 0.485938 0.024074 0.012500
0 0.524074 0.579688 0.025926 0.014583
0 0.562963 0.511979 0.027778 0.016667
0 0.572222 0.508333 0.016667 0.011458
0 0.596296 0.283854 0.024074 0.015625
0 0.582407 0.500521 0.024074 0.013542
0 0.562037 0.310937 0.025926 0.015625
0 0.996296 0.677083 0.007407 0.017708
0 0.623148 0.501042 0.024074 0.014583
0 0.582407 0.315104 0.022222 0.013542
0 0.620370 0.489583 0.025926 0.012500
0 0.582407 0.325521 0.022222 0.013542
0 0.647222 0.478646 0.022222 0.011458
0 0.661111 0.312500 0.022222 0.014583
0 0.996296 0.268229 0.003704 0.016667
0 0.751852 0.492708 0.027778 0.014583
0 0.705556 0.310417 0.024074 0.015625
0 0.991667 0.680729 0.018519 0.021875
0 0.812037 0.403125 0.031481 0.020833
0 0.755556 0.429688 0.020370 0.010417
0 0.997222 0.504167 0.003704 0.017708
0 0.990741 0.684896 0.014815 0.016667
0 0.997222 0.707292 0.003704 0.017708
0 0.989815 0.666146 0.020370 0.011458
0 0.996296 0.739062 0.007407 0.017708
0 0.992593 0.690104 0.011111 0.018750
0 0.995370 0.353646 0.009259 0.014583
0 0.993519 0.338021 0.012963 0.013542
0 0.994444 0.661458 0.011111 0.013542
0 0.968519 0.386458 0.009259 0.013542
0 0.995370 0.396875 0.007407 0.013542
0 0.989815 0.682813 0.009259 0.016667
0 0.993519 0.595833 0.011111 0.028125
0 0.995370 0.473438 0.007407 0.020833
0 0.996296 0.708333 0.005556 0.014583
0 0.994444 0.710938 0.009259 0.013542
0 0.999074 0.435937 0.000000 0.000000
0 0.991667 0.712500 0.012963 0.017708
0 0.996296 0.478646 0.003704 0.010417
