0 0.057407 0.715104 0.035185 0.021875
0 0.038889 0.703646 0.029630 0.015625
0 0.058333 0.316146 0.031481 0.016667
0 0.034259 0.316667 0.025926 0.015625
0 0.210185 0.227604 0.033333 0.015625
0 0.205556 0.269792 0.027778 0.017708
0 0.012037 0.444271 0.024074 0.018750
0 0.011111 0.518229 0.018519 0.012500
0 0.027778 0.708333 0.035185 0.018750
0 0.029630 0.150000 0.025926 0.014583
0 0.401852 0.366667 0.035185 0.021875
0 0.038889 0.607292 0.031481 0.017708
0 0.050000 0.154167 0.024074 0.014583
0 0.040741 0.522396 0.024074 0.013542
0 0.041667 0.486458 0.035185 0.018750
0 0.075000 0.421875 0.051852 0.028125
0 0.071296 0.684896 0.040741 0.023958
0 0.063889 0.520312 0.025926 0.014583
0 0.092593 0.450521 0.051852 0.025000
0 0.115741 0.435417 0.051852 0.029167
0 0.137037 0.581250 0.012963 0.018750
0 0.176852 0.692187 0.031481 0.017708
0 0.156481 0.452604 0.046296 0.026042
0 0.178704 0.671354 0.035185 0.020833
0 0.144444 0.551562 0.027778 0.013542
0 0.202778 0.706771 0.035185 0.021875
0 0.219444 0.631250 0.031481 0.016667
0 0.186111 0.717708 0.027778 0.016667
0 0.551852 0.335938 0.025926 0.015625
0 0.200926 0.284375 0.029630 0.016667
0 0.214815 0.727083 0.031481 0.018750
0 0.357407 0.498958 0.029630 0.016667
0 0.997222 0.476042 0.003704 0.008333
0 0.992593 0.690625 0.011111 0.015625
0 0.996296 0.453646 0.007407 0.020833
0 0.994444 0.666667 0.007407 0.013542
0 0.995370 0.381771 0.005556 0.012500
0 1.006481 0.411979 0.016667 0.023958
0 0.994444 0.650000 0.009259 0.011458
0 0.977778 0.345833 0.012963 0.013542
0 0.995370 0.339583 0.009259 0.013542
0 0.993519 0.654167 0.009259 0.016667
0 0.996296 0.728646 0.005556 0.016667
0 0.997222 0.670312 0.003704 0.016667
0 0.991667 0.663021 0.014815 0.016667
0 0.997222 0.502083 0.003704 0.017708
0 0.954630 0.386979 0.035185 0.019792
0 0.988889 0.669271 0.020370 0.025000
0 0.821296 0.297396 0.024074 0.015625
0 0.887963 0.477083 0.027778 0.015625
0 0.774074 0.300000 0.024074 0.012500
0 0.768519 0.464583 0.020370 0.011458
0 0.686111 0.313542 0.022222 0.012500
0 0.735185 0.476042 0.022222 0.013542
0 0.685185 0.304167 0.020370 0.013542
0 0.745370 0.487500 0.024074 0.014583
0 0.996296 0.670312 0.007407 0.019792
0 0.663889 0.300000 0.024074 0.012500
0 0.705556 0.486979 0.020370 0.013542
0 0.714815 0.270833 0.022222 0.013542
0 0.696296 0.498437 0.027778 0.016667
0 0.656481 0.566146 0.025926 0.013542
0 0.710185 0.472396 0.022222 0.011458
0 0.994444 0.522917 0.009259 0.010417
0 0.698148 0.498437 0.027778 0.016667
0 0.713889 0.291667 0.022222 0.013542
0 0.658333 0.566146 0.025926 0.014583
0 0.718519 0.299479 0.022222 0.014583
0 0.665741 0.502083 0.031481 0.014583
0 0.761111 0.480208 0.024074 0.013542
0 0.572222 0.562500 0.018519 0.009375
0 0.825926 0.381771 0.016667 0.010417
0 0.631481 0.285417 0.024074 0.013542
0 0.720370 0.695833 0.027778 0.016667
0 0.631481 0.299479 0.031481 0.019792
0 0.587037 0.303646 0.031481 0.015625
0 1.000926 0.641667 0.016667 0.015625
0 0.581481 0.538542 0.025926 0.016667
0 0.490741 0.699479 0.024074 0.014583
0 0.668519 0.341146 0.037037 0.019792
0 0.773148 0.298958 0.024074 0.014583
0 0.755556 0.177604 0.011111 0.008333
0 0.588889 0.567187 0.024074 0.014583
0 0.569444 0.298958 0.025926 0.016667
0 0.997222 0.630729 0.024074 0.017708
0 0.358333 0.476042 0.031481 0.016667
0 0.795370 0.297917 0.024074 0.014583
0 0.341667 0.585938 0.018519 0.009375
0 0.604630 0.302083 0.025926 0.015625
0 0.272222 0.687500 0.029630 0.014583
0 0.985185 0.453646 0.016667 0.011458
