0 0.727778 0.638542 0.035185 0.016667
0 0.862037 0.533333 0.024074 0.013542
0 0.198148 0.445833 0.027778 0.016667
0 0.987037 0.541146 0.024074 0.025000
0 0.638889 0.664583 0.033333 0.020833
0 0.544444 0.669271 0.037037 0.015625
0 0.875000 0.553646 0.024074 0.017708
0 0.300000 0.682292 0.029630 0.016667
0 0.897222 0.577604 0.025926 0.015625
0 0.920370 0.284375 0.025926 0.015625
0 0.993519 0.522396 0.011111 0.019792
0 0.650000 0.775000 0.025926 0.014583
0 0.798148 0.552604 0.040741 0.022917
0 0.317593 0.676562 0.022222 0.013542
0 0.905556 0.707812 0.024074 0.014583
0 0.507407 0.651563 0.025926 0.016667
0 0.990741 0.579688 0.016667 0.019792
0 0.976852 0.643229 0.025926 0.014583
0 0.544444 0.540104 0.029630 0.015625
0 0.990741 0.552604 0.035185 0.019792
0 0.213889 0.304167 0.018519 0.009375
0 0.912037 0.286979 0.022222 0.014583
0 0.585185 0.253125 0.031481 0.019792
0 0.866667 0.728646 0.035185 0.019792
0 0.961111 0.547917 0.044444 0.023958
0 0.805556 0.217708 0.040741 0.025000
0 0.680556 0.768229 0.025926 0.016667
0 1.000000 0.383854 0.031481 0.021875
0 0.900000 0.725000 0.035185 0.020833
0 0.631481 0.739062 0.031481 0.017708
0 0.988889 0.378125 0.020370 0.021875
0 0.847222 0.490625 0.046296 0.026042
0 0.991667 0.539062 0.014815 0.021875
0 0.461111 0.685937 0.040741 0.022917
0 0.560185 0.521875 0.038889 0.021875
0 0.925000 0.274479 0.029630 0.015625
0 0.768519 0.580729 0.050000 0.027083
0 0.211111 0.640104 0.031481 0.017708
0 0.197222 0.361458 0.029630 0.015625
0 0.425000 0.698438 0.037037 0.022917
0 0.908333 0.488021 0.022222 0.012500
0 0.178704 0.344792 0.031481 0.015625
0 0.991667 0.584375 0.012963 0.019792
0 -0.075926 0.337500 0.000000 0.000000
0 0.391667 0.654167 0.037037 0.020833
0 0.215741 0.254688 0.018519 0.018750
0 0.167593 0.324479 0.033333 0.016667
0 0.372222 0.687500 0.027778 0.015625
0 0.722222 0.665104 0.031481 0.018750
0 0.568519 0.554688 0.024074 0.012500
0 0.080556 0.670312 0.033333 0.017708
0 0.058333 0.695312 0.031481 0.017708
0 0.639815 0.664062 0.035185 0.020833
0 0.939815 0.438021 0.029630 0.019792
0 0.055556 0.663542 0.038889 0.020833
0 0.061111 0.648438 0.025926 0.013542
0 0.302778 0.554688 0.022222 0.014583
0 0.660185 0.668229 0.031481 0.019792
0 0.019444 0.696875 0.035185 0.019792
0 0.595370 0.285938 0.024074 0.012500
0 0.011111 0.671875 0.022222 0.021875
0 0.930556 0.252083 0.027778 0.015625
0 0.996296 0.430208 0.007407 0.017708
0 0.822222 0.729167 0.044444 0.021875
0 0.992593 0.582292 0.011111 0.020833
0 0.596296 0.778125 0.029630 0.018750
0 0.662963 0.669271 0.038889 0.021875
0 0.986111 0.508333 0.027778 0.021875
0 0.626852 0.383333 0.044444 0.022917
0 0.937037 0.695833 0.042593 0.023958
0 0.559259 0.718229 0.033333 0.018750
0 0.995370 0.509896 0.005556 0.018750
0 0.987037 0.588021 0.022222 0.018750
0 0.547222 0.658333 0.037037 0.020833
0 0.922222 0.265625 0.037037 0.025000
0 0.995370 0.585417 0.005556 0.020833
0 0.987037 0.335417 0.029630 0.017708
0 0.357407 0.282292 0.027778 0.014583
0 0.598148 0.359896 0.042593 0.023958
0 0.458333 0.784896 0.044444 0.022917
0 0.273148 0.677083 0.025926 0.016667
0 0.991667 0.493229 0.022222 0.011458
0 0.518519 0.435417 0.037037 0.020833
0 0.553704 0.691146 0.029630 0.017708
0 0.426852 0.697917 0.035185 0.021875
0 0.317593 0.261979 0.029630 0.017708
0 0.937963 0.278646 0.018519 0.014583
0 0.887037 0.521875 0.033333 0.018750
0 0.238889 0.475521 0.024074 0.014583
