0 0.990741 0.531771 0.016667 0.025000
0 0.417593 0.453125 0.027778 0.015625
0 0.993519 0.642188 0.029630 0.014583
0 0.992593 0.539062 0.031481 0.017708
0 1.002778 0.306250 0.024074 0.016667
0 0.991667 0.581771 0.014815 0.016667
0 0.800926 0.649479 0.024074 0.015625
0 1.012037 0.695312 0.016667 0.008333
0 0.550926 0.676042 0.020370 0.012500
0 0.994444 0.539583 0.009259 0.021875
0 0.898148 0.775000 0.020370 0.011458
0 0.994444 0.508854 0.011111 0.017708
0 1.007407 0.302083 0.033333 0.020833
0 1.009259 0.569792 0.038889 0.025000
0 0.685185 0.652083 0.042593 0.021875
0 0.991667 0.602083 0.014815 0.019792
0 0.417593 0.355208 0.029630 0.015625
0 0.992593 0.491146 0.020370 0.011458
0 0.717593 0.695312 0.037037 0.021875
0 0.434259 0.371354 0.027778 0.015625
0 0.443519 0.641146 0.029630 0.016667
0 0.995370 0.590625 0.009259 0.022917
0 0.838889 0.526563 0.044444 0.021875
0 0.993519 0.263542 0.011111 0.018750
0 0.995370 0.607292 0.009259 0.023958
0 0.924074 0.370833 0.040741 0.022917
0 0.680556 0.769792 0.027778 0.018750
0 0.503704 0.676562 0.025926 0.016667
0 0.809259 0.442708 0.037037 0.020833
0 0.819444 0.691146 0.029630 0.017708
0 0.715741 0.694792 0.037037 0.021875
0 0.997222 0.531771 0.024074 0.018750
0 0.447222 0.481771 0.024074 0.013542
0 0.810185 0.267188 0.029630 0.019792
0 0.991667 0.719271 0.016667 0.015625
0 0.995370 0.507292 0.007407 0.021875
0 0.994444 0.227604 0.009259 0.019792
0 0.925000 0.767708 0.025926 0.015625
0 0.994444 0.708333 0.011111 0.016667
0 0.883333 0.739062 0.031481 0.016667
0 0.987037 0.425521 0.020370 0.023958
0 0.992593 0.507812 0.011111 0.022917
0 0.993519 0.540625 0.011111 0.016667
0 0.750926 0.683854 0.050000 0.023958
0 0.911111 0.665104 0.038889 0.021875
0 0.825926 0.668750 0.031481 0.016667
0 1.009259 0.498958 0.037037 0.028125
0 0.532407 0.681771 0.029630 0.015625
0 0.992593 0.733333 0.011111 0.023958
0 0.996296 0.399479 0.005556 0.013542
0 0.946296 0.669271 0.038889 0.021875
0 0.996296 0.444792 0.005556 0.015625
0 0.950000 0.392708 0.042593 0.021875
0 0.993519 0.632812 0.012963 0.025000
0 0.816667 0.717708 0.031481 0.019792
0 0.847222 0.776042 0.029630 0.017708
0 1.009259 0.498958 0.081481 0.039583
0 0.986111 0.613542 0.027778 0.021875
0 0.834259 0.657813 0.035185 0.019792
0 0.992593 0.598958 0.012963 0.021875
0 0.008333 0.459375 0.016667 0.012500
0 0.012963 0.292187 0.024074 0.013542
0 0.698148 0.781250 0.035185 0.021875
0 0.023148 0.445833 0.024074 0.012500
0 0.033333 0.279167 0.025926 0.015625
0 0.498148 0.270313 0.025926 0.013542
0 0.046296 0.459896 0.029630 0.015625
0 0.068519 0.278125 0.025926 0.015625
0 0.250926 0.649479 0.027778 0.015625
0 0.070370 0.370833 0.033333 0.017708
0 0.138889 0.387500 0.020370 0.009375
0 0.084259 0.400521 0.024074 0.014583
0 0.520370 0.505729 0.022222 0.012500
0 0.095370 0.365625 0.024074 0.012500
0 0.284259 0.668750 0.035185 0.020833
0 0.783333 0.303125 0.022222 0.013542
0 0.280556 0.693750 0.031481 0.017708
0 0.947222 0.668750 0.038889 0.019792
0 0.526852 0.558333 0.024074 0.014583
0 0.336111 0.646354 0.024074 0.012500
0 0.334259 0.660937 0.037037 0.018750
0 1.007407 0.479687 0.029630 0.018750
0 0.912037 0.665625 0.033333 0.020833
0 0.316667 0.692708 0.029630 0.017708
0 0.336111 0.669792 0.025926 0.013542
0 0.811111 0.556771 0.018519 0.011458
0 0.975000 0.668229 0.025926 0.014583
0 0.592593 0.688542 0.025926 0.014583
0 0.412037 0.335938 0.031481 0.016667
0 0.481481 0.278646 0.024074 0.015625
0 0.006481 0.281771 0.012963 0.013542
