0 0.201852 0.369792 0.020370 0.012500
0 0.417593 0.673958 0.035185 0.019792
0 0.888889 0.285417 0.022222 0.012500
0 0.407407 0.699479 0.031481 0.018750
0 0.992593 0.669792 0.012963 0.025000
0 0.646296 0.564063 0.024074 0.013542
0 0.471296 0.652083 0.020370 0.011458
0 0.470370 0.666667 0.035185 0.018750
0 1.007407 0.504687 0.031481 0.019792
0 0.988889 0.667188 0.022222 0.020833
0 0.443519 0.698958 0.027778 0.018750
0 0.467593 0.675521 0.024074 0.012500
0 0.972222 0.563021 0.016667 0.010417
0 1.012037 0.657292 0.046296 0.026042
0 0.715741 0.697396 0.027778 0.014583
0 0.536111 0.337500 0.031481 0.016667
0 0.595370 0.280208 0.025926 0.014583
0 0.840741 0.660937 0.044444 0.022917
0 0.536111 0.357292 0.027778 0.016667
0 0.994444 0.507292 0.020370 0.011458
0 0.874074 0.704688 0.040741 0.022917
0 0.555556 0.373437 0.027778 0.015625
0 0.564815 0.647396 0.029630 0.017708
0 0.995370 0.610417 0.009259 0.023958
0 0.987963 0.531771 0.024074 0.022917
0 0.911111 0.694271 0.050000 0.023958
0 0.993519 0.533854 0.011111 0.022917
0 0.993519 0.760417 0.020370 0.020833
0 0.994444 0.683333 0.009259 0.014583
0 0.994444 0.769792 0.014815 0.008333
0 0.994444 0.224479 0.009259 0.018750
0 0.995370 0.490625 0.007407 0.021875
0 0.990741 0.734896 0.014815 0.015625
0 0.916667 0.268229 0.031481 0.018750
0 0.626852 0.510417 0.022222 0.013542
0 0.186111 0.405208 0.022222 0.012500
0 0.240741 0.392708 0.018519 0.009375
0 0.191667 0.375000 0.031481 0.019792
0 0.374074 0.654167 0.025926 0.017708
0 0.176852 0.282813 0.025926 0.014583
0 0.160185 0.464062 0.031481 0.015625
0 0.617593 0.270833 0.025926 0.016667
0 0.141667 0.283854 0.027778 0.015625
0 0.132407 0.452083 0.025926 0.011458
0 0.838889 0.792188 0.038889 0.026042
0 0.114815 0.297396 0.024074 0.013542
0 0.111111 0.463021 0.025926 0.011458
0 0.102778 0.286979 0.022222 0.014583
0 0.097222 0.472396 0.024074 0.014583
0 0.744444 0.636979 0.037037 0.019792
0 0.080556 0.282813 0.025926 0.014583
0 0.059259 0.472396 0.025926 0.015625
0 0.057407 0.254167 0.025926 0.014583
0 0.027778 0.479167 0.025926 0.013542
0 0.012037 0.486979 0.024074 0.013542
0 0.850000 0.690104 0.027778 0.015625
0 0.004630 0.550000 0.009259 0.013542
0 0.990741 0.519271 0.016667 0.027083
0 0.676852 0.684375 0.022222 0.013542
0 0.987963 0.684896 0.037037 0.015625
0 0.962963 0.658854 0.022222 0.015625
0 0.995370 0.655208 0.029630 0.013542
0 0.530556 0.457813 0.027778 0.015625
0 0.995370 0.534375 0.009259 0.020833
0 0.558333 0.485938 0.024074 0.013542
0 0.998148 0.530729 0.024074 0.018750
0 0.872222 0.704688 0.042593 0.023958
0 0.971296 0.701562 0.031481 0.016667
0 0.968519 0.445312 0.038889 0.020833
0 0.627778 0.684375 0.025926 0.016667
0 0.816667 0.780729 0.031481 0.019792
0 0.994444 0.383854 0.009259 0.022917
0 0.994444 0.601562 0.007407 0.025000
0 0.994444 0.259896 0.009259 0.015625
0 0.989815 0.667188 0.024074 0.019792
0 1.011111 0.509375 0.098148 0.047917
0 0.964815 0.728646 0.037037 0.017708
0 0.992593 0.551042 0.012963 0.025000
0 0.993519 0.411979 0.012963 0.022917
0 0.996296 0.437500 0.003704 0.015625
0 0.995370 0.667188 0.009259 0.019792
0 0.988889 0.788542 0.020370 0.022917
0 0.992593 0.751563 0.012963 0.025000
0 0.992593 0.668229 0.012963 0.020833
0 0.985185 0.678646 0.029630 0.016667
0 1.012963 0.439063 0.051852 0.039583
0 0.658333 0.690104 0.029630 0.017708
0 1.012037 0.320312 0.048148 0.030208
0 0.998148 0.790625 0.031481 0.018750
