0 0.450000 0.506771 0.024074 0.013542
0 0.201852 0.328125 0.020370 0.014583
0 0.325000 0.586979 0.020370 0.012500
0 0.454630 0.203125 0.009259 0.006250
0 0.478704 0.322396 0.020370 0.014583
0 0.989815 0.326042 0.018519 0.017708
0 0.137963 0.365625 0.031481 0.016667
0 0.225926 0.718750 0.024074 0.013542
0 0.188889 0.561979 0.027778 0.016667
0 0.996296 0.546875 0.005556 0.011458
0 0.929630 0.705208 0.027778 0.016667
0 0.214815 0.333333 0.029630 0.017708
0 0.247222 0.328646 0.040741 0.019792
0 0.298148 0.717187 0.027778 0.016667
0 0.261111 0.314583 0.031481 0.016667
0 0.528704 0.405208 0.022222 0.012500
0 0.304630 0.580208 0.020370 0.012500
0 0.486111 0.499479 0.020370 0.011458
0 0.354630 0.522396 0.018519 0.012500
0 0.345370 0.577604 0.024074 0.010417
0 0.996296 0.420312 0.003704 0.014583
0 0.450926 0.322917 0.020370 0.011458
0 0.341667 0.585938 0.029630 0.013542
0 0.439815 0.314583 0.025926 0.014583
0 0.995370 0.689583 0.007407 0.022917
0 0.995370 0.583333 0.025926 0.011458
0 0.372222 0.519792 0.027778 0.017708
0 0.983333 0.536458 0.020370 0.012500
0 0.405556 0.493229 0.020370 0.012500
0 0.343519 0.586458 0.025926 0.014583
0 0.993519 0.686979 0.011111 0.015625
0 0.373148 0.519792 0.027778 0.016667
0 0.386111 0.514583 0.020370 0.013542
0 0.407407 0.295833 0.024074 0.014583
0 0.410185 0.506771 0.024074 0.014583
0 0.399074 0.321875 0.024074 0.015625
0 0.995370 0.686458 0.005556 0.017708
0 0.418519 0.326562 0.020370 0.013542
0 0.449074 0.496354 0.024074 0.010417
0 0.424074 0.335417 0.020370 0.012500
0 0.992593 0.760938 0.014815 0.033333
0 0.475000 0.484896 0.022222 0.011458
0 0.489815 0.320833 0.024074 0.014583
0 0.985185 0.296354 0.029630 0.016667
0 0.549074 0.497396 0.027778 0.015625
0 0.519444 0.319271 0.024074 0.014583
0 0.822222 0.682292 0.033333 0.020833
0 0.590741 0.409375 0.027778 0.018750
0 0.554630 0.425000 0.020370 0.010417
0 0.555556 0.441146 0.009259 0.006250
0 0.971296 0.534375 0.024074 0.012500
0 0.596296 0.402083 0.014815 0.008333
0 0.869444 0.730208 0.033333 0.018750
0 0.907407 0.704688 0.037037 0.020833
0 0.995370 0.329688 0.018519 0.010417
0 0.996296 0.556771 0.020370 0.011458
0 0.960185 0.696875 0.033333 0.017708
0 0.996296 0.758333 0.016667 0.027083
0 0.904630 0.729688 0.031481 0.017708
0 0.992593 0.712500 0.014815 0.019792
0 0.933333 0.364583 0.031481 0.017708
0 0.948148 0.306250 0.027778 0.013542
0 0.989815 0.701042 0.018519 0.023958
0 0.925000 0.383854 0.027778 0.015625
0 0.993519 0.728125 0.009259 0.020833
0 0.951852 0.399479 0.031481 0.015625
0 0.984259 0.673958 0.029630 0.017708
0 0.994444 0.580729 0.011111 0.026042
0 0.990741 0.789062 0.018519 0.029167
0 0.989815 0.250521 0.018519 0.010417
0 0.992593 0.278125 0.011111 0.016667
0 0.922222 0.510417 0.025926 0.013542
0 0.990741 0.742188 0.016667 0.022917
0 0.995370 0.713542 0.005556 0.015625
0 0.994444 0.539583 0.009259 0.022917
0 0.993519 0.715104 0.009259 0.015625
0 0.993519 0.778125 0.012963 0.016667
0 0.994444 0.613542 0.009259 0.016667
0 0.995370 0.706250 0.005556 0.011458
0 0.999074 0.437500 0.000000 0.000000
0 0.991667 0.616146 0.014815 0.026042
0 0.993519 0.786458 0.012963 0.020833
0 0.994444 0.617188 0.009259 0.020833
0 0.993519 0.646354 0.009259 0.017708
0 0.992593 0.710938 0.012963 0.018750
0 0.991667 0.586458 0.016667 0.033333
0 0.904630 0.483333 0.027778 0.016667
