0 0.994444 0.503125 0.011111 0.016667
0 0.951852 0.784375 0.018519 0.011458
0 0.995370 0.546354 0.009259 0.020833
0 0.600000 0.680208 0.022222 0.013542
0 0.999074 0.686979 0.035185 0.015625
0 0.862037 0.656250 0.022222 0.015625
0 0.991667 0.578646 0.012963 0.015625
0 0.991667 0.539583 0.029630 0.017708
0 0.995370 0.649479 0.031481 0.014583
0 0.468519 0.453646 0.027778 0.018750
0 0.990741 0.538542 0.016667 0.027083
0 0.775000 0.701042 0.038889 0.021875
0 0.875926 0.698438 0.027778 0.016667
0 0.875926 0.447396 0.037037 0.020833
0 0.552778 0.680208 0.027778 0.015625
0 0.730556 0.776042 0.029630 0.020833
0 0.988889 0.374479 0.018519 0.022917
0 0.995370 0.603646 0.009259 0.023958
0 0.993519 0.256771 0.011111 0.017708
0 0.896296 0.665104 0.037037 0.019792
0 0.987037 0.626042 0.027778 0.021875
0 1.004630 0.510938 0.088889 0.043750
0 0.871296 0.725521 0.033333 0.018750
0 0.992593 0.613021 0.012963 0.025000
0 0.996296 0.442708 0.005556 0.015625
0 0.993519 0.393229 0.009259 0.019792
0 1.006481 0.677083 0.033333 0.019792
0 0.900926 0.784896 0.031481 0.017708
0 0.993519 0.601562 0.012963 0.022917
0 0.992593 0.743750 0.012963 0.023958
0 0.996296 0.395833 0.005556 0.013542
0 0.971296 0.672917 0.035185 0.020833
0 0.886111 0.676042 0.033333 0.017708
0 1.009259 0.479687 0.042593 0.032292
0 0.581481 0.685937 0.027778 0.016667
0 1.007407 0.312500 0.038889 0.023958
0 0.536111 0.280729 0.027778 0.015625
0 0.744444 0.657813 0.042593 0.021875
0 0.991667 0.606250 0.014815 0.020833
0 0.473148 0.355729 0.031481 0.016667
0 0.990741 0.498437 0.020370 0.011458
0 0.775926 0.701562 0.037037 0.021875
0 0.491667 0.372396 0.027778 0.014583
0 0.492593 0.643229 0.029630 0.017708
0 0.995370 0.602604 0.009259 0.025000
0 0.903704 0.532813 0.040741 0.021875
0 0.812037 0.690104 0.051852 0.023958
0 0.992593 0.541667 0.011111 0.016667
0 0.993519 0.525521 0.012963 0.022917
0 0.987037 0.442188 0.022222 0.025000
0 0.938889 0.747917 0.031481 0.017708
0 0.994444 0.701562 0.009259 0.015625
0 0.978704 0.777083 0.025926 0.014583
0 0.994444 0.222917 0.009259 0.018750
0 0.995370 0.497917 0.007407 0.021875
0 0.990741 0.725521 0.016667 0.015625
0 0.884259 0.269792 0.029630 0.019792
0 0.496296 0.483333 0.024074 0.013542
0 0.998148 0.542188 0.024074 0.018750
0 0.568519 0.508333 0.022222 0.013542
0 0.135185 0.400521 0.025926 0.015625
0 0.189815 0.387500 0.020370 0.009375
0 0.128704 0.369792 0.033333 0.017708
0 0.301852 0.649479 0.029630 0.017708
0 0.125926 0.277604 0.025926 0.014583
0 0.100926 0.458854 0.029630 0.016667
0 0.555556 0.270833 0.027778 0.015625
0 0.090741 0.278646 0.025926 0.015625
0 0.074074 0.444271 0.024074 0.012500
0 0.749074 0.786979 0.037037 0.023958
0 0.068519 0.291667 0.022222 0.014583
0 0.053704 0.457292 0.025926 0.011458
0 0.041667 0.466146 0.027778 0.014583
0 0.664815 0.633333 0.031481 0.018750
0 0.034259 0.277083 0.025926 0.013542
0 0.009259 0.465104 0.018519 0.015625
0 0.010185 0.248438 0.020370 0.015625
0 0.056481 0.281771 0.024074 0.013542
0 0.148148 0.365104 0.024074 0.013542
0 0.337963 0.669271 0.035185 0.020833
0 0.856481 0.305729 0.022222 0.012500
0 0.330556 0.694792 0.031481 0.018750
0 0.993519 0.679167 0.011111 0.021875
0 0.576852 0.561458 0.022222 0.013542
0 0.390741 0.647917 0.022222 0.012500
0 0.387963 0.663021 0.035185 0.019792
0 1.007407 0.497396 0.029630 0.018750
0 0.973148 0.673438 0.037037 0.020833
0 0.366667 0.694271 0.027778 0.018750
0 0.387963 0.671354 0.024074 0.013542
0 0.875000 0.561979 0.018519 0.010417
0 1.009259 0.669271 0.029630 0.016667
0 0.639815 0.692708 0.027778 0.013542
0 0.471296 0.336979 0.033333 0.017708
