0 0.992593 0.578646 0.016667 0.028125
0 0.991667 0.704688 0.014815 0.018750
0 0.997222 0.462500 0.005556 0.011458
0 0.999074 0.435937 0.000000 0.000000
0 0.994444 0.713542 0.009259 0.014583
0 0.713889 0.386458 0.029630 0.018750
0 0.956481 0.661979 0.035185 0.019792
0 0.612037 0.296354 0.024074 0.015625
0 0.660185 0.477604 0.025926 0.015625
0 0.997222 0.268750 0.005556 0.016667
0 0.567593 0.297917 0.022222 0.014583
0 0.565741 0.464583 0.024074 0.011458
0 0.495370 0.313542 0.020370 0.012500
0 0.537963 0.477083 0.024074 0.012500
0 0.493519 0.303125 0.020370 0.013542
0 0.541667 0.487500 0.025926 0.013542
0 0.996296 0.691667 0.007407 0.018750
0 0.472222 0.299479 0.024074 0.015625
0 0.500926 0.488021 0.024074 0.014583
0 0.500926 0.270833 0.024074 0.015625
0 0.487963 0.495833 0.016667 0.011458
0 0.476852 0.498958 0.025926 0.015625
0 0.441667 0.567708 0.025926 0.014583
0 0.500000 0.472917 0.022222 0.012500
0 0.994444 0.529687 0.009259 0.011458
0 0.477778 0.499479 0.027778 0.016667
0 0.516667 0.291146 0.024074 0.014583
0 0.441667 0.568229 0.025926 0.013542
0 0.525926 0.298958 0.022222 0.013542
0 0.996296 0.444271 0.005556 0.016667
0 0.457407 0.504167 0.025926 0.012500
0 0.558333 0.481250 0.022222 0.013542
0 0.384259 0.559375 0.031481 0.015625
0 0.614815 0.383854 0.022222 0.013542
0 0.380556 0.285938 0.027778 0.015625
0 0.445370 0.698958 0.029630 0.016667
0 0.375000 0.301042 0.031481 0.019792
0 0.334259 0.306771 0.029630 0.018750
0 1.000926 0.684375 0.018519 0.016667
0 0.996296 0.557292 0.007407 0.012500
0 0.307407 0.543229 0.027778 0.017708
0 0.274074 0.704688 0.031481 0.015625
0 0.304630 0.342187 0.031481 0.016667
0 0.991667 0.318229 0.012963 0.012500
0 0.567593 0.298438 0.022222 0.014583
0 0.543519 0.176042 0.011111 0.007292
0 0.401852 0.568750 0.025926 0.015625
0 0.319444 0.301563 0.027778 0.017708
0 0.987963 0.628646 0.022222 0.016667
0 0.111111 0.481250 0.029630 0.012500
0 0.584259 0.297396 0.022222 0.014583
0 0.103704 0.503646 0.033333 0.017708
0 0.978704 0.446875 0.027778 0.012500
0 0.037037 0.695833 0.042593 0.021875
0 0.354630 0.303646 0.029630 0.016667
0 0.052778 0.593750 0.022222 0.010417
0 0.996296 0.718229 0.005556 0.014583
0 0.996296 0.490625 0.007407 0.020833
0 0.993519 0.578125 0.011111 0.028125
0 0.992593 0.678125 0.012963 0.016667
0 0.995370 0.392188 0.007407 0.013542
0 0.932407 0.371875 0.009259 0.013542
0 0.993519 0.671354 0.011111 0.014583
0 0.992593 0.326562 0.012963 0.013542
0 0.994444 0.349479 0.009259 0.014583
0 0.996296 0.706771 0.012963 0.021875
0 0.995370 0.739062 0.005556 0.017708
0 0.982407 0.653646 0.020370 0.012500
0 0.995370 0.517188 0.020370 0.011458
0 0.987037 0.679688 0.016667 0.016667
0 0.996296 0.707292 0.007407 0.019792
0 0.997222 0.504167 0.003704 0.017708
0 0.660185 0.415104 0.020370 0.010417
