0 0.504630 0.274479 0.024074 0.016667
0 0.501852 0.489583 0.024074 0.014583
0 0.478704 0.303125 0.025926 0.014583
0 0.995370 0.697917 0.005556 0.018750
0 0.541667 0.489583 0.024074 0.014583
0 0.500000 0.306250 0.022222 0.012500
0 0.537963 0.479167 0.024074 0.012500
0 0.501852 0.317188 0.022222 0.013542
0 0.991667 0.747396 0.016667 0.040625
0 0.566667 0.467187 0.022222 0.012500
0 0.570370 0.302604 0.020370 0.014583
0 0.997222 0.272396 0.005556 0.015625
0 0.658333 0.479167 0.027778 0.014583
0 0.615741 0.300000 0.024074 0.015625
0 0.950000 0.666667 0.033333 0.018750
0 0.709259 0.389583 0.031481 0.018750
0 0.656481 0.417708 0.020370 0.010417
0 0.997222 0.506250 0.003704 0.018750
0 0.992593 0.685937 0.016667 0.016667
0 0.991667 0.713021 0.016667 0.019792
0 0.996296 0.525000 0.020370 0.011458
0 0.990741 0.659375 0.020370 0.012500
0 0.996296 0.733854 0.007407 0.017708
0 0.991667 0.713542 0.014815 0.020833
0 0.994444 0.352604 0.009259 0.015625
0 0.993519 0.323437 0.012963 0.014583
0 0.991667 0.319792 0.014815 0.013542
0 0.571296 0.302083 0.020370 0.014583
0 0.279630 0.345833 0.031481 0.017708
0 0.271296 0.703125 0.029630 0.015625
0 0.299074 0.543750 0.025926 0.016667
0 0.996296 0.556250 0.007407 0.012500
0 1.000926 0.693750 0.018519 0.016667
0 0.331481 0.308854 0.031481 0.017708
0 0.370370 0.304167 0.033333 0.019792
0 0.429630 0.698958 0.027778 0.016667
0 0.376852 0.289583 0.029630 0.015625
0 0.619444 0.387500 0.024074 0.013542
0 0.385185 0.561458 0.024074 0.016667
0 0.559259 0.482812 0.020370 0.011458
0 0.454630 0.505729 0.025926 0.013542
0 0.996296 0.444792 0.005556 0.015625
0 0.531481 0.302083 0.022222 0.014583
0 0.439815 0.569271 0.025926 0.014583
0 0.522222 0.294271 0.024074 0.014583
0 0.995370 0.742708 0.007407 0.022917
0 0.474074 0.501042 0.025926 0.014583
0 0.994444 0.523438 0.009259 0.010417
0 0.499074 0.475000 0.022222 0.012500
0 0.439815 0.569271 0.025926 0.014583
0 0.993519 0.698958 0.011111 0.015625
0 0.475000 0.501563 0.027778 0.015625
0 0.486111 0.497917 0.018519 0.012500
0 0.993519 0.673438 0.012963 0.015625
0 0.966667 0.375521 0.009259 0.013542
0 0.995370 0.395833 0.007407 0.014583
0 0.992593 0.681771 0.012963 0.016667
0 0.994444 0.583333 0.011111 0.027083
0 0.996296 0.503125 0.007407 0.020833
0 0.996296 0.724479 0.005556 0.014583
0 0.994444 0.720833 0.009259 0.014583
0 0.993519 0.768750 0.012963 0.016667
0 0.999074 0.435937 0.000000 0.000000
0 0.992593 0.581250 0.016667 0.029167
0 0.995370 0.582812 0.009259 0.019792
0 0.992593 0.713021 0.014815 0.019792
0 0.997222 0.472917 0.003704 0.012500
0 0.986111 0.450000 0.027778 0.013542
0 0.100000 0.503125 0.031481 0.017708
0 0.040741 0.590625 0.020370 0.009375
0 0.587037 0.300000 0.022222 0.014583
0 0.351852 0.305729 0.025926 0.017708
0 0.108333 0.480729 0.029630 0.014583
0 0.985185 0.633854 0.027778 0.016667
0 0.315741 0.303646 0.024074 0.016667
0 0.404630 0.570312 0.025926 0.015625
0 0.549074 0.180729 0.011111 0.007292
0 0.037963 0.692708 0.038889 0.020833
