0 0.011111 0.681771 0.022222 0.021875
0 0.023148 0.447396 0.046296 0.027083
0 0.041667 0.430208 0.050000 0.029167
0 0.079630 0.577604 0.014815 0.018750
0 0.099074 0.690104 0.031481 0.017708
0 0.087037 0.448958 0.050000 0.027083
0 0.102778 0.669271 0.035185 0.020833
0 0.083333 0.547396 0.027778 0.012500
0 0.125926 0.705729 0.035185 0.021875
0 0.147222 0.629687 0.033333 0.017708
0 0.120370 0.716667 0.031481 0.015625
0 0.475000 0.335417 0.024074 0.015625
0 0.152778 0.279167 0.031481 0.016667
0 0.157407 0.724479 0.033333 0.019792
0 0.266667 0.585417 0.018519 0.009375
0 0.556481 0.300521 0.024074 0.016667
0 0.007407 0.517188 0.014815 0.013542
0 0.007407 0.480208 0.014815 0.019792
0 0.015741 0.417187 0.031481 0.028125
0 0.025926 0.514062 0.024074 0.013542
0 0.622222 0.503646 0.027778 0.014583
0 0.692593 0.300000 0.024074 0.013542
0 0.611111 0.568750 0.025926 0.013542
0 0.686111 0.292187 0.025926 0.014583
0 0.650926 0.500521 0.027778 0.016667
0 0.994444 0.522917 0.009259 0.011458
0 0.669444 0.475000 0.022222 0.011458
0 0.610185 0.568229 0.025926 0.014583
0 0.651852 0.500521 0.027778 0.015625
0 0.681481 0.270833 0.025926 0.014583
0 0.666667 0.489063 0.022222 0.013542
0 0.638889 0.298958 0.022222 0.015625
0 0.996296 0.675521 0.007407 0.018750
0 0.706481 0.489583 0.024074 0.014583
0 0.659259 0.304167 0.020370 0.013542
0 0.695370 0.480208 0.020370 0.013542
0 0.659259 0.314063 0.020370 0.013542
0 0.732407 0.467187 0.024074 0.011458
0 0.743519 0.299479 0.024074 0.015625
0 0.997222 0.267708 0.005556 0.016667
0 0.844444 0.480729 0.027778 0.014583
0 0.789815 0.298438 0.024074 0.015625
0 0.990741 0.674479 0.018519 0.022917
0 0.910185 0.389583 0.033333 0.018750
0 0.997222 0.505729 0.003704 0.017708
0 0.990741 0.669271 0.014815 0.016667
0 0.997222 0.685417 0.003704 0.016667
0 0.989815 0.664062 0.018519 0.010417
0 0.996296 0.731250 0.007407 0.016667
0 0.992593 0.669271 0.009259 0.017708
0 0.995370 0.344792 0.009259 0.014583
0 0.993519 0.345833 0.011111 0.013542
0 0.994444 0.658854 0.009259 0.012500
0 1.004630 0.387500 0.012963 0.017708
0 0.996296 0.386979 0.007407 0.012500
0 0.994444 0.674479 0.009259 0.015625
0 0.996296 0.459375 0.007407 0.020833
0 0.992593 0.698438 0.012963 0.016667
0 0.997222 0.479687 0.003704 0.009375
0 0.206481 0.686979 0.033333 0.017708
0 0.994444 0.457292 0.016667 0.011458
0 0.299074 0.497917 0.031481 0.016667
0 0.762963 0.298438 0.024074 0.014583
0 0.300000 0.473438 0.031481 0.015625
0 0.997222 0.639583 0.024074 0.017708
0 0.518519 0.299479 0.027778 0.018750
0 0.549074 0.569271 0.022222 0.013542
0 0.729630 0.176563 0.011111 0.007292
0 0.743519 0.299479 0.024074 0.014583
0 0.994444 0.314063 0.011111 0.009375
0 0.573148 0.342187 0.031481 0.017708
0 0.437037 0.702083 0.025926 0.016667
0 0.512037 0.540625 0.027778 0.017708
0 0.995370 0.567187 0.005556 0.013542
0 1.000926 0.653646 0.016667 0.015625
0 0.536111 0.303646 0.031481 0.017708
0 0.580556 0.298958 0.033333 0.019792
0 0.648148 0.700521 0.027778 0.017708
0 0.581481 0.284375 0.025926 0.014583
0 0.784259 0.385417 0.018519 0.011458
0 0.528704 0.562500 0.022222 0.012500
0 0.723148 0.482292 0.024074 0.013542
