0 0.093519 0.677083 0.029630 0.016667
0 0.628704 0.261458 0.038889 0.023958
0 0.279630 0.648958 0.037037 0.018750
0 0.318519 0.708854 0.029630 0.018750
0 0.674074 0.684375 0.042593 0.022917
0 0.320370 0.378125 0.040741 0.021875
0 0.697222 0.498958 0.035185 0.020833
0 0.403704 0.661458 0.033333 0.019792
0 0.362037 0.768229 0.029630 0.018750
0 0.849074 0.557813 0.031481 0.018750
0 0.545370 0.716667 0.040741 0.020833
0 0.768519 0.429167 0.042593 0.025000
0 0.636111 0.248438 0.031481 0.018750
0 0.381481 0.658333 0.033333 0.019792
0 0.282407 0.659896 0.033333 0.013542
0 0.644444 0.546875 0.031481 0.017708
0 0.827778 0.571354 0.035185 0.018750
0 0.650000 0.570312 0.029630 0.015625
0 0.705556 0.280729 0.031481 0.018750
0 0.769444 0.516146 0.035185 0.020833
0 0.420370 0.764583 0.029630 0.016667
0 0.502778 0.542708 0.040741 0.021875
0 0.848148 0.537500 0.031481 0.018750
0 0.225926 0.363021 0.025926 0.012500
0 0.124074 0.645833 0.035185 0.017708
0 0.314815 0.670833 0.029630 0.015625
0 0.667593 0.697917 0.029630 0.014583
0 0.237037 0.640625 0.027778 0.016667
0 0.819444 0.567187 0.031481 0.015625
0 0.712037 0.631771 0.024074 0.013542
0 0.807407 0.555729 0.027778 0.015625
0 0.450000 0.213542 0.024074 0.013542
0 0.250926 0.364583 0.024074 0.009375
0 0.315741 0.541667 0.020370 0.011458
0 0.415741 0.445833 0.033333 0.019792
0 0.080556 0.269271 0.025926 0.012500
0 0.691667 0.288021 0.024074 0.015625
0 0.449074 0.628646 0.027778 0.015625
0 0.637037 0.526042 0.031481 0.017708
0 0.610185 0.547917 0.027778 0.017708
0 0.013889 0.447396 0.025926 0.014583
0 0.799074 0.350000 0.027778 0.013542
0 0.790741 0.532813 0.037037 0.020833
0 0.848148 0.507812 0.033333 0.019792
0 0.660185 0.492708 0.033333 0.017708
0 0.820370 0.380729 0.031481 0.018750
0 0.632407 0.712500 0.035185 0.020833
0 0.392593 0.730208 0.029630 0.016667
0 0.793519 0.376042 0.042593 0.022917
0 0.700000 0.484375 0.022222 0.011458
0 0.068519 0.672917 0.027778 0.015625
0 0.229630 0.773958 0.042593 0.026042
0 0.284259 0.354687 0.038889 0.022917
0 0.106481 0.287500 0.033333 0.017708
0 0.825000 0.336979 0.024074 0.014583
0 0.786111 0.573958 0.035185 0.019792
0 0.533333 0.480729 0.042593 0.025000
0 0.824074 0.525000 0.035185 0.018750
0 0.190741 0.676562 0.042593 0.025000
0 0.299074 0.515625 0.040741 0.021875
0 0.649074 0.270313 0.031481 0.019792
0 0.493519 0.571354 0.046296 0.026042
0 0.012963 0.636979 0.025926 0.018750
0 0.003704 0.361979 0.007407 0.014583
0 0.156481 0.686458 0.031481 0.021875
0 0.448148 0.757812 0.025926 0.016667
0 0.512963 0.216146 0.038889 0.023958
0 0.680556 0.538542 0.044444 0.023958
0 0.598148 0.716667 0.033333 0.019792
0 0.389815 0.254167 0.031481 0.019792
0 0.059259 0.474479 0.025926 0.014583
0 0.614815 0.281250 0.022222 0.013542
0 0.655556 0.515625 0.033333 0.017708
0 0.714815 0.272917 0.020370 0.014583
0 0.073148 0.257812 0.027778 0.014583
0 0.159259 0.689063 0.038889 0.019792
0 0.307407 0.682292 0.031481 0.016667
0 0.248148 0.430208 0.038889 0.020833
