0 0.992593 0.786458 0.011111 0.019792
0 0.812963 0.355729 0.031481 0.017708
0 0.997222 0.719271 0.012963 0.017708
0 0.753704 0.722917 0.029630 0.018750
0 0.997222 0.724479 0.016667 0.026042
0 0.799074 0.690625 0.031481 0.017708
0 0.937963 0.581250 0.020370 0.011458
0 0.991667 0.692187 0.014815 0.029167
0 0.718519 0.723437 0.033333 0.018750
0 0.995370 0.322396 0.020370 0.010417
0 0.746296 0.697917 0.037037 0.021875
0 0.469444 0.390625 0.016667 0.009375
0 0.872222 0.528646 0.022222 0.013542
0 0.442593 0.430208 0.012963 0.007292
0 0.462963 0.417187 0.018519 0.009375
0 0.465741 0.398438 0.031481 0.018750
0 0.678704 0.675521 0.035185 0.021875
0 0.419444 0.308333 0.024074 0.014583
0 0.428704 0.487500 0.027778 0.015625
0 0.879630 0.288021 0.027778 0.015625
0 0.387037 0.309896 0.025926 0.014583
0 0.369444 0.474479 0.025926 0.013542
0 0.993519 0.781250 0.011111 0.027083
0 0.335185 0.325000 0.022222 0.013542
0 0.346296 0.486458 0.024074 0.012500
0 0.328704 0.314583 0.022222 0.013542
0 0.342593 0.496875 0.024074 0.013542
0 0.996296 0.659896 0.005556 0.017708
0 0.307407 0.310937 0.022222 0.013542
0 0.302778 0.496354 0.024074 0.014583
0 0.304630 0.284375 0.025926 0.016667
0 0.273148 0.504167 0.022222 0.013542
0 0.255556 0.509896 0.029630 0.017708
0 0.993519 0.688021 0.011111 0.015625
0 0.225000 0.576042 0.025926 0.014583
0 0.297222 0.482292 0.022222 0.011458
0 0.887963 0.531771 0.022222 0.010417
0 0.254630 0.508854 0.029630 0.016667
0 0.989815 0.539062 0.025926 0.012500
0 0.995370 0.666667 0.007407 0.021875
0 0.349074 0.303125 0.025926 0.014583
0 0.224074 0.575000 0.025926 0.014583
0 0.361111 0.311458 0.020370 0.013542
0 0.996296 0.391146 0.003704 0.014583
0 0.226852 0.567187 0.024074 0.010417
0 0.989815 0.691667 0.016667 0.022917
0 0.807407 0.375000 0.027778 0.015625
0 0.994444 0.722917 0.011111 0.021875
0 0.833333 0.391146 0.031481 0.014583
0 0.853704 0.669271 0.033333 0.017708
0 0.991667 0.554167 0.009259 0.017708
0 0.990741 0.750521 0.016667 0.027083
0 0.990741 0.766146 0.018519 0.018750
0 0.990741 0.764062 0.014815 0.008333
0 0.989815 0.234375 0.018519 0.011458
0 0.992593 0.272396 0.011111 0.017708
0 0.813889 0.504167 0.024074 0.013542
0 0.991667 0.724479 0.018519 0.023958
0 0.990741 0.707292 0.014815 0.020833
0 0.994444 0.519792 0.009259 0.022917
0 0.925000 0.706250 0.033333 0.017708
0 0.992593 0.787500 0.012963 0.017708
0 0.994444 0.355208 0.009259 0.022917
0 0.994444 0.630729 0.011111 0.018750
0 0.995370 0.708333 0.009259 0.015625
0 0.993519 0.430208 0.012963 0.023958
0 0.992593 0.623958 0.011111 0.021875
0 0.848148 0.297917 0.025926 0.015625
0 0.994444 0.651042 0.009259 0.019792
0 0.995370 0.652083 0.007407 0.013542
0 0.958333 0.712500 0.033333 0.018750
0 0.992593 0.538021 0.014815 0.030208
0 1.000000 0.679167 0.033333 0.014583
0 0.792593 0.476042 0.027778 0.015625
0 0.238889 0.511979 0.020370 0.014583
0 0.080556 0.319271 0.031481 0.018750
0 0.112963 0.314583 0.038889 0.019792
0 0.136111 0.705729 0.029630 0.017708
0 0.128704 0.300521 0.033333 0.017708
0 0.433333 0.394792 0.020370 0.013542
0 0.164815 0.563542 0.018519 0.011458
0 0.384259 0.490104 0.020370 0.012500
0 0.013889 0.351562 0.027778 0.016667
0 0.058333 0.706771 0.027778 0.013542
0 0.053704 0.550000 0.031481 0.017708
0 0.905556 0.542188 0.020370 0.012500
0 0.768519 0.698958 0.027778 0.016667
