0 0.656481 0.539583 0.046296 0.023958
0 0.462963 0.570833 0.046296 0.026042
0 0.638889 0.266667 0.033333 0.019792
0 0.270370 0.513021 0.040741 0.021875
0 0.153704 0.674479 0.044444 0.025000
0 0.803704 0.527083 0.035185 0.019792
0 0.500000 0.479687 0.044444 0.025000
0 0.768519 0.375000 0.044444 0.022917
0 0.364815 0.731250 0.031481 0.017708
0 0.602778 0.716667 0.035185 0.021875
0 0.808333 0.380729 0.033333 0.019792
0 0.421296 0.758854 0.027778 0.016667
0 0.491667 0.209896 0.038889 0.025000
0 0.568519 0.719792 0.035185 0.019792
0 0.384259 0.249479 0.031481 0.018750
0 0.049074 0.469271 0.025926 0.013542
0 0.594444 0.277083 0.022222 0.013542
0 0.641667 0.517708 0.035185 0.017708
0 0.712963 0.270313 0.024074 0.013542
0 0.064815 0.252083 0.025926 0.015625
0 0.126852 0.686979 0.033333 0.018750
0 0.276852 0.681771 0.029630 0.017708
0 0.218519 0.426042 0.038889 0.020833
0 0.681481 0.483854 0.027778 0.016667
0 0.046296 0.668750 0.025926 0.014583
0 0.200926 0.772917 0.042593 0.025000
0 0.249074 0.348958 0.038889 0.021875
0 0.095370 0.281771 0.033333 0.016667
0 0.824074 0.335938 0.025926 0.014583
0 0.769444 0.576562 0.035185 0.019792
0 0.610185 0.257812 0.040741 0.026042
0 0.245370 0.647396 0.038889 0.019792
0 0.812037 0.574479 0.035185 0.019792
0 0.828704 0.510417 0.035185 0.019792
0 0.470370 0.542188 0.040741 0.021875
0 0.392593 0.766146 0.029630 0.016667
0 0.748148 0.518229 0.037037 0.021875
0 0.700926 0.278125 0.031481 0.017708
0 0.631481 0.572396 0.027778 0.016667
0 0.071296 0.673438 0.031481 0.016667
0 0.628704 0.548438 0.031481 0.017708
0 0.248148 0.658854 0.033333 0.014583
0 0.346296 0.657813 0.033333 0.018750
0 0.646296 0.688542 0.042593 0.023958
0 0.288889 0.708854 0.031481 0.018750
0 0.833333 0.560937 0.033333 0.018750
0 0.332407 0.768750 0.031481 0.018750
0 0.371296 0.662500 0.035185 0.020833
0 0.671296 0.499479 0.037037 0.021875
0 0.286111 0.372917 0.042593 0.021875
0 0.618519 0.243750 0.033333 0.019792
0 0.743519 0.429167 0.044444 0.026042
0 0.202778 0.637500 0.029630 0.017708
0 0.512963 0.719792 0.042593 0.020833
0 0.649074 0.701562 0.031481 0.015625
0 0.283333 0.669792 0.029630 0.014583
0 0.089815 0.644271 0.040741 0.017708
0 0.211111 0.359375 0.025926 0.012500
0 0.831481 0.540104 0.031481 0.017708
0 0.800926 0.570312 0.027778 0.017708
0 0.697222 0.635417 0.024074 0.014583
0 0.788889 0.558333 0.027778 0.015625
0 0.445370 0.208854 0.024074 0.013542
0 0.240741 0.360938 0.025926 0.010417
0 0.302778 0.540104 0.022222 0.012500
0 0.391667 0.443229 0.031481 0.018750
0 0.072222 0.262500 0.025926 0.013542
0 0.689815 0.284896 0.024074 0.015625
0 0.415741 0.628125 0.031481 0.017708
0 0.619444 0.527083 0.031481 0.019792
0 0.591667 0.547917 0.027778 0.016667
0 0.006481 0.443229 0.012963 0.012500
0 0.789815 0.347396 0.025926 0.014583
0 0.768519 0.534896 0.037037 0.019792
