0 0.162963 0.675521 0.044444 0.025000
0 0.812963 0.528646 0.035185 0.018750
0 0.511111 0.481250 0.044444 0.026042
0 0.778704 0.377604 0.042593 0.023958
0 0.372222 0.732292 0.031481 0.016667
0 0.612037 0.717708 0.035185 0.020833
0 0.815741 0.382292 0.035185 0.019792
0 0.428704 0.760938 0.029630 0.017708
0 0.500926 0.211458 0.037037 0.023958
0 0.665741 0.541667 0.044444 0.025000
0 0.577778 0.721354 0.035185 0.019792
0 0.619444 0.259375 0.040741 0.026042
0 0.776852 0.578125 0.035185 0.018750
0 0.830556 0.338021 0.027778 0.013542
0 0.103704 0.283854 0.033333 0.017708
0 0.262037 0.351042 0.038889 0.022917
0 0.209259 0.774479 0.042593 0.027083
0 0.053704 0.670312 0.025926 0.014583
0 0.687963 0.485938 0.027778 0.014583
0 0.228704 0.428125 0.038889 0.021875
0 0.286111 0.682813 0.031481 0.016667
0 0.136111 0.688542 0.033333 0.017708
0 0.073148 0.253646 0.027778 0.014583
0 0.719444 0.273438 0.022222 0.014583
0 0.297222 0.375000 0.042593 0.021875
0 0.655556 0.690104 0.040741 0.026042
0 0.297222 0.710417 0.031481 0.018750
0 0.837963 0.511979 0.035185 0.019792
0 0.819444 0.576562 0.035185 0.018750
0 0.651852 0.519271 0.035185 0.017708
0 0.604630 0.278646 0.022222 0.013542
0 0.056481 0.470833 0.025926 0.014583
0 0.390741 0.251563 0.031481 0.019792
0 0.254630 0.648958 0.037037 0.019792
0 0.006481 0.634375 0.012963 0.016667
0 0.472222 0.572917 0.048148 0.027083
0 0.647222 0.268229 0.033333 0.019792
0 0.280556 0.514583 0.040741 0.022917
0 0.078704 0.675000 0.029630 0.016667
0 0.681481 0.501563 0.037037 0.021875
0 0.379630 0.663542 0.035185 0.020833
0 0.339815 0.770312 0.031481 0.017708
0 0.840741 0.563021 0.033333 0.018750
0 0.522222 0.721354 0.042593 0.020833
0 0.753704 0.430729 0.044444 0.023958
0 0.626852 0.245312 0.035185 0.017708
0 0.356481 0.659375 0.033333 0.019792
0 0.258333 0.660417 0.035185 0.014583
0 0.635185 0.550000 0.029630 0.017708
0 0.637963 0.573958 0.025926 0.016667
0 0.707407 0.279687 0.031481 0.017708
0 0.756481 0.519792 0.037037 0.020833
0 0.400000 0.767708 0.029630 0.015625
0 0.481481 0.543750 0.040741 0.021875
0 0.840741 0.541667 0.031481 0.017708
0 0.219444 0.360938 0.025926 0.012500
0 0.100000 0.644792 0.038889 0.018750
0 0.292593 0.670833 0.029630 0.014583
0 0.655556 0.703125 0.029630 0.014583
0 0.213889 0.639062 0.031481 0.017708
0 0.812037 0.572396 0.033333 0.017708
0 0.703704 0.636979 0.024074 0.014583
0 0.798148 0.560417 0.029630 0.016667
0 0.450926 0.210938 0.024074 0.013542
0 0.248148 0.362500 0.024074 0.010417
0 0.310185 0.541146 0.020370 0.012500
0 0.399074 0.444792 0.031481 0.018750
0 0.079630 0.264583 0.027778 0.014583
0 0.696296 0.285938 0.025926 0.016667
0 0.425926 0.629687 0.031481 0.017708
0 0.627778 0.528646 0.031481 0.019792
0 0.600000 0.550000 0.024074 0.016667
0 0.011111 0.443750 0.022222 0.014583
0 0.796296 0.351042 0.029630 0.014583
0 0.777778 0.536979 0.037037 0.020833
