0 0.338889 0.711979 0.031481 0.018750
0 0.688889 0.499479 0.033333 0.016667
0 0.181481 0.687500 0.031481 0.022917
0 0.024074 0.361979 0.027778 0.014583
0 0.033333 0.635417 0.033333 0.017708
0 0.518519 0.576042 0.048148 0.027083
0 0.682407 0.277083 0.031481 0.018750
0 0.325926 0.518750 0.040741 0.021875
0 0.215741 0.677604 0.044444 0.025000
0 0.850926 0.532813 0.035185 0.018750
0 0.563889 0.486458 0.044444 0.025000
0 0.826852 0.384896 0.040741 0.021875
0 0.412963 0.733854 0.031481 0.016667
0 0.653704 0.719271 0.035185 0.019792
0 0.851852 0.388542 0.031481 0.017708
0 0.466667 0.761979 0.027778 0.015625
0 0.550000 0.221354 0.040741 0.022917
0 0.708333 0.545312 0.044444 0.023958
0 0.621296 0.722917 0.033333 0.019792
0 0.422222 0.257812 0.029630 0.019792
0 0.086111 0.474479 0.025926 0.013542
0 0.649074 0.287500 0.020370 0.013542
0 0.683333 0.520833 0.037037 0.020833
0 0.746296 0.280208 0.020370 0.015625
0 0.108333 0.259375 0.027778 0.014583
0 0.183333 0.689063 0.038889 0.020833
0 0.328704 0.684896 0.029630 0.016667
0 0.278704 0.433333 0.038889 0.021875
0 0.728704 0.491667 0.022222 0.011458
0 0.091667 0.672396 0.029630 0.014583
0 0.249074 0.775521 0.042593 0.025000
0 0.320370 0.358854 0.038889 0.022917
0 0.137963 0.289062 0.031481 0.016667
0 0.852778 0.344271 0.027778 0.015625
0 0.811111 0.581250 0.035185 0.019792
0 0.664815 0.268229 0.038889 0.026042
0 0.303704 0.651563 0.037037 0.018750
0 0.851852 0.579167 0.035185 0.018750
0 0.875926 0.516146 0.033333 0.019792
0 0.695370 0.691667 0.042593 0.023958
0 0.353704 0.381771 0.040741 0.020833
0 0.726852 0.506250 0.035185 0.020833
0 0.800000 0.437500 0.042593 0.025000
0 0.671296 0.254688 0.033333 0.017708
0 0.405556 0.661458 0.033333 0.019792
0 0.305556 0.663021 0.033333 0.014583
0 0.668519 0.553125 0.029630 0.017708
0 0.115741 0.677083 0.031481 0.016667
0 0.674074 0.576562 0.029630 0.014583
0 0.737037 0.288021 0.031481 0.017708
0 0.797222 0.523958 0.037037 0.020833
0 0.437963 0.768229 0.029630 0.015625
0 0.531481 0.547917 0.038889 0.021875
0 0.874074 0.545833 0.029630 0.017708
0 0.258333 0.365625 0.025926 0.012500
0 0.150000 0.646354 0.037037 0.018750
0 0.336111 0.673958 0.027778 0.014583
0 0.687037 0.704688 0.027778 0.013542
0 0.262037 0.642708 0.027778 0.016667
0 0.843519 0.575000 0.029630 0.015625
0 0.731481 0.638542 0.024074 0.013542
0 0.832407 0.563542 0.027778 0.015625
0 0.484259 0.218229 0.024074 0.013542
0 0.280556 0.367188 0.024074 0.009375
0 0.338889 0.543750 0.018519 0.011458
0 0.444444 0.450521 0.035185 0.020833
0 0.113889 0.270833 0.024074 0.011458
0 0.722222 0.293750 0.024074 0.015625
0 0.475000 0.632812 0.029630 0.015625
0 0.661111 0.531771 0.029630 0.017708
0 0.635185 0.553646 0.027778 0.016667
0 0.039815 0.447396 0.027778 0.014583
0 0.830556 0.357812 0.027778 0.013542
0 0.425926 0.665104 0.033333 0.019792
0 0.816667 0.540625 0.037037 0.019792
0 0.379630 0.771354 0.029630 0.017708
0 0.874074 0.566667 0.031481 0.018750
0 0.567593 0.722396 0.042593 0.019792
