0 0.995370 0.595313 0.009259 0.019792
0 0.991667 0.732292 0.012963 0.020833
0 0.997222 0.489063 0.003704 0.012500
0 0.501852 0.336979 0.020370 0.012500
0 0.582407 0.321875 0.024074 0.013542
0 0.102778 0.496354 0.029630 0.013542
0 0.975926 0.658333 0.031481 0.016667
0 0.310185 0.323437 0.022222 0.015625
0 0.400000 0.588021 0.024074 0.014583
0 0.550000 0.204687 0.011111 0.007292
0 0.568519 0.323437 0.022222 0.013542
0 0.991667 0.322917 0.014815 0.014583
0 0.269444 0.359896 0.031481 0.016667
0 0.262037 0.720313 0.031481 0.015625
0 0.287037 0.559375 0.027778 0.017708
0 0.996296 0.552083 0.007407 0.012500
0 0.994444 0.707812 0.018519 0.016667
0 0.325000 0.329167 0.029630 0.018750
0 0.363889 0.323958 0.031481 0.019792
0 0.412037 0.718229 0.029630 0.017708
0 0.372222 0.310417 0.027778 0.015625
0 0.616667 0.407813 0.022222 0.013542
0 0.380556 0.579688 0.022222 0.015625
0 0.556481 0.503125 0.022222 0.011458
0 0.449074 0.522917 0.027778 0.013542
0 0.435185 0.578646 0.025926 0.011458
0 0.996296 0.442188 0.005556 0.015625
0 0.531481 0.322917 0.022222 0.012500
0 0.432407 0.587500 0.025926 0.013542
0 0.522222 0.315625 0.024074 0.014583
0 0.995370 0.734896 0.007407 0.023958
0 0.995370 0.607292 0.025926 0.012500
0 0.467593 0.519271 0.027778 0.015625
0 0.994444 0.526563 0.009259 0.010417
0 0.494444 0.493750 0.022222 0.012500
0 0.431481 0.586979 0.025926 0.013542
0 0.993519 0.698438 0.011111 0.015625
0 0.466667 0.519271 0.025926 0.016667
0 0.477778 0.515625 0.018519 0.012500
0 0.501852 0.295833 0.024074 0.015625
0 0.496296 0.508333 0.024074 0.014583
0 0.478704 0.322917 0.025926 0.013542
0 0.995370 0.700000 0.005556 0.018750
0 0.536111 0.508854 0.024074 0.014583
0 0.500000 0.326562 0.022222 0.012500
0 0.533333 0.498437 0.024074 0.011458
0 0.992593 0.770312 0.016667 0.039583
0 0.561111 0.486458 0.022222 0.011458
0 0.568519 0.323437 0.022222 0.013542
0 0.997222 0.274479 0.005556 0.015625
0 0.650000 0.499479 0.025926 0.015625
0 0.612037 0.321354 0.022222 0.015625
0 0.939815 0.691146 0.035185 0.020833
0 0.700926 0.410938 0.029630 0.017708
0 0.647222 0.430729 0.020370 0.010417
0 0.997222 0.518750 0.003704 0.018750
0 0.990741 0.711458 0.016667 0.017708
0 0.986111 0.739583 0.025926 0.019792
0 0.996296 0.534375 0.020370 0.011458
0 0.987963 0.668229 0.022222 0.013542
0 0.996296 0.733854 0.007407 0.017708
0 0.992593 0.730208 0.014815 0.020833
0 0.994444 0.370312 0.009259 0.015625
0 0.992593 0.319271 0.012963 0.014583
0 0.993519 0.679688 0.012963 0.016667
0 0.981481 0.396875 0.009259 0.013542
0 0.994444 0.748958 0.011111 0.019792
0 0.994444 0.408854 0.007407 0.014583
0 0.992593 0.680729 0.012963 0.017708
0 0.994444 0.602604 0.011111 0.026042
0 0.989815 0.254167 0.018519 0.010417
0 0.993519 0.274479 0.011111 0.015625
0 0.996296 0.510938 0.007407 0.020833
0 0.990741 0.760417 0.016667 0.022917
0 0.996296 0.729167 0.005556 0.014583
0 0.994444 0.722396 0.009259 0.014583
0 0.993519 0.770312 0.012963 0.016667
0 0.999074 0.435937 0.000000 0.000000
0 0.991667 0.604167 0.014815 0.028125
0 0.030556 0.707292 0.038889 0.019792
0 0.026852 0.605729 0.020370 0.009375
0 0.346296 0.326042 0.027778 0.017708
0 0.982407 0.472917 0.027778 0.012500
0 0.091667 0.519271 0.031481 0.017708
