0 0.990741 0.324479 0.016667 0.015625
0 0.936111 0.467708 0.024074 0.011458
0 0.044444 0.508333 0.033333 0.014583
0 0.547222 0.313542 0.025926 0.014583
0 0.044444 0.469792 0.025926 0.010417
0 0.909259 0.651563 0.029630 0.014583
0 0.265741 0.316146 0.020370 0.015625
0 0.370370 0.577083 0.022222 0.013542
0 0.504630 0.196875 0.011111 0.006250
0 0.534259 0.315104 0.020370 0.013542
0 0.496296 0.500000 0.024074 0.014583
0 0.471296 0.317188 0.022222 0.013542
0 0.492593 0.489583 0.022222 0.010417
0 0.475000 0.327604 0.020370 0.012500
0 0.992593 0.760417 0.014815 0.036458
0 0.522222 0.478125 0.024074 0.012500
0 0.535185 0.315104 0.020370 0.013542
0 0.996296 0.284896 0.003704 0.015625
0 0.600000 0.492188 0.025926 0.015625
0 0.576852 0.313021 0.022222 0.015625
0 0.870370 0.682813 0.035185 0.019792
0 0.650926 0.404167 0.027778 0.017708
0 0.605556 0.419792 0.020370 0.010417
0 1.004630 0.526563 0.009259 0.007292
0 0.958333 0.706250 0.040741 0.020833
0 0.915741 0.731250 0.033333 0.018750
0 0.996296 0.547917 0.020370 0.011458
0 1.009259 0.695312 0.035185 0.021875
0 0.950926 0.730729 0.031481 0.018750
0 0.992593 0.709375 0.014815 0.019792
0 0.991667 0.365625 0.016667 0.016667
0 0.992593 0.308854 0.012963 0.015625
0 1.001852 0.699479 0.012963 0.017708
0 0.987037 0.384896 0.022222 0.015625
0 0.994444 0.739583 0.011111 0.020833
0 0.994444 0.404167 0.007407 0.016667
0 0.200926 0.352604 0.027778 0.016667
0 0.218519 0.704688 0.035185 0.013542
0 0.238889 0.549479 0.031481 0.017708
0 0.995370 0.549479 0.005556 0.012500
0 0.981481 0.706771 0.027778 0.016667
0 0.278704 0.320833 0.029630 0.017708
0 0.313889 0.316667 0.038889 0.019792
0 0.347222 0.706250 0.029630 0.016667
0 0.324074 0.303125 0.033333 0.016667
0 0.580556 0.399479 0.022222 0.012500
0 0.345370 0.569792 0.024074 0.012500
0 0.531481 0.493229 0.018519 0.011458
0 0.403704 0.513542 0.020370 0.013542
0 0.389815 0.568229 0.025926 0.010417
0 0.996296 0.422917 0.003704 0.014583
0 0.502778 0.314583 0.022222 0.012500
0 0.387037 0.576042 0.029630 0.013542
0 0.493519 0.305729 0.024074 0.014583
0 0.995370 0.704167 0.007407 0.022917
0 0.994444 0.594792 0.025926 0.011458
0 0.421296 0.510938 0.027778 0.017708
0 0.994444 0.532292 0.009259 0.010417
0 0.452778 0.484896 0.020370 0.013542
0 0.387963 0.576562 0.025926 0.014583
0 0.993519 0.690104 0.011111 0.015625
0 0.422222 0.510417 0.027778 0.015625
0 0.433333 0.505729 0.018519 0.012500
0 0.466667 0.286979 0.024074 0.014583
0 0.456481 0.498958 0.025926 0.014583
0 0.450926 0.313542 0.025926 0.013542
0 0.995370 0.691146 0.005556 0.017708
0 0.958333 0.484375 0.027778 0.015625
0 0.996296 0.711979 0.005556 0.014583
0 0.994444 0.552604 0.009259 0.021875
0 0.993519 0.713021 0.009259 0.014583
0 0.993519 0.776042 0.012963 0.016667
0 0.996296 0.705729 0.005556 0.010417
0 0.999074 0.436458 0.000000 0.000000
0 0.991667 0.604688 0.014815 0.026042
0 0.994444 0.608333 0.009259 0.020833
0 0.992593 0.642188 0.011111 0.020833
0 0.992593 0.710417 0.012963 0.018750
0 0.992593 0.672396 0.011111 0.015625
0 0.994444 0.590104 0.011111 0.026042
0 0.990741 0.607812 0.016667 0.033333
0 0.989815 0.805729 0.018519 0.030208
0 0.989815 0.253125 0.018519 0.010417
0 0.992593 0.275000 0.011111 0.016667
0 0.973148 0.512500 0.025926 0.014583
0 0.990741 0.748958 0.016667 0.022917
