0 0.611111 0.505729 0.016667 0.010417
0 0.026852 0.586458 0.012963 0.016667
0 0.036111 0.701042 0.033333 0.018750
0 0.023148 0.458854 0.046296 0.026042
0 0.038889 0.680208 0.037037 0.021875
0 0.030556 0.556771 0.025926 0.012500
0 0.062037 0.716667 0.037037 0.021875
0 0.086111 0.639583 0.035185 0.017708
0 0.064815 0.725521 0.033333 0.016667
0 0.403704 0.346354 0.025926 0.015625
0 0.102778 0.289062 0.033333 0.016667
0 0.108333 0.733854 0.037037 0.019792
0 0.203704 0.595833 0.020370 0.010417
0 0.500926 0.310937 0.025926 0.017708
0 0.155556 0.697396 0.037037 0.018750
0 0.990741 0.462500 0.016667 0.011458
0 0.243519 0.507292 0.031481 0.017708
0 0.716667 0.307812 0.024074 0.014583
0 0.248148 0.483333 0.031481 0.015625
0 0.997222 0.645833 0.024074 0.017708
0 0.464815 0.309375 0.027778 0.018750
0 0.508333 0.577604 0.024074 0.014583
0 0.681481 0.186979 0.011111 0.007292
0 0.698148 0.309375 0.024074 0.015625
0 0.993519 0.320833 0.011111 0.010417
0 0.495370 0.352083 0.027778 0.015625
0 0.387963 0.711458 0.029630 0.016667
0 0.448148 0.550521 0.027778 0.017708
0 0.996296 0.563542 0.007407 0.013542
0 1.000926 0.665625 0.018519 0.016667
0 0.480556 0.314063 0.029630 0.018750
0 0.524074 0.308854 0.031481 0.020833
0 0.586111 0.710417 0.025926 0.017708
0 0.527778 0.294792 0.027778 0.017708
0 0.737963 0.395313 0.020370 0.011458
0 0.487037 0.569792 0.022222 0.014583
0 0.676852 0.491146 0.024074 0.013542
0 0.575000 0.512500 0.025926 0.015625
0 0.650926 0.309375 0.024074 0.013542
0 0.561111 0.577083 0.025926 0.015625
0 0.642593 0.301042 0.027778 0.015625
0 0.600926 0.508854 0.025926 0.016667
0 0.993519 0.526042 0.009259 0.011458
0 0.621296 0.483333 0.022222 0.012500
0 0.562037 0.577604 0.025926 0.014583
0 0.602778 0.509375 0.027778 0.015625
0 0.634259 0.280729 0.025926 0.015625
0 0.619444 0.497917 0.024074 0.013542
0 0.597222 0.308333 0.025926 0.016667
0 0.996296 0.674479 0.007407 0.017708
0 0.660185 0.497917 0.024074 0.013542
0 0.616667 0.313021 0.020370 0.013542
0 0.650000 0.487500 0.022222 0.012500
0 0.999074 0.435937 0.000000 0.000000
0 0.993519 0.682292 0.009259 0.016667
0 0.996296 0.467187 0.007407 0.019792
0 0.996296 0.699479 0.005556 0.013542
0 0.991667 0.708854 0.012963 0.016667
0 0.616667 0.323437 0.022222 0.012500
0 0.685185 0.476042 0.022222 0.012500
0 0.698148 0.309375 0.024074 0.015625
0 0.997222 0.267708 0.005556 0.015625
0 0.791667 0.490625 0.025926 0.015625
0 0.742593 0.307292 0.024074 0.015625
0 0.990741 0.680729 0.018519 0.021875
0 0.996296 0.482292 0.003704 0.010417
0 0.995370 0.706771 0.009259 0.013542
0 0.856481 0.400000 0.033333 0.018750
0 0.797222 0.427083 0.020370 0.011458
0 0.997222 0.508333 0.003704 0.017708
0 0.991667 0.675521 0.016667 0.016667
0 0.997222 0.704167 0.003704 0.016667
0 0.989815 0.667188 0.018519 0.011458
0 0.996296 0.735417 0.007407 0.016667
0 0.993519 0.682292 0.011111 0.018750
0 0.995370 0.348438 0.009259 0.014583
0 0.992593 0.343229 0.011111 0.013542
0 0.994444 0.661458 0.009259 0.012500
0 0.989815 0.383854 0.009259 0.012500
0 0.995370 0.392188 0.005556 0.012500
