0 0.995370 0.470313 0.005556 0.013542
0 0.996296 0.403646 0.005556 0.017708
0 0.995370 0.661458 0.005556 0.010417
0 0.994444 0.314583 0.009259 0.016667
0 0.235185 0.495833 0.029630 0.016667
0 0.571296 0.511979 0.029630 0.016667
0 0.494444 0.700000 0.024074 0.012500
0 0.836111 0.318229 0.022222 0.014583
0 0.578704 0.598958 0.018519 0.010417
0 0.399074 0.738542 0.037037 0.020833
0 0.413889 0.297917 0.027778 0.014583
0 0.827778 0.348958 0.025926 0.015625
0 0.383333 0.729688 0.027778 0.017708
0 0.446296 0.641667 0.029630 0.015625
0 0.429630 0.718229 0.031481 0.022917
0 0.354630 0.561979 0.029630 0.014583
0 0.410185 0.680729 0.033333 0.020833
0 0.407407 0.461979 0.042593 0.025000
0 0.408333 0.702083 0.031481 0.018750
0 0.340741 0.592708 0.014815 0.018750
0 0.372222 0.443750 0.046296 0.028125
0 0.345370 0.459896 0.050000 0.028125
0 0.235185 0.530208 0.024074 0.015625
0 0.286111 0.693229 0.033333 0.021875
0 0.334259 0.431250 0.048148 0.028125
0 0.212963 0.532292 0.024074 0.013542
0 0.295370 0.165625 0.024074 0.013542
0 0.275926 0.722917 0.035185 0.020833
0 0.254630 0.615104 0.031481 0.018750
0 0.614815 0.378125 0.033333 0.016667
0 0.294444 0.165625 0.025926 0.014583
0 0.232407 0.716146 0.027778 0.019792
0 0.200000 0.522917 0.014815 0.009375
0 0.244444 0.453125 0.027778 0.016667
0 0.421296 0.285938 0.029630 0.015625
0 0.430556 0.244271 0.031481 0.016667
0 0.236111 0.330729 0.027778 0.018750
0 0.260185 0.329688 0.027778 0.016667
0 0.257407 0.711458 0.029630 0.017708
0 0.185185 0.543750 0.031481 0.017708
0 0.220370 0.453646 0.035185 0.017708
0 0.217593 0.440104 0.035185 0.020833
0 0.301852 0.153646 0.024074 0.013542
0 0.183333 0.276042 0.029630 0.017708
0 0.945370 0.439583 0.022222 0.013542
0 0.197222 0.227604 0.035185 0.020833
0 0.937963 0.726562 0.027778 0.013542
0 0.150926 0.543229 0.037037 0.019792
0 0.152778 0.258333 0.033333 0.021875
0 0.159259 0.255208 0.020370 0.018750
0 0.442593 0.295833 0.031481 0.018750
0 0.508333 0.492708 0.020370 0.013542
0 0.120370 0.543750 0.027778 0.016667
0 0.433333 0.526563 0.018519 0.010417
0 0.085185 0.545833 0.033333 0.017708
0 0.063889 0.550000 0.029630 0.014583
0 0.051852 0.425000 0.037037 0.019792
0 0.860185 0.519271 0.027778 0.013542
0 0.307407 0.170313 0.022222 0.014583
0 0.071296 0.458333 0.025926 0.010417
0 0.847222 0.520312 0.024074 0.013542
0 0.824074 0.315104 0.038889 0.025000
0 0.781481 0.583333 0.020370 0.013542
0 0.948148 0.200000 0.012963 0.008333
0 0.962037 0.318750 0.024074 0.013542
0 0.727778 0.717187 0.020370 0.010417
0 0.830556 0.318229 0.029630 0.012500
0 0.853704 0.315625 0.031481 0.016667
0 0.951852 0.716146 0.031481 0.015625
0 0.853704 0.303125 0.022222 0.012500
0 0.991667 0.395833 0.014815 0.009375
0 0.779630 0.578646 0.014815 0.007292
0 0.564815 0.489583 0.025926 0.017708
0 0.896296 0.319271 0.024074 0.014583
0 0.847222 0.585417 0.025926 0.014583
0 0.889815 0.311979 0.024074 0.013542
0 0.892593 0.516667 0.027778 0.015625
0 0.899074 0.490104 0.016667 0.009375
0 0.845370 0.585417 0.024074 0.013542
0 0.891667 0.516667 0.027778 0.015625
0 0.907407 0.291667 0.024074 0.015625
0 0.896296 0.506250 0.018519 0.012500
0 0.854630 0.315625 0.033333 0.015625
0 0.996296 0.660937 0.007407 0.019792
0 0.930556 0.506771 0.025926 0.014583
0 0.864815 0.321875 0.022222 0.012500
0 0.919444 0.494271 0.024074 0.014583
0 0.860185 0.331771 0.024074 0.014583
0 0.955556 0.483854 0.018519 0.009375
0 0.962963 0.319271 0.024074 0.014583
0 0.987037 0.317188 0.024074 0.015625
