0 0.038889 0.147396 0.024074 0.014583
0 0.036111 0.516667 0.024074 0.013542
0 0.035185 0.481250 0.035185 0.018750
0 0.005556 0.438542 0.011111 0.016667
0 0.008333 0.512500 0.016667 0.012500
0 0.017593 0.700000 0.035185 0.019792
0 0.018519 0.143750 0.025926 0.015625
0 0.387037 0.361979 0.035185 0.022917
0 0.023148 0.601562 0.033333 0.017708
0 0.040741 0.709375 0.037037 0.021875
0 0.998148 0.453646 0.016667 0.011458
0 0.057407 0.416146 0.051852 0.029167
0 0.052778 0.680208 0.040741 0.021875
0 0.058333 0.514583 0.025926 0.014583
0 0.075926 0.446354 0.050000 0.025000
0 0.097222 0.429688 0.050000 0.028125
0 0.123148 0.576042 0.014815 0.017708
0 0.152778 0.687500 0.029630 0.016667
0 0.139815 0.447396 0.048148 0.026042
0 0.158333 0.666667 0.035185 0.020833
0 0.130556 0.546354 0.027778 0.012500
0 0.182407 0.702083 0.033333 0.021875
0 0.199074 0.627083 0.031481 0.016667
0 0.167593 0.713542 0.031481 0.016667
0 0.531481 0.332292 0.025926 0.015625
0 0.192593 0.278646 0.029630 0.016667
0 0.200926 0.721354 0.035185 0.020833
0 0.321296 0.582812 0.020370 0.010417
0 0.595370 0.297917 0.024074 0.016667
0 0.251852 0.683333 0.029630 0.014583
0 0.994444 0.340625 0.007407 0.013542
0 0.992593 0.344271 0.011111 0.013542
0 0.994444 0.651563 0.009259 0.011458
0 1.005556 0.398958 0.014815 0.020833
0 0.995370 0.383854 0.005556 0.012500
0 0.994444 0.668229 0.007407 0.013542
0 0.996296 0.453646 0.007407 0.019792
0 0.993519 0.695312 0.012963 0.015625
0 0.997222 0.477083 0.003704 0.009375
0 0.993519 0.658854 0.009259 0.016667
0 0.996296 0.730729 0.007407 0.016667
0 0.989815 0.664062 0.016667 0.010417
0 0.997222 0.676042 0.003704 0.016667
0 0.991667 0.663542 0.014815 0.016667
0 0.997222 0.501042 0.003704 0.016667
0 0.949074 0.385937 0.033333 0.018750
0 0.989815 0.669271 0.020370 0.025000
0 0.820370 0.294792 0.024074 0.015625
0 0.880556 0.476562 0.027778 0.015625
0 0.997222 0.267188 0.005556 0.016667
0 0.773148 0.296875 0.022222 0.014583
0 0.763889 0.463021 0.024074 0.012500
0 0.685185 0.310937 0.022222 0.012500
0 0.727778 0.475521 0.022222 0.012500
0 0.686111 0.300000 0.020370 0.012500
0 0.738889 0.485938 0.024074 0.014583
0 0.996296 0.673958 0.007407 0.018750
0 0.664815 0.296354 0.024074 0.014583
0 0.700000 0.484896 0.020370 0.012500
0 0.712963 0.267188 0.024074 0.013542
0 0.687963 0.496354 0.027778 0.016667
0 0.646296 0.565104 0.025926 0.013542
0 0.702778 0.471354 0.022222 0.012500
0 0.994444 0.523438 0.009259 0.010417
0 0.688889 0.496875 0.027778 0.015625
0 0.714815 0.288542 0.024074 0.013542
0 0.647222 0.565104 0.025926 0.014583
0 0.718519 0.296354 0.022222 0.013542
0 0.657407 0.500521 0.029630 0.014583
0 0.754630 0.478646 0.024074 0.013542
0 0.562037 0.559896 0.022222 0.011458
0 0.820370 0.380729 0.016667 0.010417
0 0.622222 0.281771 0.024074 0.013542
0 0.698148 0.695312 0.025926 0.016667
0 0.621296 0.295833 0.031481 0.019792
0 0.577778 0.301042 0.031481 0.017708
0 1.000926 0.643750 0.016667 0.015625
0 0.561111 0.535937 0.025926 0.016667
0 0.479630 0.697396 0.022222 0.014583
0 0.637963 0.340104 0.033333 0.017708
0 0.772222 0.295833 0.024074 0.014583
0 0.757407 0.172917 0.011111 0.007292
0 0.581481 0.565104 0.024074 0.013542
0 0.560185 0.296354 0.027778 0.017708
0 0.995370 0.631771 0.024074 0.017708
0 0.344444 0.471875 0.031481 0.015625
0 0.793519 0.294792 0.024074 0.014583
0 0.343519 0.495833 0.031481 0.017708
