0 0.997222 0.470833 0.003704 0.012500
0 0.993519 0.765104 0.012963 0.016667
0 0.994444 0.716667 0.009259 0.014583
0 0.996296 0.720833 0.005556 0.014583
0 0.996296 0.500521 0.007407 0.020833
0 0.992593 0.709375 0.014815 0.019792
0 0.994444 0.579167 0.011111 0.027083
0 0.992593 0.680208 0.012963 0.016667
0 0.995370 0.394792 0.007407 0.014583
0 0.999074 0.435937 0.000000 0.000000
0 0.991667 0.578125 0.016667 0.029167
0 0.993519 0.695312 0.011111 0.015625
0 0.950926 0.371875 0.009259 0.012500
0 0.993519 0.672396 0.011111 0.015625
0 0.992593 0.325000 0.011111 0.014583
0 0.994444 0.351562 0.009259 0.015625
0 0.991667 0.709896 0.014815 0.020833
0 0.995370 0.737500 0.005556 0.017708
0 0.983333 0.655208 0.020370 0.012500
0 0.996296 0.521875 0.020370 0.011458
0 0.991667 0.708854 0.016667 0.019792
0 0.987963 0.681771 0.016667 0.016667
0 0.997222 0.506771 0.003704 0.018750
0 0.655556 0.414062 0.020370 0.010417
0 0.709259 0.385417 0.029630 0.017708
0 0.950000 0.663021 0.033333 0.019792
0 0.612037 0.296354 0.024074 0.015625
0 0.656481 0.476042 0.027778 0.014583
0 0.996296 0.269792 0.003704 0.016667
0 0.567593 0.297917 0.022222 0.014583
0 0.563889 0.464062 0.022222 0.011458
0 0.990741 0.742188 0.016667 0.041667
0 0.497222 0.313021 0.022222 0.013542
0 0.535185 0.476042 0.024074 0.012500
0 0.493519 0.302083 0.022222 0.013542
0 0.538889 0.486458 0.024074 0.014583
0 0.996296 0.693750 0.005556 0.018750
0 0.473148 0.298438 0.025926 0.014583
0 0.498148 0.486458 0.024074 0.014583
0 0.500926 0.269792 0.024074 0.014583
0 0.484259 0.494271 0.018519 0.011458
0 0.473148 0.498437 0.027778 0.016667
0 0.437037 0.566146 0.024074 0.014583
0 0.497222 0.471354 0.022222 0.011458
0 0.994444 0.530208 0.009259 0.011458
0 0.473148 0.497917 0.027778 0.016667
0 0.995370 0.739583 0.007407 0.022917
0 0.517593 0.290104 0.025926 0.014583
0 0.437963 0.566146 0.025926 0.014583
0 0.526852 0.297917 0.022222 0.013542
0 0.996296 0.444792 0.005556 0.016667
0 0.453704 0.502604 0.027778 0.013542
0 0.556481 0.479687 0.020370 0.011458
0 0.380556 0.558333 0.025926 0.014583
0 0.614815 0.383854 0.024074 0.013542
0 0.375000 0.285417 0.027778 0.016667
0 0.432407 0.696875 0.029630 0.017708
0 0.369444 0.299479 0.033333 0.019792
0 0.329630 0.305208 0.029630 0.018750
0 1.000926 0.687500 0.018519 0.016667
0 0.996296 0.557813 0.007407 0.012500
0 0.299074 0.541146 0.025926 0.016667
0 0.269444 0.701562 0.029630 0.015625
0 0.282407 0.344271 0.033333 0.017708
0 0.992593 0.318750 0.014815 0.012500
0 0.567593 0.297917 0.022222 0.014583
0 0.544444 0.176042 0.011111 0.007292
0 0.400000 0.567187 0.025926 0.015625
0 0.313889 0.300521 0.024074 0.017708
0 0.984259 0.629687 0.029630 0.018750
0 0.106481 0.478646 0.031481 0.014583
0 0.583333 0.296875 0.022222 0.014583
0 0.099074 0.500521 0.033333 0.017708
0 0.980556 0.446875 0.027778 0.011458
0 0.033333 0.691146 0.040741 0.020833
0 0.350000 0.302083 0.027778 0.017708
0 0.039815 0.589063 0.020370 0.009375
