0 0.011111 0.467708 0.022222 0.014583
0 0.112963 0.702083 0.025926 0.014583
0 0.334259 0.702604 0.022222 0.011458
0 0.675000 0.729167 0.027778 0.016667
0 0.265741 0.671875 0.027778 0.015625
0 0.834259 0.598437 0.025926 0.017708
0 0.732407 0.663021 0.025926 0.014583
0 0.825926 0.586979 0.027778 0.016667
0 0.463889 0.240104 0.024074 0.012500
0 0.298148 0.388021 0.022222 0.008333
0 0.354630 0.562500 0.027778 0.015625
0 0.449074 0.473438 0.037037 0.021875
0 0.137037 0.299479 0.020370 0.010417
0 0.700926 0.315625 0.024074 0.017708
0 0.486111 0.659375 0.027778 0.015625
0 0.652778 0.554688 0.029630 0.017708
0 0.629630 0.576562 0.027778 0.016667
0 0.825000 0.383333 0.027778 0.013542
0 0.821296 0.565104 0.035185 0.019792
0 0.851852 0.557292 0.033333 0.018750
0 0.012037 0.288542 0.016667 0.017708
0 0.149074 0.676562 0.038889 0.020833
0 -0.067593 0.341146 0.003704 0.001042
0 0.847222 0.603125 0.033333 0.019792
0 0.011111 0.337500 0.018519 0.018750
0 0.698148 0.524479 0.031481 0.018750
0 0.188889 0.718750 0.038889 0.028125
0 0.007407 0.380208 0.014815 0.016667
0 0.010185 0.663542 0.020370 0.019792
0 0.528704 0.601562 0.046296 0.026042
0 0.679630 0.303646 0.029630 0.015625
0 0.329630 0.542708 0.040741 0.022917
0 0.216667 0.708333 0.042593 0.025000
0 0.584259 0.511979 0.040741 0.025000
0 0.841667 0.410417 0.040741 0.021875
0 0.409259 0.763021 0.031481 0.017708
0 0.661111 0.745833 0.033333 0.020833
0 0.867593 0.415104 0.027778 0.019792
0 0.462037 0.791146 0.027778 0.017708
0 0.562037 0.245833 0.040741 0.023958
0 0.715741 0.569792 0.044444 0.025000
0 0.628704 0.750000 0.033333 0.019792
0 0.400926 0.278646 0.029630 0.018750
0 0.054630 0.495312 0.027778 0.014583
0 0.661111 0.312500 0.020370 0.012500
0 0.675000 0.544271 0.031481 0.017708
0 0.727778 0.304167 0.020370 0.014583
0 0.085185 0.276042 0.027778 0.016667
0 0.180556 0.721354 0.033333 0.022917
0 0.326852 0.713542 0.029630 0.018750
0 0.284259 0.455208 0.037037 0.020833
0 0.737963 0.516146 0.020370 0.010417
0 0.062963 0.702083 0.027778 0.013542
0 0.237037 0.809896 0.042593 0.023958
0 0.340741 0.380729 0.040741 0.022917
0 0.170370 0.306771 0.029630 0.015625
0 0.834259 0.371354 0.029630 0.016667
0 0.803704 0.604688 0.033333 0.019792
0 0.674074 0.293229 0.040741 0.025000
0 0.308333 0.679688 0.038889 0.019792
0 0.848148 0.602604 0.033333 0.018750
0 0.877778 0.541146 0.033333 0.020833
0 0.335185 0.741146 0.031481 0.018750
0 0.700926 0.716667 0.040741 0.025000
0 0.371296 0.404687 0.040741 0.021875
0 0.738889 0.530729 0.037037 0.020833
0 0.431481 0.693750 0.033333 0.019792
0 0.375000 0.802083 0.031481 0.018750
0 0.867593 0.590104 0.031481 0.018750
0 0.578704 0.750521 0.044444 0.021875
0 0.813889 0.462500 0.042593 0.025000
0 0.679630 0.281250 0.031481 0.017708
0 0.412037 0.688542 0.037037 0.018750
0 0.308333 0.691667 0.035185 0.014583
0 0.660185 0.576562 0.029630 0.017708
0 0.091667 0.706250 0.031481 0.016667
0 0.679630 0.601042 0.029630 0.016667
0 0.718519 0.311979 0.031481 0.017708
0 0.802778 0.547917 0.035185 0.019792
0 0.432407 0.798438 0.029630 0.016667
0 0.545370 0.573438 0.040741 0.022917
0 0.867593 0.568750 0.029630 0.016667
0 0.250000 0.386979 0.027778 0.013542
