0 0.745370 0.429167 0.044444 0.026042
0 0.284259 0.670312 0.029630 0.014583
0 0.089815 0.644271 0.040741 0.017708
0 0.212963 0.359896 0.025926 0.012500
0 0.832407 0.540625 0.031481 0.018750
0 0.472222 0.542708 0.042593 0.022917
0 0.393519 0.766146 0.029630 0.016667
0 0.749074 0.518229 0.037037 0.020833
0 0.702778 0.278125 0.031481 0.017708
0 0.632407 0.572396 0.025926 0.016667
0 0.071296 0.673438 0.031481 0.016667
0 0.629630 0.548958 0.029630 0.018750
0 0.250000 0.658854 0.035185 0.014583
0 0.347222 0.657813 0.033333 0.017708
0 0.619444 0.243750 0.035185 0.019792
0 0.512963 0.719792 0.040741 0.020833
0 0.835185 0.561458 0.033333 0.018750
0 0.332407 0.768750 0.031481 0.017708
0 0.371296 0.661979 0.035185 0.020833
0 0.674074 0.500000 0.037037 0.021875
0 0.287963 0.373437 0.042593 0.021875
0 0.647222 0.688542 0.042593 0.023958
0 0.289815 0.708854 0.031481 0.018750
0 0.830556 0.510417 0.033333 0.019792
0 0.812963 0.574479 0.035185 0.019792
0 0.246296 0.647396 0.038889 0.019792
0 0.612037 0.257812 0.040741 0.026042
0 0.770370 0.576562 0.035185 0.019792
0 0.825926 0.336458 0.025926 0.014583
0 0.096296 0.281771 0.033333 0.016667
0 0.250926 0.349479 0.040741 0.022917
0 0.464815 0.571354 0.050000 0.027083
0 0.641667 0.266667 0.033333 0.019792
0 0.271296 0.513542 0.040741 0.022917
0 0.153704 0.674479 0.044444 0.025000
0 0.805556 0.527083 0.035185 0.018750
0 0.501852 0.480208 0.044444 0.025000
0 0.771296 0.375521 0.042593 0.022917
0 0.364815 0.731250 0.029630 0.017708
0 0.603704 0.716667 0.035185 0.021875
0 0.810185 0.380729 0.033333 0.018750
0 0.421296 0.759375 0.027778 0.016667
0 0.493519 0.209896 0.038889 0.023958
0 0.657407 0.540104 0.044444 0.025000
0 0.569444 0.720313 0.033333 0.020833
0 0.385185 0.250000 0.029630 0.019792
0 0.049074 0.469271 0.025926 0.013542
0 0.597222 0.277083 0.022222 0.012500
0 0.643519 0.517708 0.035185 0.017708
0 0.714815 0.270313 0.022222 0.013542
0 0.065741 0.251563 0.025926 0.015625
0 0.125926 0.686979 0.033333 0.019792
0 0.277778 0.681771 0.029630 0.017708
0 0.219444 0.426042 0.038889 0.020833
0 0.201852 0.772917 0.044444 0.026042
0 0.073148 0.262500 0.025926 0.013542
0 0.394444 0.443750 0.031481 0.019792
0 0.303704 0.540625 0.022222 0.013542
0 0.241667 0.360938 0.025926 0.010417
0 0.447222 0.208854 0.024074 0.012500
0 0.791667 0.558854 0.029630 0.016667
0 0.698148 0.634896 0.022222 0.014583
0 0.801852 0.570312 0.027778 0.017708
0 0.204630 0.638021 0.029630 0.017708
0 0.649074 0.702083 0.031481 0.015625
0 0.683333 0.483854 0.029630 0.015625
0 0.045370 0.668750 0.025926 0.014583
0 0.691667 0.284375 0.024074 0.014583
0 0.416667 0.628125 0.031481 0.016667
0 0.620370 0.527083 0.031481 0.019792
0 0.593519 0.548438 0.027778 0.016667
0 0.006481 0.443229 0.012963 0.012500
0 0.791667 0.347396 0.025926 0.013542
0 0.770370 0.535417 0.035185 0.019792
