0 0.999074 0.436458 0.000000 0.000000
0 0.215741 0.705729 0.033333 0.014583
0 0.236111 0.550521 0.029630 0.017708
0 0.996296 0.546875 0.007407 0.012500
0 0.978704 0.707292 0.027778 0.016667
0 0.275000 0.321875 0.029630 0.017708
0 0.311111 0.317708 0.038889 0.018750
0 0.343519 0.706771 0.029630 0.016667
0 0.322222 0.303646 0.029630 0.016667
0 0.577778 0.400000 0.022222 0.012500
0 0.342593 0.570833 0.024074 0.013542
0 0.528704 0.494271 0.018519 0.011458
0 0.400926 0.514062 0.020370 0.012500
0 0.387037 0.568750 0.025926 0.010417
0 0.996296 0.421875 0.003704 0.014583
0 0.500000 0.315104 0.020370 0.012500
0 0.383333 0.576562 0.029630 0.013542
0 0.491667 0.306771 0.024074 0.015625
0 0.995370 0.703646 0.007407 0.022917
0 0.994444 0.593750 0.025926 0.011458
0 0.418519 0.511458 0.029630 0.016667
0 0.996296 0.531250 0.009259 0.010417
0 0.450000 0.485938 0.020370 0.013542
0 0.384259 0.577083 0.024074 0.014583
0 0.993519 0.690625 0.011111 0.015625
0 0.419444 0.511458 0.027778 0.015625
0 0.430556 0.506771 0.018519 0.013542
0 0.463889 0.288021 0.024074 0.014583
0 0.452778 0.499479 0.024074 0.014583
0 0.448148 0.314063 0.024074 0.013542
0 0.995370 0.690104 0.005556 0.017708
0 0.493519 0.500521 0.024074 0.014583
0 0.467593 0.318229 0.020370 0.012500
0 0.489815 0.490104 0.022222 0.010417
0 0.472222 0.328646 0.020370 0.012500
0 0.991667 0.760417 0.014815 0.036458
0 0.518519 0.478646 0.022222 0.012500
0 0.532407 0.315104 0.020370 0.014583
0 0.996296 0.285938 0.003704 0.016667
0 0.597222 0.492708 0.027778 0.015625
0 0.574074 0.314063 0.022222 0.015625
0 0.866667 0.682813 0.033333 0.020833
0 0.647222 0.405208 0.027778 0.017708
0 0.602778 0.420312 0.020370 0.010417
0 1.011111 0.532292 0.009259 0.007292
0 0.954630 0.706250 0.040741 0.020833
0 0.912963 0.731771 0.035185 0.018750
0 0.995370 0.547917 0.020370 0.011458
0 1.009259 0.698958 0.029630 0.017708
0 0.948148 0.731250 0.031481 0.018750
0 0.992593 0.708333 0.014815 0.019792
0 0.992593 0.607292 0.014815 0.027083
0 0.989815 0.366146 0.018519 0.016667
0 0.992593 0.308854 0.012963 0.015625
0 0.999074 0.700000 0.012963 0.017708
0 0.985185 0.384896 0.027778 0.015625
0 0.994444 0.738021 0.011111 0.019792
0 0.995370 0.402083 0.009259 0.016667
0 0.992593 0.668750 0.011111 0.015625
0 0.994444 0.589063 0.011111 0.026042
0 0.989815 0.804688 0.018519 0.030208
0 0.989815 0.253125 0.018519 0.010417
0 0.993519 0.275521 0.011111 0.016667
0 0.970370 0.513021 0.025926 0.013542
0 0.989815 0.748958 0.016667 0.022917
0 0.996296 0.710938 0.005556 0.014583
0 0.994444 0.551562 0.009259 0.021875
0 0.994444 0.710938 0.009259 0.014583
0 0.992593 0.777083 0.012963 0.016667
0 0.995370 0.705729 0.005556 0.010417
0 0.954630 0.484896 0.027778 0.016667
0 0.933333 0.468750 0.024074 0.011458
0 0.040741 0.509375 0.031481 0.015625
0 0.543519 0.314063 0.025926 0.014583
0 0.042593 0.469792 0.025926 0.009375
0 0.907407 0.652604 0.027778 0.015625
0 0.262037 0.316667 0.020370 0.015625
0 0.366667 0.578125 0.020370 0.013542
0 0.500926 0.196875 0.011111 0.006250
0 0.532407 0.316146 0.020370 0.013542
0 0.990741 0.324479 0.016667 0.015625
0 0.197222 0.353125 0.025926 0.016667
0 0.994444 0.611458 0.009259 0.020833
0 0.993519 0.642708 0.012963 0.020833
0 0.992593 0.709375 0.012963 0.019792
0 0.990741 0.606771 0.016667 0.033333
