0 0.649074 0.740625 0.033333 0.020833
0 0.586111 0.237500 0.038889 0.023958
0 0.488889 0.779167 0.027778 0.016667
0 0.884259 0.405208 0.027778 0.018750
0 0.682407 0.736979 0.035185 0.020833
0 0.435185 0.750521 0.031481 0.017708
0 0.866667 0.402083 0.046296 0.023958
0 0.599074 0.502604 0.042593 0.025000
0 0.883333 0.549479 0.035185 0.018750
0 0.239815 0.693229 0.044444 0.025000
0 0.354630 0.532813 0.038889 0.021875
0 0.709259 0.293229 0.037037 0.018750
0 0.548148 0.592187 0.048148 0.028125
0 0.050000 0.650000 0.031481 0.017708
0 0.049074 0.375521 0.029630 0.014583
0 0.207407 0.703646 0.033333 0.023958
0 0.723148 0.516146 0.033333 0.018750
0 0.019444 0.339583 0.031481 0.017708
0 0.882407 0.596875 0.035185 0.019792
0 0.033333 0.359896 0.025926 0.015625
0 0.352778 0.701042 0.031481 0.017708
0 0.205556 0.705208 0.035185 0.021875
0 0.135185 0.273958 0.029630 0.015625
0 0.774074 0.296354 0.020370 0.014583
0 0.708333 0.536979 0.035185 0.019792
0 0.686111 0.303646 0.022222 0.013542
0 0.105556 0.487500 0.024074 0.014583
0 0.448148 0.272917 0.029630 0.018750
0 0.739815 0.561458 0.046296 0.025000
0 0.401852 0.789062 0.029630 0.018750
0 0.452778 0.681771 0.033333 0.019792
0 0.761111 0.522396 0.037037 0.020833
0 0.390741 0.397396 0.042593 0.021875
0 0.725000 0.709375 0.042593 0.025000
0 0.362037 0.728125 0.031481 0.018750
0 0.909259 0.532813 0.033333 0.020833
0 0.880556 0.594792 0.038889 0.016667
0 0.329630 0.667188 0.037037 0.019792
0 0.700926 0.284375 0.040741 0.026042
0 0.838889 0.598437 0.035185 0.018750
0 0.884259 0.361458 0.025926 0.014583
0 0.167593 0.303646 0.031481 0.016667
0 0.358333 0.373958 0.040741 0.025000
0 0.267593 0.792708 0.044444 0.026042
0 0.108333 0.687500 0.029630 0.014583
0 0.762037 0.507292 0.022222 0.010417
0 0.310185 0.447396 0.040741 0.019792
0 0.562963 0.564063 0.038889 0.022917
0 0.849074 0.557813 0.037037 0.019792
0 0.861111 0.374479 0.027778 0.013542
0 0.062037 0.459375 0.025926 0.014583
0 0.660185 0.569271 0.027778 0.017708
0 0.686111 0.546875 0.029630 0.016667
0 0.504630 0.649479 0.027778 0.015625
0 0.748148 0.309375 0.024074 0.016667
0 0.138889 0.285938 0.022222 0.011458
0 0.474074 0.465104 0.037037 0.021875
0 0.362963 0.557813 0.016667 0.010417
0 0.305556 0.380729 0.022222 0.009375
0 0.512037 0.233854 0.024074 0.013542
0 0.860185 0.579688 0.027778 0.015625
0 0.756481 0.655729 0.025926 0.014583
0 0.870370 0.592187 0.029630 0.016667
0 0.287963 0.658333 0.027778 0.016667
0 0.710185 0.721875 0.027778 0.015625
0 0.359259 0.689063 0.024074 0.012500
0 0.175926 0.661458 0.037037 0.017708
0 0.284259 0.379688 0.025926 0.012500
0 0.902778 0.561979 0.029630 0.017708
0 0.459259 0.785937 0.029630 0.016667
0 0.830556 0.541146 0.037037 0.020833
0 0.764815 0.304167 0.029630 0.018750
0 0.703704 0.592708 0.029630 0.015625
0 0.132407 0.691667 0.029630 0.016667
0 0.694444 0.568750 0.031481 0.017708
0 0.330556 0.678646 0.033333 0.015625
0 0.432407 0.677604 0.035185 0.019792
0 0.708333 0.270833 0.031481 0.016667
0 0.837963 0.454167 0.048148 0.023958
0 0.596296 0.740625 0.042593 0.021875
0 0.903704 0.583333 0.031481 0.018750
