0 0.767593 0.700000 0.029630 0.014583
0 0.006481 0.571875 0.012963 0.014583
0 0.123148 0.289583 0.024074 0.012500
0 0.879630 0.619792 0.031481 0.018750
0 0.838889 0.536979 0.025926 0.012500
0 0.020370 0.503125 0.029630 0.016667
0 0.674074 0.519271 0.022222 0.011458
0 0.073148 0.476042 0.022222 0.011458
0 0.017593 0.572396 0.024074 0.013542
0 0.903704 0.690625 0.024074 0.014583
0 0.037037 0.506250 0.024074 0.013542
0 0.052778 0.497917 0.024074 0.014583
0 0.068519 0.270833 0.025926 0.014583
0 0.084259 0.490625 0.025926 0.015625
0 0.085185 0.298958 0.024074 0.016667
0 0.798148 0.640104 0.038889 0.020833
0 0.123148 0.490625 0.025926 0.014583
0 0.108333 0.303125 0.024074 0.013542
0 0.135185 0.480208 0.025926 0.011458
0 0.117593 0.313542 0.022222 0.013542
0 0.911111 0.793229 0.046296 0.023958
0 0.152778 0.466667 0.025926 0.013542
0 0.156481 0.298958 0.027778 0.015625
0 0.637037 0.278646 0.027778 0.014583
0 0.194444 0.480208 0.029630 0.015625
0 0.190741 0.296875 0.025926 0.014583
0 0.435185 0.666146 0.031481 0.018750
0 0.222222 0.389583 0.035185 0.018750
0 0.252778 0.406771 0.022222 0.010417
0 0.207407 0.422396 0.018519 0.011458
0 0.655556 0.516146 0.022222 0.012500
0 0.230556 0.382292 0.018519 0.011458
0 0.485185 0.685937 0.035185 0.020833
0 0.901852 0.294792 0.024074 0.012500
0 0.471296 0.711979 0.029630 0.017708
0 0.992593 0.684896 0.014815 0.028125
0 0.690741 0.569271 0.025926 0.013542
0 0.539815 0.662500 0.020370 0.010417
0 0.537963 0.678125 0.035185 0.018750
0 0.998148 0.645833 0.014815 0.022917
0 0.507407 0.710938 0.029630 0.017708
0 0.535185 0.685937 0.022222 0.011458
0 1.035185 0.629167 0.107407 0.060417
0 0.566667 0.345833 0.031481 0.016667
0 0.950926 0.705208 0.040741 0.022917
0 0.564815 0.365625 0.025926 0.015625
0 0.913889 0.661979 0.046296 0.022917
0 0.991667 0.670833 0.014815 0.023958
0 0.995370 0.656250 0.005556 0.010417
0 0.715741 0.694792 0.033333 0.017708
0 0.997222 0.804167 0.029630 0.016667
0 0.993519 0.544792 0.012963 0.025000
0 1.000000 0.677604 0.033333 0.014583
0 0.999074 0.668229 0.022222 0.015625
0 0.994444 0.653125 0.031481 0.014583
0 0.562963 0.465625 0.027778 0.016667
0 0.587963 0.381250 0.029630 0.015625
0 0.616667 0.655208 0.029630 0.016667
0 0.994444 0.630208 0.009259 0.025000
0 0.992593 0.542708 0.011111 0.019792
0 0.980556 0.693750 0.037037 0.023958
0 0.993519 0.534896 0.011111 0.021875
0 0.989815 0.754687 0.018519 0.018750
0 0.995370 0.664062 0.009259 0.012500
0 0.990741 0.767708 0.014815 0.008333
0 0.937037 0.235417 0.018519 0.012500
0 0.613889 0.288021 0.027778 0.015625
0 0.991667 0.735417 0.014815 0.014583
0 0.926852 0.271354 0.033333 0.018750
0 0.589815 0.493229 0.024074 0.013542
0 0.997222 0.527604 0.022222 0.017708
0 0.950000 0.705208 0.044444 0.022917
0 0.992593 0.709375 0.012963 0.018750
0 0.994444 0.443750 0.009259 0.021875
0 0.684259 0.690625 0.027778 0.016667
0 0.884259 0.781771 0.031481 0.018750
0 0.994444 0.373437 0.009259 0.022917
0 0.994444 0.261979 0.009259 0.014583
0 0.989815 0.658333 0.011111 0.019792
0 0.994444 0.721875 0.011111 0.018750
0 0.993519 0.534375 0.012963 0.023958
0 0.993519 0.414583 0.012963 0.022917
0 0.994444 0.638542 0.007407 0.019792
0 0.993519 0.776563 0.011111 0.017708
0 0.992593 0.750521 0.012963 0.025000
