0 0.021296 0.252083 0.025926 0.014583
0 0.015741 0.468229 0.022222 0.015625
0 0.046296 0.281250 0.024074 0.013542
0 0.677778 0.636458 0.031481 0.018750
0 0.052778 0.469271 0.025926 0.014583
0 0.068519 0.284896 0.022222 0.013542
0 0.063889 0.460417 0.024074 0.012500
0 0.081481 0.295833 0.022222 0.014583
0 0.763889 0.790625 0.037037 0.023958
0 0.086111 0.446875 0.024074 0.012500
0 0.103704 0.281771 0.025926 0.014583
0 0.569444 0.274479 0.025926 0.015625
0 0.112037 0.461979 0.033333 0.015625
0 0.137963 0.281771 0.025926 0.015625
0 0.312963 0.652083 0.027778 0.016667
0 0.142593 0.372917 0.031481 0.018750
0 0.200926 0.390625 0.018519 0.009375
0 0.146296 0.403646 0.025926 0.015625
0 0.579630 0.510938 0.024074 0.012500
0 0.160185 0.367708 0.024074 0.012500
0 0.350926 0.672396 0.037037 0.020833
0 0.874074 0.308333 0.022222 0.012500
0 0.343519 0.697396 0.031481 0.018750
0 0.992593 0.680729 0.011111 0.022917
0 0.589815 0.564583 0.024074 0.014583
0 1.009259 0.666146 0.031481 0.017708
0 0.651852 0.696354 0.025926 0.014583
0 0.484259 0.339583 0.031481 0.017708
0 0.549074 0.283854 0.027778 0.015625
0 0.761111 0.660417 0.042593 0.022917
0 0.992593 0.604167 0.014815 0.020833
0 0.995370 0.604167 0.009259 0.025000
0 1.003704 0.511458 0.090741 0.043750
0 0.887963 0.729167 0.031481 0.018750
0 0.992593 0.606250 0.012963 0.025000
0 0.993519 0.400521 0.011111 0.021875
0 0.996296 0.442708 0.005556 0.015625
0 0.985185 0.676562 0.027778 0.020833
0 0.916667 0.788542 0.031481 0.018750
0 0.992593 0.600521 0.012963 0.022917
0 0.992593 0.745833 0.012963 0.023958
0 0.996296 0.396354 0.005556 0.013542
0 0.989815 0.677083 0.035185 0.020833
0 0.902778 0.679167 0.033333 0.016667
0 1.012037 0.472396 0.044444 0.032292
0 0.594444 0.689063 0.027778 0.016667
0 1.009259 0.313542 0.040741 0.025000
0 0.994444 0.501563 0.011111 0.016667
0 0.967593 0.788542 0.018519 0.011458
0 0.994444 0.548438 0.009259 0.020833
0 0.612963 0.683333 0.022222 0.013542
0 0.991667 0.695833 0.035185 0.015625
0 0.879630 0.659896 0.022222 0.015625
0 0.992593 0.583333 0.012963 0.015625
0 0.995370 0.647396 0.031481 0.014583
0 0.481481 0.457813 0.027778 0.015625
0 0.989815 0.538542 0.016667 0.027083
0 0.484259 0.359896 0.027778 0.016667
0 0.993519 0.259375 0.009259 0.016667
0 0.912963 0.668750 0.035185 0.019792
0 0.985185 0.628125 0.027778 0.021875
0 0.404630 0.650521 0.022222 0.012500
0 0.401852 0.665625 0.035185 0.019792
0 1.007407 0.497396 0.029630 0.018750
0 0.986111 0.676562 0.031481 0.019792
0 0.379630 0.696875 0.027778 0.017708
0 0.401852 0.674479 0.024074 0.013542
0 0.892593 0.565104 0.018519 0.010417
0 0.791667 0.704688 0.038889 0.021875
0 0.503704 0.375521 0.027778 0.015625
0 0.503704 0.645833 0.029630 0.017708
0 0.994444 0.602604 0.009259 0.023958
0 0.920370 0.535417 0.040741 0.021875
0 0.826852 0.693750 0.048148 0.025000
0 0.992593 0.541667 0.011111 0.017708
0 0.993519 0.528125 0.012963 0.022917
0 0.987037 0.448437 0.022222 0.025000
0 0.954630 0.751563 0.031481 0.017708
0 0.994444 0.698958 0.009259 0.014583
0 0.992593 0.780729 0.025926 0.014583
0 0.994444 0.223438 0.009259 0.018750
0 0.995370 0.492188 0.007407 0.021875
0 0.991667 0.730729 0.016667 0.015625
0 0.902778 0.272396 0.029630 0.018750
0 0.508333 0.485938 0.024074 0.013542
0 0.997222 0.543229 0.024074 0.018750
0 0.791667 0.704688 0.038889 0.022917
0 0.892593 0.702083 0.029630 0.017708
0 0.989815 0.503125 0.020370 0.011458
0 0.892593 0.450000 0.037037 0.019792
0 0.565741 0.683333 0.025926 0.016667
0 0.744444 0.779167 0.031481 0.019792
0 0.994444 0.378646 0.009259 0.021875
