0 0.177778 0.240625 0.029630 0.018750
0 0.307407 0.551042 0.022222 0.014583
0 0.740741 0.336979 0.031481 0.018750
0 0.109259 0.446875 0.025926 0.010417
0 0.342593 0.150521 0.022222 0.014583
0 0.900926 0.502604 0.024074 0.013542
0 0.088889 0.414062 0.037037 0.020833
0 0.100926 0.539583 0.029630 0.014583
0 0.123148 0.536458 0.035185 0.017708
0 0.455556 0.514062 0.016667 0.010417
0 0.151852 0.532813 0.027778 0.017708
0 0.550926 0.479167 0.022222 0.014583
0 0.471296 0.279167 0.027778 0.018750
0 0.169444 0.244792 0.027778 0.018750
0 0.172222 0.242188 0.035185 0.018750
0 0.184259 0.532292 0.035185 0.019792
0 1.001852 0.709375 0.027778 0.012500
0 0.228704 0.210417 0.035185 0.020833
0 0.980556 0.422917 0.020370 0.013542
0 0.205556 0.260937 0.031481 0.018750
0 0.337963 0.132812 0.024074 0.014583
0 0.262037 0.427083 0.035185 0.020833
0 0.264815 0.441146 0.035185 0.017708
0 0.218519 0.532813 0.031481 0.018750
0 0.306481 0.700521 0.029630 0.018750
0 0.286111 0.314583 0.029630 0.015625
0 0.260185 0.316146 0.027778 0.017708
0 0.462963 0.226562 0.031481 0.017708
0 0.456481 0.268229 0.029630 0.016667
0 0.287963 0.440625 0.025926 0.017708
0 0.233333 0.510938 0.014815 0.009375
0 0.277778 0.704688 0.029630 0.019792
0 0.331481 0.145833 0.024074 0.015625
0 0.659259 0.364063 0.037037 0.020833
0 0.299074 0.603646 0.029630 0.017708
0 0.326852 0.710938 0.035185 0.020833
0 0.331481 0.145833 0.022222 0.014583
0 0.238889 0.521354 0.022222 0.012500
0 0.263889 0.483854 0.031481 0.016667
0 0.385185 0.417187 0.048148 0.028125
0 0.335185 0.682813 0.035185 0.021875
0 0.260185 0.518750 0.027778 0.015625
0 0.396296 0.445833 0.048148 0.026042
0 0.425926 0.429688 0.046296 0.028125
0 0.384259 0.580729 0.014815 0.018750
0 0.464815 0.689063 0.033333 0.018750
0 0.460185 0.447917 0.048148 0.025000
0 0.464815 0.668229 0.033333 0.021875
0 0.397222 0.550000 0.031481 0.014583
0 0.485185 0.704688 0.033333 0.021875
0 0.427778 0.716667 0.025926 0.015625
0 0.450000 0.281771 0.025926 0.013542
0 0.440741 0.725521 0.035185 0.020833
0 0.635185 0.584375 0.016667 0.010417
0 0.905556 0.298438 0.022222 0.014583
0 0.549074 0.685937 0.024074 0.011458
0 0.615741 0.497396 0.029630 0.017708
0 0.995370 0.301042 0.005556 0.016667
0 0.609259 0.475000 0.027778 0.018750
0 0.895370 0.295312 0.042593 0.027083
0 0.841667 0.568750 0.018519 0.012500
0 0.984259 0.178125 0.011111 0.006250
0 0.993519 0.301042 0.016667 0.014583
0 0.797222 0.702604 0.018519 0.009375
0 0.900926 0.298958 0.029630 0.011458
0 0.904630 0.296354 0.024074 0.013542
0 0.997222 0.697917 0.007407 0.014583
0 0.899074 0.283333 0.022222 0.012500
0 1.000926 0.383854 0.014815 0.009375
0 0.841667 0.578125 0.014815 0.006250
0 0.890741 0.506771 0.025926 0.014583
0 0.929630 0.299479 0.020370 0.011458
0 0.886111 0.569271 0.025926 0.014583
0 0.922222 0.293229 0.022222 0.015625
0 0.933333 0.500000 0.029630 0.015625
0 0.942593 0.472917 0.016667 0.008333
0 0.886111 0.568750 0.025926 0.013542
0 0.932407 0.500000 0.027778 0.015625
0 0.944444 0.272917 0.024074 0.014583
0 0.936111 0.489583 0.016667 0.011458
0 0.902778 0.296354 0.029630 0.013542
0 0.966667 0.489583 0.025926 0.014583
0 0.914815 0.306250 0.022222 0.013542
0 0.956481 0.477604 0.024074 0.014583
0 0.900000 0.313542 0.024074 0.014583
0 0.989815 0.465625 0.018519 0.013542
0 0.996296 0.300521 0.025926 0.014583
0 0.995370 0.453646 0.005556 0.013542
0 0.991667 0.301042 0.014815 0.014583
0 0.996296 0.400521 0.005556 0.016667
