0 0.086111 0.450000 0.025926 0.010417
0 0.325000 0.159375 0.022222 0.014583
0 0.875000 0.513542 0.025926 0.013542
0 0.065741 0.417187 0.037037 0.020833
0 0.076852 0.542188 0.029630 0.014583
0 0.099074 0.538542 0.035185 0.017708
0 0.445370 0.520312 0.016667 0.011458
0 0.132407 0.536979 0.029630 0.016667
0 0.525000 0.486458 0.020370 0.014583
0 0.458333 0.288021 0.033333 0.019792
0 0.163889 0.248438 0.033333 0.019792
0 0.162037 0.247917 0.033333 0.021875
0 0.163889 0.536458 0.037037 0.019792
0 0.959259 0.719792 0.027778 0.013542
0 0.212037 0.216667 0.035185 0.020833
0 0.960185 0.434375 0.020370 0.013542
0 0.194444 0.266667 0.031481 0.017708
0 0.319444 0.142187 0.024074 0.014583
0 0.234259 0.431771 0.033333 0.019792
0 0.237037 0.446875 0.035185 0.018750
0 0.197222 0.536979 0.031481 0.018750
0 0.274074 0.704167 0.029630 0.017708
0 0.274074 0.321354 0.033333 0.015625
0 0.248148 0.322396 0.027778 0.017708
0 0.447222 0.235417 0.031481 0.016667
0 0.437037 0.276562 0.027778 0.015625
0 0.261111 0.445833 0.027778 0.017708
0 0.212963 0.515625 0.014815 0.008333
0 0.247222 0.709375 0.029630 0.019792
0 0.312963 0.154167 0.024074 0.014583
0 0.636111 0.370833 0.033333 0.017708
0 0.270370 0.607812 0.031481 0.017708
0 0.292593 0.715625 0.035185 0.020833
0 0.312963 0.154688 0.024074 0.015625
0 0.225000 0.525000 0.022222 0.013542
0 0.247222 0.489063 0.029630 0.016667
0 0.354630 0.423438 0.048148 0.028125
0 0.301852 0.685937 0.033333 0.022917
0 0.246296 0.523438 0.025926 0.014583
0 0.364815 0.452083 0.046296 0.027083
0 0.392593 0.436458 0.046296 0.027083
0 0.356481 0.586458 0.014815 0.019792
0 0.426852 0.694792 0.031481 0.018750
0 0.427778 0.455208 0.046296 0.027083
0 0.427778 0.673958 0.031481 0.020833
0 0.371296 0.555208 0.031481 0.014583
0 0.448148 0.710417 0.033333 0.022917
0 0.464815 0.634896 0.029630 0.015625
0 0.398148 0.722396 0.027778 0.017708
0 0.857407 0.341667 0.025926 0.015625
0 0.429630 0.289583 0.027778 0.014583
0 0.412963 0.731250 0.037037 0.020833
0 0.599074 0.592187 0.018519 0.010417
0 0.864815 0.310417 0.022222 0.014583
0 0.512963 0.692708 0.025926 0.012500
0 0.588889 0.505208 0.029630 0.017708
0 0.996296 0.310417 0.005556 0.016667
0 0.582407 0.482812 0.027778 0.017708
0 0.851852 0.306771 0.038889 0.025000
0 0.803704 0.577604 0.020370 0.012500
0 0.968519 0.191667 0.012963 0.007292
0 0.980556 0.312500 0.024074 0.014583
0 0.750000 0.710417 0.018519 0.010417
0 0.859259 0.310937 0.029630 0.012500
0 0.875926 0.308333 0.029630 0.016667
0 0.970370 0.709896 0.029630 0.015625
0 0.874074 0.295312 0.022222 0.012500
0 0.999074 0.392188 0.014815 0.009375
0 0.805556 0.577604 0.014815 0.006250
0 0.862037 0.515104 0.024074 0.014583
0 0.912963 0.313021 0.024074 0.013542
0 0.862037 0.579688 0.025926 0.014583
0 0.905556 0.305208 0.025926 0.013542
0 0.908333 0.510938 0.027778 0.015625
0 0.916667 0.484375 0.016667 0.009375
0 0.861111 0.579688 0.025926 0.013542
0 0.907407 0.510938 0.027778 0.015625
0 0.926852 0.284375 0.024074 0.014583
0 0.912963 0.500521 0.018519 0.012500
0 0.875926 0.307812 0.033333 0.016667
0 0.945370 0.501042 0.025926 0.014583
0 0.885185 0.315104 0.022222 0.012500
0 0.935185 0.488542 0.024074 0.014583
0 0.876852 0.326042 0.024074 0.014583
0 0.976852 0.478125 0.018519 0.009375
0 0.979630 0.312500 0.024074 0.014583
0 0.995370 0.463021 0.007407 0.014583
0 1.000926 0.310417 0.016667 0.015625
0 0.996296 0.404167 0.005556 0.017708
