0 0.823148 0.280208 0.024074 0.014583
0 0.997222 0.473958 0.003704 0.008333
0 0.993519 0.681250 0.011111 0.014583
0 0.995370 0.662500 0.005556 0.011458
0 0.994444 0.639583 0.007407 0.014583
0 0.997222 0.671354 0.003704 0.015625
0 0.996296 0.393750 0.005556 0.017708
0 0.988889 0.663021 0.024074 0.027083
0 0.926852 0.306250 0.025926 0.015625
0 0.991667 0.484896 0.014815 0.015625
0 0.877778 0.307812 0.025926 0.014583
0 0.868519 0.472396 0.020370 0.011458
0 0.781481 0.320833 0.024074 0.014583
0 0.835185 0.482292 0.022222 0.013542
0 0.784259 0.311458 0.022222 0.014583
0 0.845370 0.493750 0.024074 0.014583
0 0.996296 0.663021 0.007407 0.019792
0 0.773148 0.306250 0.022222 0.012500
0 0.808333 0.493229 0.018519 0.012500
0 0.803704 0.504167 0.027778 0.015625
0 0.759259 0.571354 0.024074 0.013542
0 0.813889 0.479167 0.018519 0.010417
0 0.804630 0.504687 0.027778 0.015625
0 0.807407 0.300000 0.024074 0.013542
0 0.760185 0.571875 0.024074 0.013542
0 0.815741 0.307292 0.024074 0.014583
0 0.770370 0.507812 0.033333 0.014583
0 0.860185 0.487500 0.024074 0.014583
0 0.686111 0.566146 0.014815 0.007292
0 0.358333 0.284375 0.035185 0.021875
0 0.422222 0.482292 0.020370 0.013542
0 0.037963 0.534375 0.027778 0.015625
0 0.148148 0.704688 0.029630 0.017708
0 0.942593 0.390104 0.016667 0.009375
0 0.762963 0.293750 0.024074 0.012500
0 0.845370 0.698958 0.027778 0.015625
0 0.762037 0.307812 0.031481 0.019792
0 0.724074 0.310417 0.031481 0.012500
0 0.618519 0.702083 0.020370 0.011458
0 0.877778 0.308333 0.024074 0.014583
0 0.366667 0.514062 0.020370 0.012500
0 0.007407 0.536979 0.014815 0.016667
0 0.864815 0.187500 0.011111 0.007292
0 0.684259 0.571354 0.018519 0.012500
0 0.716667 0.307812 0.035185 0.022917
0 0.997222 0.626563 0.024074 0.017708
0 0.478704 0.479167 0.027778 0.016667
0 0.901852 0.306771 0.025926 0.015625
0 0.481481 0.502083 0.029630 0.017708
0 0.997222 0.460938 0.014815 0.010417
0 0.402778 0.686979 0.027778 0.013542
0 0.733333 0.309896 0.020370 0.014583
0 0.481481 0.587500 0.018519 0.010417
0 0.319444 0.724479 0.033333 0.019792
0 0.325926 0.287500 0.033333 0.016667
0 0.716667 0.341667 0.025926 0.015625
0 0.354630 0.630208 0.031481 0.015625
0 0.337037 0.704688 0.033333 0.021875
0 0.193519 0.154688 0.024074 0.015625
0 0.543519 0.371354 0.025926 0.018750
0 0.167593 0.604688 0.031481 0.017708
0 0.187963 0.710938 0.035185 0.019792
0 0.209259 0.158854 0.022222 0.013542
0 0.139815 0.521354 0.022222 0.013542
0 0.154630 0.485938 0.031481 0.016667
0 0.234259 0.422917 0.048148 0.027083
0 0.199074 0.681771 0.035185 0.021875
0 0.162037 0.519271 0.024074 0.014583
0 0.246296 0.450521 0.046296 0.026042
0 0.272222 0.434896 0.046296 0.026042
0 0.257407 0.581771 0.014815 0.018750
0 0.314815 0.689583 0.031481 0.018750
0 0.309259 0.453125 0.046296 0.025000
0 0.315741 0.669271 0.033333 0.020833
0 0.269444 0.551562 0.029630 0.013542
0 0.300000 0.715625 0.025926 0.015625
0 0.119444 0.514062 0.016667 0.009375
0 0.151852 0.443750 0.027778 0.016667
0 0.333333 0.273958 0.029630 0.016667
0 0.342593 0.233333 0.029630 0.016667
0 0.155556 0.319792 0.027778 0.018750
0 0.179630 0.318229 0.031481 0.014583
0 0.169444 0.700521 0.027778 0.017708
0 0.101852 0.534375 0.033333 0.018750
0 0.126852 0.445312 0.037037 0.018750
0 0.122222 0.430729 0.035185 0.020833
0 0.202778 0.141667 0.024074 0.014583
0 0.100926 0.264583 0.031481 0.018750
0 0.866667 0.427604 0.024074 0.014583
0 0.104630 0.216146 0.037037 0.020833
0 0.827778 0.709375 0.029630 0.013542
0 0.067593 0.533854 0.035185 0.018750
0 0.069444 0.246354 0.029630 0.021875
0 0.075000 0.242708 0.018519 0.016667
