0 0.977778 0.651563 0.031481 0.017708
0 0.558333 0.497917 0.022222 0.011458
0 0.451852 0.518750 0.027778 0.013542
0 0.996296 0.441667 0.005556 0.015625
0 0.534259 0.318229 0.022222 0.013542
0 0.435185 0.583333 0.025926 0.014583
0 0.524074 0.310937 0.024074 0.015625
0 0.995370 0.736458 0.007407 0.023958
0 0.469444 0.515104 0.027778 0.015625
0 0.994444 0.524479 0.009259 0.010417
0 0.497222 0.489583 0.024074 0.013542
0 0.433333 0.582812 0.025926 0.013542
0 0.993519 0.697396 0.011111 0.015625
0 0.470370 0.515625 0.025926 0.016667
0 0.481481 0.511979 0.018519 0.012500
0 0.503704 0.291146 0.025926 0.015625
0 0.498148 0.504167 0.024074 0.014583
0 0.480556 0.318229 0.025926 0.013542
0 0.995370 0.697396 0.005556 0.018750
0 0.538889 0.504167 0.024074 0.013542
0 0.501852 0.321875 0.022222 0.012500
0 0.535185 0.493750 0.024074 0.011458
0 0.502778 0.332292 0.020370 0.011458
0 0.991667 0.765625 0.016667 0.039583
0 0.563889 0.481771 0.022222 0.011458
0 0.571296 0.318750 0.022222 0.014583
0 0.997222 0.273438 0.005556 0.016667
0 0.652778 0.494271 0.027778 0.015625
0 0.614815 0.316667 0.024074 0.014583
0 0.941667 0.683854 0.035185 0.020833
0 0.703704 0.405729 0.029630 0.018750
0 0.650926 0.431771 0.020370 0.010417
0 0.997222 0.516146 0.003704 0.018750
0 0.989815 0.704688 0.014815 0.017708
0 0.986111 0.731771 0.025926 0.019792
0 0.996296 0.530729 0.020370 0.011458
0 0.987037 0.667708 0.022222 0.013542
0 0.995370 0.734896 0.005556 0.018750
0 0.991667 0.730729 0.014815 0.020833
0 0.029630 0.603125 0.020370 0.009375
0 0.349074 0.321354 0.027778 0.018750
0 0.033333 0.704688 0.038889 0.019792
0 0.983333 0.467187 0.029630 0.013542
0 0.094444 0.516146 0.031481 0.017708
0 0.585185 0.316667 0.024074 0.014583
0 0.104630 0.493750 0.029630 0.014583
0 0.313889 0.319271 0.022222 0.016667
0 0.401852 0.583854 0.024074 0.015625
0 0.551852 0.198958 0.011111 0.008333
0 0.570370 0.318750 0.022222 0.013542
0 0.991667 0.320833 0.014815 0.013542
0 0.271296 0.356771 0.031481 0.016667
0 0.263889 0.716667 0.027778 0.015625
0 0.291667 0.556250 0.027778 0.016667
0 0.995370 0.552083 0.005556 0.012500
0 0.999074 0.705729 0.018519 0.016667
0 0.327778 0.323958 0.029630 0.017708
0 0.366667 0.319271 0.031481 0.019792
0 0.416667 0.713542 0.029630 0.017708
0 0.375000 0.305729 0.029630 0.016667
0 0.618519 0.402604 0.024074 0.013542
0 0.383333 0.575521 0.022222 0.015625
0 0.992593 0.321354 0.012963 0.014583
0 0.994444 0.366667 0.009259 0.015625
0 0.994444 0.406771 0.007407 0.015625
0 0.996296 0.730729 0.005556 0.014583
0 0.994444 0.724479 0.009259 0.014583
0 0.993519 0.770312 0.012963 0.016667
0 0.993519 0.750521 0.009259 0.019792
0 0.978704 0.392188 0.009259 0.013542
0 0.999074 0.435937 0.000000 0.000000
0 0.991667 0.597917 0.014815 0.028125
0 0.995370 0.591146 0.009259 0.019792
0 0.987037 0.732292 0.025926 0.019792
0 0.997222 0.483333 0.003704 0.012500
0 0.992593 0.680208 0.012963 0.016667
0 0.994444 0.596875 0.011111 0.027083
0 0.989815 0.254167 0.018519 0.010417
0 0.993519 0.275521 0.011111 0.015625
0 0.995370 0.508333 0.005556 0.019792
0 0.990741 0.761979 0.016667 0.022917
0 0.993519 0.676562 0.012963 0.016667
