0 0.792593 0.310937 0.020370 0.014583
0 0.845370 0.481771 0.022222 0.013542
0 0.997222 0.669271 0.003704 0.015625
0 0.790741 0.320312 0.022222 0.014583
0 0.995370 0.662500 0.005556 0.011458
0 0.993519 0.681250 0.011111 0.013542
0 0.997222 0.474479 0.003704 0.008333
0 0.878704 0.471875 0.020370 0.011458
0 0.887963 0.307292 0.024074 0.014583
0 0.998148 0.484375 0.005556 0.013542
0 0.994444 0.638542 0.007407 0.013542
0 0.937037 0.305729 0.024074 0.015625
0 0.987963 0.663542 0.022222 0.027083
0 0.996296 0.393750 0.007407 0.017708
0 0.833333 0.279167 0.024074 0.014583
0 0.819444 0.492708 0.020370 0.012500
0 0.784259 0.305208 0.022222 0.012500
0 0.996296 0.662500 0.007407 0.019792
0 0.855556 0.493750 0.025926 0.014583
0 0.284259 0.433333 0.046296 0.028125
0 0.267593 0.580729 0.014815 0.018750
0 0.325926 0.688542 0.033333 0.018750
0 0.321296 0.451562 0.046296 0.026042
0 0.326852 0.667708 0.033333 0.020833
0 0.279630 0.549479 0.029630 0.013542
0 0.348148 0.703646 0.033333 0.021875
0 0.364815 0.628646 0.029630 0.015625
0 0.309259 0.714583 0.025926 0.015625
0 0.729630 0.340625 0.025926 0.015625
0 0.337037 0.285417 0.033333 0.015625
0 0.328704 0.723437 0.035185 0.019792
0 0.492593 0.586458 0.018519 0.010417
0 0.745370 0.308333 0.022222 0.014583
0 0.413889 0.685417 0.027778 0.013542
0 0.996296 0.461458 0.014815 0.010417
0 0.492593 0.500521 0.031481 0.017708
0 0.912037 0.305729 0.025926 0.014583
0 0.488889 0.477604 0.027778 0.015625
0 0.997222 0.625521 0.024074 0.017708
0 0.729630 0.305729 0.037037 0.022917
0 0.695370 0.570833 0.020370 0.013542
0 0.875000 0.186458 0.011111 0.007292
0 0.888889 0.307812 0.024074 0.014583
0 0.631481 0.701042 0.020370 0.010417
0 0.737037 0.309375 0.031481 0.013542
0 0.774074 0.306250 0.031481 0.019792
0 0.856481 0.698958 0.029630 0.016667
0 0.774074 0.292187 0.024074 0.012500
0 0.953704 0.389583 0.016667 0.009375
0 0.697222 0.565104 0.014815 0.007292
0 0.869444 0.486458 0.024074 0.013542
0 0.782407 0.506771 0.029630 0.013542
0 0.825000 0.306250 0.024074 0.014583
0 0.769444 0.571354 0.024074 0.014583
0 0.816667 0.298958 0.024074 0.013542
0 0.815741 0.503646 0.027778 0.015625
0 0.258333 0.448958 0.048148 0.026042
0 0.769444 0.570312 0.024074 0.013542
0 0.813889 0.503646 0.027778 0.015625
0 0.823148 0.478125 0.018519 0.009375
0 0.343519 0.271875 0.027778 0.016667
0 0.076852 0.531771 0.037037 0.019792
0 0.839815 0.708854 0.029630 0.013542
0 0.114815 0.213542 0.035185 0.021875
0 0.875926 0.427083 0.024074 0.015625
0 0.110185 0.262500 0.031481 0.018750
0 0.214815 0.139063 0.024074 0.013542
0 0.132407 0.428646 0.035185 0.019792
0 0.137963 0.443229 0.035185 0.018750
0 0.112037 0.532292 0.033333 0.017708
0 0.179630 0.698958 0.027778 0.016667
0 0.188889 0.316146 0.029630 0.015625
0 0.164815 0.317188 0.027778 0.018750
0 0.352778 0.230729 0.029630 0.016667
0 0.012037 0.534896 0.024074 0.017708
0 0.373148 0.513542 0.018519 0.012500
0 0.047222 0.532813 0.027778 0.016667
0 0.431481 0.481771 0.020370 0.012500
0 0.366667 0.282292 0.031481 0.019792
0 0.083333 0.240625 0.020370 0.017708
0 0.078704 0.243750 0.029630 0.021875
0 0.162037 0.442188 0.029630 0.017708
0 0.128704 0.511979 0.016667 0.009375
0 0.157407 0.703125 0.027778 0.017708
0 0.206481 0.151562 0.025926 0.014583
0 0.538889 0.367188 0.035185 0.017708
0 0.177778 0.603125 0.031481 0.016667
0 0.199074 0.709896 0.035185 0.020833
0 0.221296 0.156250 0.022222 0.013542
0 0.149074 0.519792 0.024074 0.013542
0 0.163889 0.484896 0.031481 0.016667
0 0.246296 0.420833 0.048148 0.028125
0 0.209259 0.680208 0.035185 0.021875
0 0.170370 0.517708 0.024074 0.014583
