0 0.813889 0.582292 0.033333 0.019792
0 0.668519 0.268750 0.040741 0.026042
0 0.306481 0.652083 0.035185 0.019792
0 0.856481 0.580729 0.031481 0.018750
0 0.342593 0.712500 0.031481 0.018750
0 0.879630 0.517188 0.033333 0.019792
0 0.699074 0.692187 0.044444 0.022917
0 0.005556 0.326562 0.011111 0.017708
0 0.692593 0.500521 0.033333 0.017708
0 0.185185 0.688021 0.031481 0.022917
0 0.027778 0.362500 0.029630 0.014583
0 0.035185 0.635417 0.031481 0.017708
0 0.522222 0.576562 0.046296 0.026042
0 0.686111 0.277604 0.031481 0.019792
0 0.329630 0.518750 0.040741 0.021875
0 0.217593 0.678646 0.042593 0.025000
0 0.854630 0.533854 0.033333 0.018750
0 0.567593 0.487500 0.042593 0.025000
0 0.832407 0.385937 0.040741 0.022917
0 0.414815 0.734375 0.029630 0.016667
0 0.656481 0.719792 0.035185 0.020833
0 0.855556 0.389583 0.027778 0.017708
0 0.469444 0.762500 0.024074 0.015625
0 0.553704 0.222396 0.038889 0.023958
0 0.711111 0.546354 0.044444 0.023958
0 0.623148 0.723437 0.033333 0.018750
0 0.425926 0.257812 0.029630 0.018750
0 0.088889 0.474479 0.025926 0.013542
0 0.654630 0.288021 0.022222 0.013542
0 0.686111 0.522396 0.035185 0.018750
0 0.750926 0.280729 0.020370 0.014583
0 0.111111 0.259375 0.027778 0.013542
0 0.185185 0.689583 0.037037 0.019792
0 0.331481 0.685417 0.029630 0.016667
0 0.282407 0.433854 0.038889 0.020833
0 0.732407 0.492708 0.022222 0.011458
0 0.092593 0.672917 0.025926 0.014583
0 0.250926 0.775521 0.042593 0.025000
0 0.325926 0.359375 0.040741 0.022917
0 0.141667 0.289583 0.031481 0.016667
0 0.858333 0.345313 0.027778 0.015625
0 0.878704 0.546875 0.031481 0.017708
0 0.358333 0.382812 0.042593 0.020833
0 0.730556 0.507292 0.037037 0.020833
0 0.429630 0.665625 0.035185 0.020833
0 0.382407 0.771875 0.029630 0.017708
0 0.878704 0.567708 0.033333 0.018750
0 0.569444 0.723437 0.042593 0.019792
0 0.804630 0.438021 0.042593 0.023958
0 0.675926 0.255729 0.031481 0.017708
0 0.408333 0.661979 0.033333 0.019792
0 0.308333 0.663542 0.033333 0.015625
0 0.672222 0.554167 0.031481 0.017708
0 0.117593 0.677083 0.029630 0.015625
0 0.677778 0.577604 0.029630 0.015625
0 0.740741 0.288542 0.031481 0.017708
0 0.801852 0.525521 0.037037 0.020833
0 0.440741 0.768750 0.029630 0.015625
0 0.534259 0.548958 0.038889 0.022917
0 0.262037 0.366146 0.025926 0.012500
0 0.152778 0.646875 0.035185 0.018750
0 0.338889 0.673958 0.027778 0.014583
0 0.689815 0.705729 0.027778 0.013542
0 0.265741 0.643229 0.029630 0.016667
0 0.846296 0.576562 0.029630 0.017708
0 0.735185 0.640104 0.024074 0.014583
0 0.836111 0.564583 0.027778 0.015625
0 0.488889 0.218229 0.024074 0.013542
0 0.284259 0.367708 0.024074 0.009375
0 0.341667 0.544271 0.018519 0.011458
0 0.448148 0.450521 0.033333 0.020833
0 0.117593 0.270833 0.024074 0.011458
0 0.725926 0.294271 0.024074 0.016667
0 0.478704 0.633854 0.029630 0.015625
0 0.664815 0.532292 0.029630 0.017708
0 0.637963 0.554688 0.027778 0.017708
0 0.044444 0.447396 0.025926 0.013542
0 0.834259 0.358854 0.027778 0.013542
0 0.820370 0.541667 0.037037 0.019792
