0 0.430556 0.370312 0.025926 0.015625
0 0.990741 0.532292 0.016667 0.026042
0 0.413889 0.453125 0.027778 0.016667
0 0.995370 0.638021 0.029630 0.013542
0 1.002778 0.305208 0.024074 0.016667
0 0.992593 0.539062 0.031481 0.017708
0 0.991667 0.581771 0.012963 0.016667
0 0.797222 0.648958 0.024074 0.015625
0 1.027778 0.703125 0.022222 0.011458
0 0.548148 0.675521 0.022222 0.012500
0 0.994444 0.539062 0.009259 0.021875
0 0.895370 0.773958 0.020370 0.011458
0 0.994444 0.509375 0.011111 0.017708
0 1.006481 0.302604 0.033333 0.020833
0 1.009259 0.569271 0.038889 0.025000
0 0.529630 0.681771 0.027778 0.015625
0 1.008333 0.500000 0.037037 0.028125
0 0.822222 0.667708 0.031481 0.015625
0 0.908333 0.664583 0.038889 0.021875
0 0.996296 0.399479 0.005556 0.014583
0 0.993519 0.732812 0.012963 0.023958
0 0.992593 0.598437 0.012963 0.021875
0 0.844444 0.775521 0.031481 0.017708
0 0.942593 0.668750 0.040741 0.021875
0 0.996296 0.445312 0.005556 0.016667
0 0.945370 0.392188 0.044444 0.022917
0 0.993519 0.635417 0.012963 0.025000
0 0.813889 0.716667 0.031481 0.018750
0 1.008333 0.498437 0.081481 0.039583
0 0.985185 0.612500 0.027778 0.021875
0 0.830556 0.657292 0.035185 0.019792
0 0.993519 0.268750 0.011111 0.018750
0 0.995370 0.605208 0.007407 0.022917
0 0.919444 0.369792 0.042593 0.022917
0 0.677778 0.769271 0.027778 0.018750
0 0.500926 0.676562 0.024074 0.016667
0 0.804630 0.442188 0.037037 0.020833
0 0.815741 0.690625 0.029630 0.017708
0 0.712037 0.694271 0.037037 0.021875
0 0.996296 0.531771 0.024074 0.018750
0 0.443519 0.481250 0.024074 0.013542
0 0.805556 0.266667 0.029630 0.019792
0 0.991667 0.719271 0.016667 0.015625
0 0.995370 0.506250 0.007407 0.021875
0 0.994444 0.226042 0.009259 0.019792
0 0.922222 0.766667 0.025926 0.015625
0 0.993519 0.709375 0.009259 0.015625
0 0.880556 0.738021 0.031481 0.016667
0 0.987963 0.422917 0.020370 0.023958
0 0.992593 0.503646 0.011111 0.022917
0 0.992593 0.540625 0.011111 0.016667
0 0.748148 0.682813 0.051852 0.023958
0 0.835185 0.526042 0.042593 0.021875
0 0.994444 0.587500 0.009259 0.023958
0 0.439815 0.640625 0.029630 0.016667
0 0.713889 0.694792 0.037037 0.021875
0 0.995370 0.491667 0.020370 0.011458
0 0.412963 0.355208 0.027778 0.015625
0 0.991667 0.601562 0.014815 0.020833
0 0.681481 0.651563 0.042593 0.020833
0 0.477778 0.277604 0.024074 0.014583
0 0.408333 0.335417 0.031481 0.017708
0 0.589815 0.688021 0.025926 0.013542
0 0.971296 0.667188 0.025926 0.014583
0 0.806481 0.556250 0.018519 0.011458
0 0.333333 0.669792 0.025926 0.014583
0 0.312963 0.692708 0.029630 0.017708
0 0.908333 0.664583 0.035185 0.020833
0 1.006481 0.477604 0.027778 0.018750
0 0.331481 0.660937 0.037037 0.018750
0 0.332407 0.646354 0.022222 0.012500
0 0.523148 0.558333 0.024074 0.014583
0 0.943519 0.668229 0.040741 0.020833
0 0.276852 0.693750 0.031481 0.018750
0 0.778704 0.302083 0.024074 0.012500
0 0.280556 0.668229 0.035185 0.020833
0 0.091667 0.365625 0.024074 0.012500
0 0.517593 0.505208 0.024074 0.012500
0 0.080556 0.401042 0.022222 0.014583
0 0.135185 0.388021 0.020370 0.009375
0 0.493519 0.270313 0.025926 0.013542
0 0.029630 0.279167 0.025926 0.015625
0 0.018519 0.445833 0.025926 0.012500
0 0.694444 0.780729 0.033333 0.020833
0 0.010185 0.292187 0.020370 0.014583
0 0.005556 0.459896 0.011111 0.011458
0 0.064815 0.370833 0.031481 0.017708
0 0.247222 0.649479 0.027778 0.015625
0 0.063889 0.278125 0.025926 0.015625
0 0.041667 0.459896 0.029630 0.015625
