0 0.994444 0.382292 0.009259 0.022917
0 0.994444 0.664062 0.018519 0.018750
0 1.008333 0.507292 0.098148 0.048958
0 0.972222 0.725521 0.033333 0.017708
0 0.056481 0.473438 0.025926 0.015625
0 0.075926 0.283333 0.027778 0.014583
0 0.750926 0.635417 0.038889 0.019792
0 0.095370 0.473958 0.025926 0.014583
0 0.099074 0.286979 0.024074 0.014583
0 0.995370 0.492188 0.007407 0.021875
0 0.991667 0.731771 0.016667 0.015625
0 0.916667 0.267188 0.035185 0.019792
0 0.559259 0.485417 0.024074 0.014583
0 0.998148 0.528125 0.024074 0.018750
0 0.882407 0.703125 0.040741 0.023958
0 0.978704 0.699479 0.031481 0.016667
0 0.975000 0.443229 0.037037 0.020833
0 0.633333 0.683333 0.025926 0.016667
0 0.823148 0.779167 0.031481 0.019792
0 0.994444 0.258854 0.009259 0.015625
0 0.647222 0.514062 0.020370 0.010417
0 0.045370 0.458854 0.022222 0.011458
0 0.001852 0.551042 0.003704 0.013542
0 0.857407 0.688021 0.033333 0.017708
0 0.010185 0.489063 0.020370 0.015625
0 0.025000 0.481250 0.024074 0.014583
0 0.054630 0.254688 0.027778 0.014583
0 0.618519 0.270313 0.025926 0.015625
0 0.159259 0.465625 0.031481 0.016667
0 0.175000 0.282813 0.025926 0.014583
0 0.379630 0.654687 0.027778 0.017708
0 0.191667 0.375521 0.031481 0.019792
0 0.980556 0.560417 0.016667 0.010417
0 0.994444 0.223958 0.009259 0.018750
0 1.000926 0.766667 0.014815 0.008333
0 0.994444 0.681250 0.009259 0.013542
0 0.990741 0.761979 0.020370 0.020833
0 0.993519 0.535937 0.012963 0.022917
0 0.921296 0.691667 0.051852 0.025000
0 0.990741 0.529167 0.018519 0.021875
0 0.994444 0.617188 0.009259 0.025000
0 0.568519 0.646875 0.029630 0.017708
0 0.558333 0.373437 0.029630 0.015625
0 0.882407 0.702083 0.038889 0.023958
0 0.537963 0.357292 0.025926 0.015625
0 0.850000 0.658854 0.044444 0.022917
0 0.596296 0.279687 0.029630 0.015625
0 0.537963 0.337500 0.033333 0.017708
0 0.719444 0.695833 0.025926 0.014583
0 1.015741 0.654687 0.050000 0.028125
0 0.475000 0.676042 0.024074 0.012500
0 0.450000 0.699479 0.029630 0.018750
0 0.992593 0.663542 0.014815 0.022917
0 1.009259 0.508854 0.031481 0.019792
0 0.476852 0.667188 0.035185 0.019792
0 0.479630 0.652083 0.022222 0.011458
0 0.650000 0.563542 0.024074 0.013542
0 0.992593 0.670833 0.012963 0.026042
0 0.412963 0.700521 0.029630 0.018750
0 0.886111 0.284375 0.024074 0.012500
0 0.425000 0.674479 0.037037 0.020833
0 0.202778 0.370312 0.022222 0.012500
0 0.627778 0.509896 0.024074 0.013542
0 0.183333 0.406771 0.022222 0.013542
0 0.235185 0.393750 0.020370 0.010417
0 0.107407 0.464583 0.024074 0.011458
0 0.108333 0.297917 0.022222 0.013542
0 0.846296 0.790625 0.038889 0.025000
0 0.131481 0.453125 0.024074 0.011458
0 0.137963 0.283854 0.029630 0.015625
0 0.995370 0.682292 0.035185 0.014583
0 0.995370 0.530729 0.009259 0.020833
0 0.997222 0.785417 0.031481 0.017708
0 1.010185 0.319271 0.051852 0.032292
0 0.663889 0.689063 0.031481 0.017708
0 1.014815 0.436458 0.053704 0.039583
0 0.988889 0.676562 0.022222 0.016667
0 0.993519 0.668229 0.012963 0.021875
0 0.993519 0.749479 0.012963 0.025000
0 0.992593 0.785937 0.014815 0.018750
0 0.994444 0.669792 0.007407 0.019792
0 0.996296 0.435937 0.003704 0.015625
0 0.992593 0.409896 0.011111 0.022917
0 0.993519 0.547396 0.012963 0.023958
0 0.989815 0.517708 0.016667 0.027083
0 0.532407 0.457292 0.027778 0.016667
0 0.991667 0.652083 0.031481 0.013542
0 0.972222 0.656250 0.022222 0.015625
