0 0.512963 0.481250 0.042593 0.026042
0 0.781481 0.377604 0.042593 0.023958
0 0.374074 0.732812 0.031481 0.017708
0 0.613889 0.717708 0.035185 0.020833
0 0.817593 0.382292 0.033333 0.018750
0 0.430556 0.760938 0.029630 0.017708
0 0.502778 0.212500 0.038889 0.022917
0 0.666667 0.541667 0.044444 0.025000
0 0.579630 0.721354 0.035185 0.019792
0 0.391667 0.252083 0.031481 0.018750
0 0.057407 0.470833 0.025926 0.013542
0 0.605556 0.279167 0.022222 0.013542
0 0.652778 0.519271 0.035185 0.016667
0 0.721296 0.272917 0.022222 0.013542
0 0.074074 0.254167 0.025926 0.015625
0 0.137963 0.689583 0.029630 0.017708
0 0.287037 0.683333 0.029630 0.017708
0 0.230556 0.428125 0.040741 0.021875
0 0.689815 0.485938 0.025926 0.013542
0 0.054630 0.670312 0.025926 0.014583
0 0.210185 0.774479 0.042593 0.026042
0 0.262963 0.351562 0.040741 0.022917
0 0.104630 0.283854 0.035185 0.017708
0 0.006481 0.634375 0.012963 0.016667
0 0.474074 0.572917 0.050000 0.028125
0 0.649074 0.268229 0.031481 0.019792
0 0.282407 0.514583 0.040741 0.022917
0 0.164815 0.676042 0.046296 0.025000
0 0.815741 0.528646 0.037037 0.018750
0 0.451852 0.211458 0.024074 0.013542
0 0.311111 0.541146 0.020370 0.012500
0 0.400000 0.444792 0.031481 0.018750
0 0.081481 0.265104 0.025926 0.014583
0 0.697222 0.285938 0.024074 0.015625
0 0.779630 0.536458 0.037037 0.019792
0 0.797222 0.351042 0.027778 0.014583
0 0.012037 0.443750 0.024074 0.012500
0 0.601852 0.550521 0.029630 0.018750
0 0.628704 0.528646 0.031481 0.019792
0 0.428704 0.629687 0.033333 0.017708
0 0.843519 0.563021 0.033333 0.018750
0 0.524074 0.721354 0.042593 0.020833
0 0.755556 0.431250 0.042593 0.025000
0 0.629630 0.245833 0.035185 0.017708
0 0.358333 0.659375 0.033333 0.018750
0 0.260185 0.660417 0.035185 0.013542
0 0.637037 0.550000 0.031481 0.017708
0 0.079630 0.675000 0.029630 0.016667
0 0.640741 0.573958 0.025926 0.016667
0 0.709259 0.279687 0.031481 0.017708
0 0.759259 0.519792 0.037037 0.020833
0 0.401852 0.767708 0.029630 0.016667
0 0.482407 0.543750 0.038889 0.021875
0 0.842593 0.542188 0.031481 0.018750
0 0.222222 0.361458 0.025926 0.012500
0 0.100926 0.644792 0.038889 0.018750
0 0.293519 0.670833 0.029630 0.014583
0 0.656481 0.703125 0.029630 0.014583
0 0.215741 0.640104 0.031481 0.016667
0 0.812037 0.570833 0.029630 0.017708
0 0.705556 0.636979 0.022222 0.014583
0 0.800000 0.559896 0.029630 0.016667
0 0.250926 0.362500 0.025926 0.010417
0 0.832407 0.338542 0.027778 0.014583
0 0.778704 0.578125 0.035185 0.018750
0 0.621296 0.259375 0.040741 0.025000
0 0.256481 0.649479 0.037037 0.019792
0 0.821296 0.576562 0.037037 0.019792
0 0.839815 0.511979 0.033333 0.018750
0 0.299074 0.710417 0.031481 0.018750
0 0.657407 0.690104 0.042593 0.025000
0 0.299074 0.375521 0.042593 0.021875
0 0.683333 0.501563 0.037037 0.021875
0 0.381481 0.663542 0.037037 0.020833
0 0.340741 0.770312 0.031481 0.018750
