0 0.309259 0.652604 0.037037 0.019792
0 0.008333 0.326562 0.016667 0.016667
0 0.696296 0.501042 0.033333 0.017708
0 0.187963 0.688021 0.031481 0.021875
0 0.031481 0.363021 0.029630 0.015625
0 0.037963 0.636458 0.031481 0.018750
0 0.525000 0.577604 0.048148 0.027083
0 0.689815 0.278646 0.031481 0.018750
0 0.332407 0.519792 0.042593 0.022917
0 0.219444 0.678646 0.042593 0.023958
0 0.858333 0.534896 0.035185 0.019792
0 0.571296 0.488021 0.044444 0.025000
0 0.836111 0.386979 0.042593 0.022917
0 0.417593 0.734896 0.029630 0.017708
0 0.659259 0.720833 0.035185 0.019792
0 0.859259 0.390625 0.031481 0.018750
0 0.471296 0.763021 0.025926 0.015625
0 0.558333 0.222917 0.038889 0.023958
0 0.714815 0.546875 0.044444 0.025000
0 0.859259 0.581771 0.035185 0.019792
0 0.625926 0.724479 0.033333 0.018750
0 0.430556 0.258333 0.031481 0.018750
0 0.092593 0.475000 0.025926 0.013542
0 0.658333 0.289062 0.020370 0.013542
0 0.688889 0.522917 0.035185 0.019792
0 0.754630 0.281250 0.020370 0.014583
0 0.114815 0.260417 0.027778 0.014583
0 0.188889 0.690104 0.037037 0.019792
0 0.335185 0.685937 0.029630 0.016667
0 0.883333 0.518229 0.035185 0.020833
0 0.285185 0.434375 0.038889 0.020833
0 0.736111 0.493229 0.022222 0.011458
0 0.095370 0.673438 0.025926 0.014583
0 0.253704 0.776042 0.044444 0.026042
0 0.328704 0.359896 0.040741 0.023958
0 0.145370 0.290104 0.031481 0.016667
0 0.862037 0.346354 0.027778 0.015625
0 0.816667 0.583333 0.035185 0.018750
0 0.673148 0.268750 0.038889 0.023958
0 0.443519 0.769792 0.027778 0.016667
0 0.344444 0.713021 0.029630 0.018750
0 0.701852 0.693229 0.044444 0.022917
0 0.362037 0.383333 0.040741 0.020833
0 0.735185 0.507812 0.037037 0.020833
0 0.432407 0.666667 0.035185 0.019792
0 0.385185 0.772917 0.029630 0.018750
0 0.881481 0.568229 0.031481 0.018750
0 0.573148 0.723958 0.042593 0.020833
0 0.809259 0.439063 0.042593 0.023958
0 0.679630 0.256250 0.033333 0.017708
0 0.411111 0.662500 0.035185 0.018750
0 0.311111 0.664062 0.033333 0.014583
0 0.675000 0.554688 0.031481 0.017708
0 0.120370 0.677604 0.031481 0.016667
0 0.681481 0.578646 0.029630 0.015625
0 0.744444 0.289062 0.029630 0.017708
0 0.804630 0.526042 0.037037 0.020833
0 0.537963 0.549479 0.038889 0.022917
0 0.881481 0.547396 0.031481 0.017708
0 0.264815 0.366667 0.025926 0.012500
0 0.156481 0.646875 0.035185 0.017708
0 0.341667 0.675000 0.027778 0.014583
0 0.692593 0.705729 0.029630 0.015625
0 0.268519 0.643229 0.029630 0.016667
0 0.849074 0.577083 0.029630 0.017708
0 0.737963 0.640625 0.024074 0.013542
0 0.838889 0.565625 0.027778 0.016667
0 0.492593 0.218750 0.024074 0.012500
0 0.287037 0.368229 0.022222 0.009375
0 0.344444 0.544792 0.018519 0.011458
0 0.452778 0.451562 0.035185 0.020833
0 0.121296 0.271875 0.024074 0.012500
0 0.728704 0.294792 0.024074 0.016667
0 0.481481 0.634375 0.029630 0.016667
0 0.667593 0.533333 0.029630 0.017708
0 0.641667 0.555729 0.027778 0.017708
0 0.046296 0.447396 0.025926 0.013542
0 0.837963 0.359375 0.027778 0.013542
0 0.824074 0.542708 0.037037 0.019792
