0 0.992593 0.271354 0.012963 0.017708
0 0.785185 0.504167 0.025926 0.013542
0 0.990741 0.729167 0.018519 0.023958
0 0.991667 0.709375 0.014815 0.019792
0 0.994444 0.505729 0.009259 0.022917
0 0.887037 0.706771 0.031481 0.017708
0 0.992593 0.787500 0.014815 0.018750
0 0.994444 0.357812 0.009259 0.021875
0 0.994444 0.260937 0.007407 0.014583
0 0.994444 0.642188 0.009259 0.018750
0 0.994444 0.717187 0.009259 0.016667
0 0.992593 0.430729 0.012963 0.023958
0 0.993519 0.619792 0.011111 0.020833
0 0.992593 0.786458 0.011111 0.019792
0 0.994444 0.657813 0.009259 0.020833
0 0.995370 0.653125 0.007407 0.013542
0 0.921296 0.713021 0.033333 0.018750
0 0.992593 0.532813 0.014815 0.029167
0 0.999074 0.683333 0.033333 0.014583
0 0.762963 0.476042 0.027778 0.015625
0 0.030556 0.701042 0.031481 0.013542
0 0.025000 0.544271 0.031481 0.017708
0 0.875000 0.542188 0.018519 0.011458
0 0.728704 0.698438 0.027778 0.017708
0 0.055556 0.313021 0.031481 0.017708
0 0.088889 0.308854 0.038889 0.020833
0 0.100000 0.700000 0.033333 0.017708
0 0.104630 0.294792 0.035185 0.017708
0 0.411111 0.392188 0.022222 0.013542
0 0.137963 0.558854 0.018519 0.011458
0 0.200000 0.570833 0.029630 0.014583
0 0.361111 0.486458 0.020370 0.012500
0 0.213889 0.506771 0.022222 0.014583
0 0.199074 0.562500 0.024074 0.010417
0 0.997222 0.396875 0.005556 0.015625
0 0.340741 0.307292 0.022222 0.012500
0 0.329630 0.298958 0.025926 0.013542
0 0.995370 0.657813 0.007407 0.021875
0 1.000926 0.544271 0.024074 0.011458
0 0.228704 0.504167 0.029630 0.016667
0 0.859259 0.532813 0.020370 0.010417
0 0.273148 0.478646 0.022222 0.013542
0 0.200000 0.570833 0.027778 0.014583
0 0.993519 0.697396 0.011111 0.015625
0 0.230556 0.505729 0.029630 0.017708
0 0.250000 0.500521 0.020370 0.013542
0 0.284259 0.280208 0.024074 0.016667
0 0.280556 0.492708 0.024074 0.015625
0 0.287963 0.306771 0.024074 0.012500
0 0.996296 0.657292 0.005556 0.018750
0 0.318519 0.493229 0.024074 0.014583
0 0.309259 0.310937 0.022222 0.013542
0 0.322222 0.482812 0.024074 0.012500
0 0.315741 0.320833 0.020370 0.013542
0 0.994444 0.789062 0.011111 0.026042
0 0.347222 0.470833 0.025926 0.013542
0 0.364815 0.306771 0.027778 0.014583
0 0.851852 0.289062 0.027778 0.016667
0 0.400926 0.484896 0.025926 0.015625
0 0.397222 0.305208 0.024074 0.014583
0 0.642593 0.674479 0.035185 0.018750
0 0.439815 0.396354 0.029630 0.018750
0 0.441667 0.413021 0.020370 0.011458
0 0.413889 0.427604 0.012963 0.008333
0 0.843519 0.529167 0.022222 0.013542
0 0.440741 0.387500 0.014815 0.009375
0 0.704630 0.696875 0.037037 0.019792
0 0.995370 0.320833 0.022222 0.010417
0 0.679630 0.722396 0.031481 0.018750
0 0.991667 0.695833 0.014815 0.029167
0 0.897222 0.581250 0.020370 0.011458
0 0.759259 0.690104 0.035185 0.018750
0 0.997222 0.711979 0.016667 0.025000
0 0.715741 0.721875 0.027778 0.018750
0 0.970370 0.718750 0.031481 0.015625
0 0.783333 0.356250 0.031481 0.017708
0 0.821296 0.298438 0.027778 0.015625
0 0.990741 0.691667 0.016667 0.021875
0 0.778704 0.375521 0.027778 0.015625
0 0.993519 0.726042 0.011111 0.021875
0 0.802778 0.391667 0.029630 0.015625
0 0.817593 0.668750 0.029630 0.017708
0 0.994444 0.660417 0.009259 0.025000
0 0.993519 0.553125 0.009259 0.017708
0 0.990741 0.742708 0.016667 0.026042
0 0.990741 0.762500 0.018519 0.018750
0 0.990741 0.765625 0.014815 0.008333
0 0.989815 0.234375 0.018519 0.010417
