0 0.990741 0.540104 0.016667 0.026042
0 0.350000 0.449479 0.027778 0.016667
0 0.944444 0.631250 0.029630 0.014583
0 1.003704 0.297917 0.024074 0.015625
0 0.740741 0.536979 0.025926 0.014583
0 0.991667 0.538542 0.031481 0.018750
0 0.990741 0.574479 0.016667 0.018750
0 0.725926 0.643229 0.024074 0.015625
0 1.009259 0.569792 0.033333 0.020833
0 0.470370 0.679167 0.027778 0.015625
0 1.005556 0.531771 0.027778 0.021875
0 0.754630 0.661979 0.033333 0.015625
0 0.839815 0.656771 0.037037 0.021875
0 1.002778 0.275000 0.027778 0.016667
0 0.996296 0.401562 0.005556 0.014583
0 0.993519 0.713542 0.011111 0.021875
0 0.993519 0.598958 0.012963 0.020833
0 0.785185 0.768750 0.031481 0.018750
0 0.873148 0.661458 0.038889 0.022917
0 0.996296 0.460417 0.005556 0.016667
0 0.858333 0.382292 0.044444 0.022917
0 0.993519 0.654687 0.012963 0.022917
0 0.750926 0.710417 0.031481 0.019792
0 1.004630 0.505208 0.070370 0.034375
0 0.987037 0.592187 0.027778 0.021875
0 0.761111 0.651042 0.035185 0.019792
0 0.982407 0.260937 0.035185 0.019792
0 0.994444 0.601042 0.007407 0.022917
0 0.985185 0.336979 0.029630 0.016667
0 0.832407 0.359375 0.042593 0.022917
0 0.648148 0.778125 0.033333 0.020833
0 0.441667 0.673958 0.027778 0.015625
0 0.728704 0.434375 0.038889 0.020833
0 0.750926 0.684375 0.031481 0.017708
0 0.647222 0.689583 0.038889 0.021875
0 0.559259 0.267708 0.033333 0.019792
0 0.999074 0.526042 0.024074 0.018750
0 0.383333 0.477083 0.024074 0.013542
0 0.991667 0.723958 0.016667 0.015625
0 0.721296 0.256771 0.029630 0.019792
0 0.990741 0.686458 0.037037 0.020833
0 0.489815 0.672396 0.020370 0.012500
0 0.994444 0.541146 0.011111 0.023958
0 0.836111 0.766667 0.022222 0.013542
0 0.993519 0.527604 0.011111 0.018750
0 1.004630 0.283854 0.027778 0.017708
0 0.210185 0.669271 0.035185 0.019792
0 0.714815 0.289062 0.024074 0.013542
0 0.211111 0.694271 0.033333 0.017708
0 0.873148 0.661979 0.038889 0.023958
0 0.462963 0.554167 0.024074 0.012500
0 0.262037 0.646354 0.022222 0.012500
0 0.261111 0.660937 0.035185 0.019792
0 1.007407 0.460417 0.027778 0.018750
0 0.840741 0.656771 0.033333 0.020833
0 0.995370 0.527083 0.007407 0.020833
0 0.994444 0.221354 0.009259 0.019792
0 0.863889 0.759375 0.025926 0.016667
0 1.000926 0.355208 0.035185 0.023958
0 0.993519 0.709896 0.011111 0.016667
0 0.819444 0.731250 0.031481 0.017708
0 0.988889 0.397396 0.020370 0.022917
0 0.993519 0.499479 0.011111 0.021875
0 0.992593 0.542188 0.011111 0.017708
0 0.677778 0.677604 0.048148 0.022917
0 0.762963 0.518750 0.038889 0.021875
0 0.993519 0.277083 0.031481 0.015625
0 0.975000 0.573958 0.048148 0.025000
0 0.379630 0.638542 0.029630 0.016667
0 0.359259 0.365625 0.027778 0.015625
0 0.646296 0.690104 0.038889 0.021875
0 0.989815 0.486458 0.022222 0.012500
0 0.339815 0.349479 0.029630 0.015625
0 0.991667 0.591146 0.012963 0.019792
0 0.000000 0.000000 0.000000 0.000000
0 0.611111 0.646875 0.042593 0.021875
0 0.410185 0.269271 0.029630 0.015625
0 0.334259 0.329688 0.031481 0.018750
0 0.533333 0.683854 0.025926 0.013542
0 0.906481 0.658333 0.025926 0.014583
0 0.732407 0.549479 0.020370 0.012500
0 0.266667 0.669271 0.027778 0.014583
0 0.248148 0.692708 0.029630 0.018750
0 0.002778 0.369792 0.005556 0.013542
0 0.070370 0.385937 0.020370 0.010417
0 0.013889 0.400521 0.024074 0.014583
0 0.461111 0.501563 0.020370 0.012500
0 0.022222 0.364583 0.025926 0.012500
