0 0.959259 0.734375 0.035185 0.018750
0 0.996296 0.541667 0.020370 0.011458
0 0.988889 0.665104 0.022222 0.013542
0 0.989815 0.733854 0.020370 0.018750
0 0.991667 0.720833 0.014815 0.020833
0 0.994444 0.363542 0.009259 0.015625
0 0.992593 0.315104 0.012963 0.014583
0 0.993519 0.682813 0.012963 0.016667
0 0.993519 0.386458 0.009259 0.013542
0 0.993519 0.742188 0.009259 0.019792
0 0.995370 0.403125 0.009259 0.015625
0 0.992593 0.678125 0.012963 0.016667
0 0.994444 0.598958 0.011111 0.026042
0 0.988889 0.817708 0.018519 0.031250
0 0.990741 0.253646 0.018519 0.010417
0 0.993519 0.275000 0.011111 0.016667
0 0.998148 0.511979 0.005556 0.017708
0 0.991667 0.754167 0.016667 0.022917
0 0.989815 0.485938 0.018519 0.015625
0 0.996296 0.722917 0.005556 0.014583
0 0.992593 0.720833 0.012963 0.019792
0 0.994444 0.561979 0.009259 0.021875
0 0.994444 0.713542 0.009259 0.014583
0 0.993519 0.773958 0.012963 0.016667
0 0.991667 0.598958 0.014815 0.027083
0 0.999074 0.436458 0.000000 0.000000
0 0.361111 0.305729 0.029630 0.016667
0 0.609259 0.402083 0.022222 0.012500
0 0.371296 0.572396 0.025926 0.015625
0 0.560185 0.496354 0.018519 0.010417
0 0.437963 0.516667 0.027778 0.013542
0 0.421296 0.571875 0.025926 0.011458
0 0.997222 0.434375 0.005556 0.014583
0 0.528704 0.317708 0.022222 0.013542
0 0.417593 0.580208 0.024074 0.014583
0 0.519444 0.309375 0.024074 0.014583
0 0.995370 0.723437 0.007407 0.022917
0 0.994444 0.602604 0.025926 0.011458
0 0.452778 0.513542 0.027778 0.015625
0 0.994444 0.531771 0.009259 0.011458
0 0.483333 0.488021 0.020370 0.012500
0 0.419444 0.580208 0.025926 0.014583
0 0.993519 0.694792 0.011111 0.015625
0 0.454630 0.513542 0.025926 0.015625
0 0.463889 0.508854 0.018519 0.012500
0 0.496296 0.290104 0.025926 0.015625
0 0.485185 0.502604 0.024074 0.014583
0 0.476852 0.317188 0.025926 0.014583
0 0.996296 0.698958 0.005556 0.018750
0 0.525000 0.503125 0.024074 0.014583
0 0.496296 0.320833 0.020370 0.013542
0 0.522222 0.492188 0.022222 0.010417
0 0.500000 0.330729 0.022222 0.013542
0 0.992593 0.759896 0.016667 0.037500
0 0.551852 0.480729 0.022222 0.011458
0 0.562963 0.318229 0.020370 0.013542
0 0.996296 0.280208 0.003704 0.016667
0 0.994444 0.599479 0.009259 0.019792
0 0.634259 0.494271 0.027778 0.015625
0 0.605556 0.316146 0.022222 0.015625
0 0.912037 0.685417 0.035185 0.020833
0 0.687037 0.406250 0.029630 0.017708
0 0.635185 0.422396 0.020370 0.010417
0 0.997222 0.512500 0.003704 0.018750
0 0.989815 0.706771 0.018519 0.021875
0 0.389815 0.580729 0.020370 0.013542
0 0.011111 0.597396 0.020370 0.009375
0 0.336111 0.321354 0.025926 0.017708
0 0.021296 0.697917 0.035185 0.019792
0 0.970370 0.469792 0.024074 0.011458
0 0.081481 0.512500 0.031481 0.015625
0 0.575926 0.316667 0.024074 0.014583
0 0.079630 0.473958 0.025926 0.009375
0 0.950000 0.653646 0.031481 0.016667
0 0.300000 0.319271 0.022222 0.014583
0 0.548148 0.198437 0.011111 0.007292
0 0.562037 0.318229 0.018519 0.013542
0 0.990741 0.327604 0.014815 0.014583
0 0.244444 0.356250 0.027778 0.015625
0 0.250926 0.710417 0.029630 0.013542
0 0.274074 0.553125 0.029630 0.017708
0 0.995370 0.550000 0.005556 0.012500
0 1.000926 0.702604 0.018519 0.016667
0 0.314815 0.323958 0.031481 0.017708
0 0.351852 0.319271 0.031481 0.019792
0 0.387037 0.709375 0.029630 0.017708
