0 0.525000 0.405208 0.022222 0.012500
0 0.300926 0.580729 0.022222 0.012500
0 0.481481 0.499479 0.018519 0.011458
0 0.350000 0.522396 0.018519 0.012500
0 0.342593 0.578125 0.025926 0.011458
0 0.996296 0.418750 0.003704 0.014583
0 0.447222 0.322396 0.022222 0.011458
0 0.337963 0.585938 0.029630 0.013542
0 0.435185 0.314063 0.025926 0.014583
0 0.995370 0.689063 0.007407 0.022917
0 0.994444 0.581250 0.024074 0.011458
0 0.368519 0.519792 0.027778 0.016667
0 0.979630 0.536458 0.020370 0.012500
0 0.402778 0.493229 0.022222 0.012500
0 0.339815 0.586979 0.025926 0.014583
0 0.993519 0.684896 0.011111 0.015625
0 0.369444 0.519792 0.027778 0.015625
0 0.381481 0.515104 0.020370 0.013542
0 0.402778 0.295833 0.024074 0.014583
0 0.406481 0.506771 0.024074 0.015625
0 0.394444 0.322396 0.024074 0.014583
0 0.996296 0.685937 0.005556 0.017708
0 0.445370 0.506771 0.022222 0.013542
0 0.414815 0.326042 0.020370 0.012500
0 0.444444 0.496875 0.024074 0.010417
0 0.420370 0.335417 0.020370 0.013542
0 0.993519 0.761979 0.014815 0.033333
0 0.471296 0.484375 0.022222 0.011458
0 0.485185 0.320312 0.022222 0.013542
0 0.980556 0.296354 0.029630 0.016667
0 0.544444 0.497396 0.025926 0.015625
0 0.514815 0.319271 0.024074 0.014583
0 0.818519 0.682292 0.033333 0.019792
0 0.586111 0.409896 0.029630 0.018750
0 0.550926 0.425000 0.020370 0.010417
0 0.550926 0.440625 0.009259 0.006250
0 0.968519 0.534375 0.025926 0.013542
0 0.591667 0.402083 0.014815 0.008333
0 0.903704 0.704167 0.037037 0.019792
0 0.996296 0.329688 0.020370 0.010417
0 0.864815 0.730208 0.031481 0.018750
0 0.995370 0.556771 0.020370 0.011458
0 0.956481 0.695833 0.033333 0.018750
0 0.997222 0.757292 0.016667 0.027083
0 0.900000 0.729167 0.029630 0.018750
0 0.992593 0.713021 0.014815 0.019792
0 0.943519 0.306250 0.027778 0.013542
0 0.928704 0.364063 0.031481 0.017708
0 0.195370 0.328125 0.018519 0.013542
0 0.321296 0.587500 0.018519 0.011458
0 0.450000 0.202604 0.011111 0.006250
0 0.474074 0.322396 0.020370 0.014583
0 0.987037 0.324479 0.025926 0.016667
0 0.132407 0.365625 0.031481 0.016667
0 0.221296 0.719271 0.024074 0.013542
0 0.185185 0.562500 0.027778 0.016667
0 0.994444 0.546875 0.011111 0.012500
0 0.925000 0.704688 0.027778 0.016667
0 0.209259 0.333333 0.029630 0.017708
0 0.242593 0.328646 0.040741 0.019792
0 0.294444 0.717708 0.029630 0.016667
0 0.255556 0.314583 0.031481 0.015625
0 0.991667 0.583333 0.016667 0.033333
0 0.988889 0.701042 0.018519 0.023958
0 0.920370 0.383333 0.029630 0.015625
0 0.993519 0.727083 0.009259 0.019792
0 0.946296 0.398438 0.029630 0.014583
0 0.981481 0.673438 0.031481 0.017708
0 0.994444 0.579167 0.011111 0.026042
0 0.989815 0.788542 0.018519 0.029167
0 0.987037 0.250521 0.018519 0.010417
0 0.900000 0.482812 0.027778 0.015625
0 0.992593 0.277604 0.011111 0.016667
0 0.917593 0.510417 0.025926 0.013542
0 0.990741 0.741146 0.016667 0.023958
0 0.996296 0.713542 0.007407 0.015625
0 0.994444 0.536979 0.009259 0.022917
0 0.992593 0.713021 0.009259 0.014583
0 0.992593 0.778646 0.012963 0.016667
0 0.994444 0.614062 0.009259 0.016667
0 0.995370 0.705729 0.005556 0.011458
0 0.999074 0.438021 0.000000 0.001042
0 0.992593 0.616146 0.014815 0.026042
0 0.992593 0.785417 0.012963 0.020833
0 0.994444 0.617188 0.009259 0.020833
0 0.993519 0.643750 0.009259 0.017708
0 0.992593 0.709896 0.012963 0.018750
