0 0.767593 0.576042 0.033333 0.019792
0 0.461111 0.570833 0.046296 0.026042
0 0.637037 0.266146 0.033333 0.019792
0 0.269444 0.513021 0.042593 0.022917
0 0.151852 0.673958 0.044444 0.023958
0 0.802778 0.526563 0.035185 0.018750
0 0.498148 0.479687 0.044444 0.026042
0 0.766667 0.374479 0.042593 0.023958
0 0.362963 0.730729 0.029630 0.017708
0 0.600926 0.716146 0.035185 0.021875
0 0.806481 0.379688 0.033333 0.019792
0 0.420370 0.758854 0.027778 0.017708
0 0.488889 0.208854 0.038889 0.023958
0 0.654630 0.539062 0.046296 0.025000
0 0.566667 0.719271 0.035185 0.019792
0 0.383333 0.248958 0.031481 0.019792
0 0.048148 0.469271 0.025926 0.013542
0 0.592593 0.276562 0.020370 0.013542
0 0.641667 0.516667 0.035185 0.016667
0 0.711111 0.269792 0.022222 0.013542
0 0.063889 0.252083 0.025926 0.015625
0 0.125926 0.686979 0.031481 0.019792
0 0.275926 0.681771 0.029630 0.017708
0 0.217593 0.426042 0.038889 0.021875
0 0.680556 0.483333 0.027778 0.016667
0 0.046296 0.669271 0.025926 0.015625
0 0.200000 0.773438 0.042593 0.023958
0 0.247222 0.348958 0.038889 0.022917
0 0.094444 0.282292 0.033333 0.017708
0 0.822222 0.334896 0.025926 0.013542
0 0.608333 0.256771 0.042593 0.028125
0 0.243519 0.647396 0.037037 0.018750
0 0.809259 0.573438 0.035185 0.017708
0 0.826852 0.509375 0.033333 0.018750
0 0.287963 0.708854 0.031481 0.018750
0 0.644444 0.688021 0.042593 0.023958
0 0.283333 0.372917 0.042593 0.021875
0 0.669444 0.498958 0.035185 0.021875
0 0.369444 0.661979 0.035185 0.020833
0 0.331481 0.768229 0.031481 0.017708
0 0.832407 0.559896 0.033333 0.018750
0 0.511111 0.718750 0.042593 0.020833
0 0.741667 0.428646 0.044444 0.026042
0 0.616667 0.243229 0.033333 0.020833
0 0.345370 0.657813 0.033333 0.018750
0 0.413889 0.627604 0.031481 0.017708
0 0.247222 0.658854 0.035185 0.013542
0 0.626852 0.548438 0.029630 0.017708
0 0.070370 0.673438 0.031481 0.016667
0 0.629630 0.571875 0.025926 0.016667
0 0.699074 0.277083 0.031481 0.017708
0 0.745370 0.517188 0.037037 0.021875
0 0.392593 0.765625 0.029630 0.016667
0 0.468519 0.542188 0.040741 0.022917
0 0.831481 0.539062 0.029630 0.016667
0 0.209259 0.359375 0.025926 0.011458
0 0.087963 0.644271 0.038889 0.017708
0 0.281481 0.669792 0.029630 0.015625
0 0.647222 0.701042 0.029630 0.014583
0 0.202778 0.638021 0.029630 0.018750
0 0.800000 0.569792 0.027778 0.017708
0 0.697222 0.634896 0.025926 0.015625
0 0.788889 0.557292 0.029630 0.015625
0 0.445370 0.208333 0.024074 0.012500
0 0.238889 0.360417 0.025926 0.010417
0 0.301852 0.540104 0.020370 0.012500
0 0.389815 0.442708 0.031481 0.018750
0 0.070370 0.262500 0.025926 0.013542
0 0.687963 0.284375 0.025926 0.014583
0 0.618519 0.526563 0.031481 0.019792
0 0.590741 0.547917 0.027778 0.017708
0 0.006481 0.443229 0.012963 0.011458
0 0.787963 0.346875 0.029630 0.014583
0 0.766667 0.534375 0.035185 0.019792
