0 0.052778 0.670312 0.025926 0.015625
0 0.296296 0.710417 0.031481 0.018750
0 0.836111 0.511979 0.033333 0.019792
0 0.818519 0.576042 0.035185 0.018750
0 0.253704 0.648958 0.037037 0.019792
0 0.618519 0.258854 0.040741 0.027083
0 0.775926 0.578125 0.035185 0.018750
0 0.829630 0.338021 0.025926 0.014583
0 0.102778 0.283333 0.033333 0.017708
0 0.260185 0.350521 0.038889 0.022917
0 0.208333 0.774479 0.042593 0.026042
0 0.687037 0.485938 0.027778 0.014583
0 0.134259 0.686979 0.037037 0.017708
0 0.285185 0.682813 0.031481 0.016667
0 0.227778 0.427604 0.038889 0.021875
0 0.005556 0.633854 0.011111 0.015625
0 0.471296 0.572917 0.048148 0.027083
0 0.646296 0.268229 0.033333 0.019792
0 0.279630 0.514062 0.040741 0.021875
0 0.162037 0.675521 0.044444 0.025000
0 0.812037 0.528125 0.035185 0.018750
0 0.510185 0.481250 0.044444 0.026042
0 0.777778 0.377083 0.044444 0.022917
0 0.371296 0.732292 0.029630 0.016667
0 0.611111 0.717708 0.035185 0.020833
0 0.814815 0.382292 0.035185 0.019792
0 0.427778 0.760417 0.027778 0.016667
0 0.500000 0.210938 0.038889 0.023958
0 0.664815 0.540625 0.046296 0.025000
0 0.576852 0.720833 0.035185 0.019792
0 0.389815 0.251563 0.029630 0.019792
0 0.056481 0.470313 0.025926 0.013542
0 0.603704 0.278646 0.022222 0.013542
0 0.650000 0.519271 0.035185 0.017708
0 0.716667 0.271875 0.024074 0.014583
0 0.072222 0.253646 0.027778 0.014583
0 0.379630 0.663542 0.035185 0.020833
0 0.776852 0.536458 0.037037 0.020833
0 0.796296 0.348958 0.024074 0.013542
0 0.011111 0.443229 0.022222 0.013542
0 0.599074 0.550000 0.024074 0.016667
0 0.625926 0.528125 0.031481 0.019792
0 0.425000 0.629167 0.031481 0.017708
0 0.695370 0.285938 0.025926 0.015625
0 0.078704 0.264062 0.027778 0.013542
0 0.400926 0.444792 0.033333 0.020833
0 0.310185 0.541146 0.020370 0.012500
0 0.249074 0.361979 0.025926 0.010417
0 0.451852 0.210938 0.025926 0.013542
0 0.796296 0.559896 0.029630 0.016667
0 0.702778 0.636458 0.022222 0.014583
0 0.808333 0.571354 0.027778 0.018750
0 0.212963 0.639062 0.029630 0.018750
0 0.654630 0.702604 0.027778 0.014583
0 0.289815 0.670833 0.029630 0.014583
0 0.099074 0.643750 0.038889 0.017708
0 0.219444 0.360938 0.025926 0.012500
0 0.838889 0.541667 0.031481 0.017708
0 0.479630 0.543750 0.040741 0.021875
0 0.400000 0.767708 0.031481 0.016667
0 0.755556 0.519792 0.037037 0.021875
0 0.707407 0.279167 0.031481 0.016667
0 0.637963 0.573958 0.025926 0.016667
0 0.078704 0.675000 0.029630 0.016667
0 0.634259 0.550000 0.029630 0.017708
0 0.257407 0.659896 0.035185 0.014583
0 0.355556 0.658854 0.035185 0.018750
0 0.625926 0.244792 0.033333 0.017708
0 0.752778 0.430729 0.044444 0.023958
0 0.521296 0.721354 0.042593 0.020833
0 0.840741 0.562500 0.033333 0.018750
0 0.338889 0.770312 0.031481 0.017708
0 0.680556 0.501563 0.037037 0.022917
0 0.296296 0.374479 0.042593 0.021875
0 0.654630 0.689583 0.042593 0.025000
