0 0.816667 0.730208 0.031481 0.017708
0 0.993519 0.497917 0.012963 0.022917
0 0.987963 0.395833 0.020370 0.022917
0 0.992593 0.220312 0.012963 0.021875
0 0.861111 0.758333 0.027778 0.015625
0 1.000926 0.355208 0.033333 0.023958
0 0.993519 0.708854 0.011111 0.016667
0 0.348148 0.448437 0.027778 0.015625
0 0.990741 0.539583 0.016667 0.026042
0 1.003704 0.297917 0.024074 0.015625
0 0.940741 0.630208 0.027778 0.014583
0 0.737963 0.536458 0.025926 0.015625
0 0.992593 0.537500 0.031481 0.018750
0 0.837037 0.656250 0.037037 0.020833
0 1.004630 0.274479 0.029630 0.016667
0 0.996296 0.402083 0.005556 0.014583
0 0.993519 0.713542 0.011111 0.021875
0 0.993519 0.598958 0.012963 0.021875
0 0.782407 0.768229 0.031481 0.017708
0 0.870370 0.659896 0.038889 0.022917
0 0.996296 0.463021 0.005556 0.017708
0 0.854630 0.381250 0.044444 0.022917
0 0.992593 0.655208 0.011111 0.022917
0 0.749074 0.709896 0.031481 0.019792
0 1.004630 0.504167 0.070370 0.034375
0 0.986111 0.592187 0.027778 0.021875
0 0.757407 0.650521 0.037037 0.018750
0 0.980556 0.259896 0.037037 0.020833
0 0.995370 0.601562 0.007407 0.022917
0 1.006481 0.537500 0.029630 0.020833
0 0.469444 0.678125 0.027778 0.015625
0 1.007407 0.569792 0.033333 0.020833
0 1.004630 0.283333 0.027778 0.017708
0 0.993519 0.526563 0.011111 0.018750
0 0.750926 0.660937 0.033333 0.015625
0 0.833333 0.765625 0.022222 0.012500
0 0.997222 0.544792 0.009259 0.023958
0 0.487963 0.671875 0.020370 0.012500
0 0.989815 0.688021 0.035185 0.020833
0 0.722222 0.642188 0.024074 0.015625
0 0.990741 0.573958 0.014815 0.018750
0 0.013889 0.400000 0.025926 0.015625
0 0.987037 0.337500 0.029630 0.017708
0 0.828704 0.358333 0.042593 0.022917
0 0.644444 0.777083 0.033333 0.021875
0 0.439815 0.673438 0.027778 0.016667
0 0.725000 0.433333 0.037037 0.020833
0 0.748148 0.683854 0.029630 0.017708
0 0.643519 0.689583 0.038889 0.021875
0 0.554630 0.266146 0.033333 0.019792
0 0.997222 0.525000 0.024074 0.018750
0 0.382407 0.476042 0.024074 0.013542
0 0.718519 0.256250 0.029630 0.018750
0 0.990741 0.723958 0.016667 0.015625
0 0.996296 0.527604 0.007407 0.020833
0 0.992593 0.541146 0.011111 0.017708
0 0.675000 0.676562 0.048148 0.022917
0 0.760185 0.517708 0.040741 0.021875
0 0.990741 0.275521 0.031481 0.015625
0 0.973148 0.573438 0.051852 0.027083
0 0.378704 0.638021 0.029630 0.016667
0 0.357407 0.364583 0.025926 0.015625
0 0.643519 0.689583 0.038889 0.022917
0 0.987037 0.485938 0.022222 0.012500
0 0.338889 0.348438 0.027778 0.014583
0 0.991667 0.590625 0.012963 0.019792
0 0.000000 0.000000 0.000000 0.000000
0 0.608333 0.646354 0.044444 0.022917
0 0.407407 0.268750 0.029630 0.015625
0 0.332407 0.328646 0.031481 0.017708
0 0.531481 0.682813 0.025926 0.013542
0 0.902778 0.657813 0.025926 0.014583
0 0.729630 0.548438 0.020370 0.012500
0 0.264815 0.668750 0.027778 0.014583
0 0.246296 0.692187 0.029630 0.018750
0 0.837037 0.656250 0.031481 0.020833
0 1.007407 0.459896 0.027778 0.018750
0 0.258333 0.659896 0.037037 0.018750
0 0.259259 0.645312 0.022222 0.012500
0 0.461111 0.553646 0.024074 0.013542
0 0.870370 0.660417 0.040741 0.021875
0 0.208333 0.693750 0.033333 0.018750
0 0.712963 0.288021 0.024074 0.013542
0 0.208333 0.668750 0.037037 0.020833
0 0.021296 0.363542 0.025926 0.012500
0 0.459259 0.500521 0.020370 0.012500
0 0.069444 0.385417 0.020370 0.011458
