0 0.852778 0.477083 0.027778 0.016667
0 0.991667 0.556771 0.016667 0.032292
0 0.902778 0.298958 0.027778 0.013542
0 0.152778 0.323437 0.033333 0.017708
0 0.186111 0.319271 0.042593 0.020833
0 0.227778 0.709896 0.029630 0.017708
0 0.199074 0.305208 0.033333 0.016667
0 0.483333 0.397396 0.022222 0.012500
0 0.233333 0.567187 0.020370 0.011458
0 0.437963 0.492188 0.020370 0.011458
0 0.303704 0.515104 0.022222 0.013542
0 0.292593 0.570312 0.024074 0.010417
0 0.996296 0.409896 0.003704 0.014583
0 0.410185 0.313542 0.022222 0.013542
0 0.288889 0.578646 0.031481 0.014583
0 0.397222 0.306250 0.024074 0.015625
0 0.995370 0.681250 0.007407 0.022917
0 0.995370 0.555208 0.025926 0.012500
0 0.320370 0.513021 0.027778 0.016667
0 0.941667 0.532292 0.022222 0.010417
0 0.357407 0.485938 0.022222 0.012500
0 0.289815 0.579167 0.029630 0.015625
0 0.993519 0.678646 0.011111 0.015625
0 0.319444 0.512500 0.027778 0.017708
0 0.332407 0.507812 0.020370 0.013542
0 0.360185 0.287500 0.024074 0.015625
0 0.362037 0.500000 0.024074 0.015625
0 0.354630 0.314063 0.024074 0.014583
0 0.996296 0.675000 0.005556 0.017708
0 0.400926 0.500000 0.024074 0.014583
0 0.377778 0.317708 0.020370 0.014583
0 0.401852 0.489063 0.025926 0.011458
0 0.384259 0.327604 0.020370 0.014583
0 0.993519 0.764583 0.012963 0.031250
0 0.426852 0.477604 0.024074 0.012500
0 0.441667 0.313021 0.027778 0.014583
0 0.936111 0.289583 0.027778 0.016667
0 0.493519 0.490625 0.025926 0.015625
0 0.473148 0.311458 0.024074 0.014583
0 0.758333 0.676562 0.035185 0.019792
0 0.535185 0.402083 0.029630 0.018750
0 0.510185 0.418229 0.018519 0.010417
0 0.500926 0.433333 0.011111 0.006250
0 0.925926 0.529167 0.025926 0.013542
0 0.540741 0.394271 0.014815 0.009375
0 0.837037 0.698958 0.035185 0.019792
0 0.995370 0.323958 0.020370 0.010417
0 0.801852 0.724479 0.031481 0.018750
0 0.996296 0.565104 0.020370 0.011458
0 0.888889 0.691146 0.033333 0.018750
0 0.997222 0.743750 0.016667 0.026042
0 0.837963 0.724479 0.031481 0.017708
0 0.992593 0.722917 0.012963 0.017708
0 0.878704 0.357292 0.031481 0.017708
0 0.989815 0.690104 0.016667 0.023958
0 0.871296 0.376563 0.027778 0.015625
0 0.993519 0.719271 0.011111 0.020833
0 0.897222 0.392188 0.031481 0.015625
0 0.925926 0.669271 0.033333 0.017708
0 0.994444 0.563021 0.009259 0.025000
0 0.994444 0.638021 0.007407 0.015625
0 0.993519 0.703646 0.012963 0.017708
0 0.994444 0.627604 0.009259 0.020833
0 0.995370 0.330729 0.009259 0.021875
0 0.994444 0.622917 0.009259 0.017708
0 0.995370 0.699479 0.007407 0.012500
0 1.014815 0.460938 0.012963 0.008333
0 0.992593 0.626042 0.012963 0.023958
0 0.993519 0.785937 0.012963 0.019792
0 0.433333 0.314583 0.020370 0.013542
0 0.947222 0.318750 0.033333 0.017708
0 0.080556 0.356250 0.031481 0.016667
0 0.149074 0.710938 0.022222 0.013542
0 0.129630 0.554167 0.029630 0.017708
0 0.957407 0.541667 0.018519 0.012500
0 0.858333 0.700000 0.027778 0.016667
0 0.990741 0.772396 0.018519 0.029167
0 0.990741 0.769271 0.016667 0.017708
0 0.991667 0.760417 0.014815 0.008333
0 0.988889 0.244792 0.018519 0.011458
0 0.993519 0.274479 0.012963 0.016667
0 0.872222 0.505208 0.025926 0.013542
0 0.990741 0.735417 0.018519 0.023958
0 0.991667 0.705208 0.016667 0.017708
0 0.994444 0.539062 0.009259 0.022917
0 0.994444 0.705208 0.024074 0.017708
0 0.992593 0.776563 0.012963 0.016667
