0 0.607407 0.681771 0.022222 0.013542
0 0.985185 0.694792 0.037037 0.015625
0 0.872222 0.657813 0.024074 0.015625
0 0.992593 0.581250 0.012963 0.015625
0 0.995370 0.648438 0.031481 0.014583
0 1.012037 0.480729 0.044444 0.033333
0 0.588889 0.686979 0.029630 0.016667
0 1.008333 0.311458 0.038889 0.023958
0 0.994444 0.501563 0.011111 0.017708
0 0.961111 0.786458 0.018519 0.011458
0 0.995370 0.546354 0.009259 0.020833
0 0.395370 0.672917 0.024074 0.013542
0 0.885185 0.563542 0.018519 0.010417
0 1.008333 0.667188 0.029630 0.016667
0 0.647222 0.694792 0.027778 0.014583
0 0.478704 0.338021 0.033333 0.017708
0 0.543519 0.281771 0.027778 0.014583
0 0.753704 0.659375 0.042593 0.022917
0 0.992593 0.604688 0.014815 0.020833
0 0.478704 0.357812 0.027778 0.016667
0 0.988889 0.501563 0.020370 0.011458
0 0.784259 0.703125 0.037037 0.020833
0 0.498148 0.373958 0.027778 0.015625
0 0.499074 0.644792 0.029630 0.017708
0 0.994444 0.602083 0.009259 0.023958
0 0.912963 0.533854 0.040741 0.021875
0 0.821296 0.691667 0.051852 0.023958
0 0.993519 0.540625 0.011111 0.017708
0 0.993519 0.528125 0.012963 0.022917
0 0.987963 0.444271 0.022222 0.025000
0 0.948148 0.749479 0.033333 0.017708
0 0.993519 0.700521 0.009259 0.014583
0 0.986111 0.779167 0.025926 0.014583
0 0.994444 0.223438 0.009259 0.019792
0 0.995370 0.494792 0.007407 0.021875
0 0.990741 0.728125 0.016667 0.015625
0 0.895370 0.270833 0.029630 0.019792
0 0.503704 0.484896 0.024074 0.013542
0 0.997222 0.542188 0.024074 0.018750
0 0.784259 0.702604 0.038889 0.022917
0 0.886111 0.700000 0.029630 0.016667
0 0.886111 0.447917 0.037037 0.019792
0 0.559259 0.681771 0.025926 0.015625
0 0.737963 0.777083 0.029630 0.020833
0 0.995370 0.376042 0.009259 0.021875
0 0.995370 0.603125 0.009259 0.023958
0 0.993519 0.258333 0.009259 0.016667
0 0.905556 0.666667 0.037037 0.019792
0 0.983333 0.627604 0.027778 0.021875
0 1.005556 0.510938 0.090741 0.043750
0 0.881481 0.727083 0.031481 0.017708
0 0.992593 0.608854 0.012963 0.025000
0 0.993519 0.394792 0.011111 0.020833
0 0.996296 0.442188 0.005556 0.015625
0 0.982407 0.675000 0.035185 0.020833
0 0.910185 0.786458 0.033333 0.017708
0 0.993519 0.600521 0.012963 0.022917
0 0.993519 0.743750 0.012963 0.023958
0 0.996296 0.396354 0.005556 0.013542
0 0.982407 0.675000 0.035185 0.020833
0 0.895370 0.677604 0.031481 0.016667
0 0.476852 0.456250 0.025926 0.015625
0 0.990741 0.538021 0.016667 0.027083
0 0.337037 0.696354 0.029630 0.018750
0 0.867593 0.306250 0.022222 0.012500
0 0.344444 0.670833 0.035185 0.020833
0 0.154630 0.366667 0.024074 0.012500
0 0.575000 0.509896 0.024074 0.013542
0 0.141667 0.402604 0.025926 0.015625
0 0.196296 0.389062 0.020370 0.009375
0 0.136111 0.371875 0.031481 0.018750
0 0.307407 0.651042 0.027778 0.016667
0 0.133333 0.280208 0.025926 0.015625
0 0.107407 0.460417 0.029630 0.015625
0 0.563889 0.272917 0.027778 0.015625
0 0.098148 0.280208 0.025926 0.014583
0 0.081481 0.445833 0.024074 0.012500
0 0.757407 0.789062 0.035185 0.025000
0 0.075000 0.293750 0.022222 0.014583
0 0.058333 0.458854 0.024074 0.012500
0 0.062963 0.283333 0.022222 0.014583
0 0.993519 0.683854 0.012963 0.023958
0 0.374074 0.695312 0.027778 0.017708
0 0.982407 0.675000 0.037037 0.021875
0 1.007407 0.495312 0.029630 0.019792
0 0.395370 0.664062 0.035185 0.018750
0 0.397222 0.648958 0.022222 0.011458
0 0.584259 0.563021 0.024074 0.014583
0 0.048148 0.468229 0.025926 0.014583
0 0.014815 0.250521 0.025926 0.015625
0 0.011111 0.466667 0.022222 0.016667
0 0.040741 0.279167 0.025926 0.014583
0 0.672222 0.634896 0.031481 0.018750
