0 0.211111 0.477083 0.027778 0.013542
0 0.187963 0.309375 0.022222 0.013542
0 0.979630 0.797917 0.040741 0.028125
0 0.221296 0.463021 0.025926 0.013542
0 0.229630 0.295312 0.027778 0.014583
0 0.716667 0.277083 0.029630 0.015625
0 0.266667 0.476562 0.025926 0.016667
0 0.263889 0.294271 0.025926 0.014583
0 0.504630 0.664583 0.031481 0.018750
0 0.298148 0.387500 0.029630 0.018750
0 0.319444 0.403646 0.020370 0.010417
0 0.280556 0.418750 0.016667 0.009375
0 0.720370 0.516146 0.022222 0.012500
0 0.305556 0.380729 0.018519 0.010417
0 0.557407 0.685937 0.035185 0.020833
0 0.998148 0.294792 0.022222 0.011458
0 0.540741 0.711458 0.031481 0.018750
0 0.992593 0.684375 0.014815 0.028125
0 0.759259 0.570312 0.025926 0.013542
0 0.612037 0.663021 0.018519 0.010417
0 0.610185 0.678125 0.033333 0.018750
0 0.997222 0.688542 0.014815 0.023958
0 0.575926 0.709896 0.027778 0.017708
0 0.001852 0.554167 0.003704 0.013542
0 1.076852 0.595313 0.227778 0.128125
0 0.834259 0.702604 0.029630 0.014583
0 0.641667 0.345313 0.031481 0.017708
0 0.685185 0.286458 0.027778 0.015625
0 0.606481 0.685937 0.020370 0.011458
0 0.240741 0.478125 0.022222 0.013542
0 0.080556 0.501042 0.022222 0.013542
0 0.069444 0.556771 0.024074 0.010417
0 0.868519 0.383333 0.033333 0.015625
0 0.212037 0.295833 0.020370 0.012500
0 0.069444 0.565104 0.025926 0.014583
0 0.197222 0.285938 0.027778 0.012500
0 0.958333 0.623958 0.029630 0.018750
0 0.911111 0.538021 0.024074 0.012500
0 0.096296 0.497396 0.027778 0.015625
0 0.737963 0.519271 0.020370 0.011458
0 0.144444 0.471354 0.022222 0.012500
0 0.085185 0.565625 0.022222 0.013542
0 0.974074 0.693750 0.024074 0.014583
0 0.107407 0.501042 0.024074 0.013542
0 0.123148 0.493229 0.024074 0.013542
0 0.145370 0.267188 0.027778 0.014583
0 0.153704 0.485417 0.025926 0.015625
0 0.156481 0.294792 0.025926 0.014583
0 0.869444 0.642708 0.037037 0.019792
0 0.192593 0.485938 0.025926 0.014583
0 0.179630 0.298958 0.024074 0.013542
0 0.995370 0.622917 0.009259 0.020833
0 0.990741 0.775000 0.011111 0.018750
0 0.992593 0.758333 0.014815 0.026042
0 0.991667 0.666146 0.016667 0.026042
0 0.995370 0.639583 0.005556 0.011458
0 0.784259 0.696875 0.033333 0.017708
0 0.992593 0.540625 0.012963 0.027083
0 0.998148 0.680729 0.033333 0.014583
0 1.000000 0.680208 0.022222 0.015625
0 0.995370 0.639583 0.031481 0.014583
0 0.633333 0.465104 0.029630 0.015625
0 0.992593 0.711458 0.012963 0.018750
0 0.994444 0.454167 0.009259 0.021875
0 0.751852 0.692187 0.029630 0.017708
0 0.954630 0.786458 0.033333 0.019792
0 0.994444 0.379688 0.009259 0.023958
0 0.994444 0.258333 0.009259 0.014583
0 0.994444 0.656771 0.011111 0.019792
0 0.993519 0.718750 0.009259 0.018750
0 0.992593 0.414062 0.011111 0.022917
0 0.990741 0.713021 0.012963 0.022917
0 0.993519 0.545312 0.011111 0.018750
0 0.995370 0.640625 0.009259 0.023958
0 0.683333 0.656250 0.029630 0.017708
0 0.662037 0.380729 0.029630 0.014583
0 0.994444 0.706250 0.011111 0.020833
0 0.639815 0.364583 0.029630 0.015625
0 0.986111 0.667708 0.027778 0.020833
0 0.992593 0.536458 0.011111 0.021875
0 0.989815 0.751563 0.016667 0.018750
0 0.990741 0.773438 0.014815 0.008333
0 0.988889 0.232292 0.020370 0.011458
0 0.991667 0.733333 0.014815 0.014583
0 0.999074 0.268229 0.012963 0.018750
0 0.656481 0.492708 0.024074 0.013542
0 0.990741 0.714063 0.016667 0.022917
