0 0.995370 0.651042 0.009259 0.011458
0 0.991667 0.343750 0.012963 0.013542
0 0.994444 0.341146 0.007407 0.014583
0 0.993519 0.656771 0.009259 0.016667
0 0.996296 0.730729 0.007407 0.016667
0 0.990741 0.663542 0.018519 0.010417
0 0.997222 0.673958 0.003704 0.016667
0 0.991667 0.663542 0.014815 0.016667
0 0.997222 0.500521 0.003704 0.017708
0 0.951852 0.385417 0.035185 0.018750
0 0.989815 0.670312 0.020370 0.025000
0 0.822222 0.294792 0.024074 0.014583
0 0.885185 0.476562 0.029630 0.015625
0 0.714815 0.268229 0.024074 0.014583
0 0.996296 0.267188 0.005556 0.016667
0 0.775000 0.297396 0.024074 0.014583
0 0.766667 0.463542 0.020370 0.012500
0 0.686111 0.310937 0.022222 0.013542
0 0.732407 0.475000 0.022222 0.012500
0 0.687037 0.301042 0.020370 0.013542
0 0.742593 0.485938 0.024074 0.013542
0 0.996296 0.670833 0.007407 0.018750
0 0.701852 0.485417 0.020370 0.013542
0 0.666667 0.296875 0.025926 0.014583
0 0.997222 0.477083 0.003704 0.009375
0 0.993519 0.692708 0.012963 0.015625
0 0.995370 0.453646 0.007407 0.020833
0 0.994444 0.668750 0.007407 0.014583
0 0.995370 0.383333 0.005556 0.012500
0 1.005556 0.402083 0.014815 0.021875
0 0.163889 0.667708 0.035185 0.020833
0 0.136111 0.547396 0.027778 0.012500
0 0.188889 0.703646 0.035185 0.020833
0 0.206481 0.627604 0.033333 0.016667
0 0.175000 0.714063 0.027778 0.016667
0 0.537037 0.333333 0.025926 0.015625
0 0.195370 0.281250 0.029630 0.017708
0 0.205556 0.723437 0.031481 0.019792
0 0.326852 0.583333 0.018519 0.009375
0 0.599074 0.298958 0.024074 0.016667
0 0.257407 0.684896 0.029630 0.015625
0 0.996296 0.453125 0.014815 0.011458
0 0.348148 0.496354 0.029630 0.016667
0 0.795370 0.295312 0.024074 0.014583
0 0.349074 0.473438 0.029630 0.016667
0 0.996296 0.631771 0.024074 0.017708
0 0.563889 0.296875 0.024074 0.017708
0 0.583333 0.565625 0.022222 0.013542
0 0.757407 0.173437 0.011111 0.007292
0 0.774074 0.296354 0.024074 0.014583
0 0.647222 0.340625 0.035185 0.018750
0 0.482407 0.698438 0.022222 0.015625
0 0.567593 0.536979 0.025926 0.016667
0 1.000926 0.642708 0.016667 0.015625
0 0.581481 0.301042 0.029630 0.017708
0 0.625000 0.296354 0.031481 0.019792
0 0.691667 0.496875 0.027778 0.015625
0 0.625926 0.282292 0.024074 0.013542
0 0.824074 0.380208 0.018519 0.010417
0 0.564815 0.559896 0.020370 0.011458
0 0.758333 0.478646 0.024074 0.013542
0 0.661111 0.500521 0.029630 0.014583
0 0.720370 0.296875 0.022222 0.014583
0 0.650926 0.565104 0.024074 0.013542
0 0.715741 0.288542 0.022222 0.014583
0 0.691667 0.496875 0.027778 0.015625
0 0.994444 0.522917 0.009259 0.011458
0 0.706481 0.471875 0.022222 0.012500
0 0.650000 0.565104 0.025926 0.013542
0 0.704630 0.695833 0.027778 0.016667
0 0.205556 0.223438 0.033333 0.016667
0 0.200000 0.266146 0.027778 0.017708
0 0.008333 0.440625 0.016667 0.017708
0 0.009259 0.513542 0.018519 0.012500
0 0.019444 0.702604 0.035185 0.017708
0 0.022222 0.145833 0.025926 0.015625
0 0.391667 0.363542 0.033333 0.021875
0 0.028704 0.603125 0.033333 0.016667
0 0.046296 0.710417 0.035185 0.021875
0 0.042593 0.149479 0.024074 0.014583
0 0.038889 0.518229 0.025926 0.014583
0 0.037963 0.482812 0.035185 0.018750
0 0.062963 0.418229 0.051852 0.028125
0 0.059259 0.680729 0.040741 0.022917
0 0.062037 0.516146 0.024074 0.014583
0 0.080556 0.447396 0.051852 0.025000
0 0.102778 0.431250 0.050000 0.027083
0 0.127778 0.577604 0.012963 0.017708
0 0.160185 0.688542 0.029630 0.016667
0 0.144444 0.448958 0.048148 0.025000
