0 0.499074 0.498958 0.024074 0.014583
0 0.938889 0.467708 0.024074 0.011458
0 0.049074 0.508333 0.033333 0.015625
0 0.550000 0.313021 0.025926 0.014583
0 0.049074 0.469271 0.025926 0.010417
0 0.912037 0.651563 0.027778 0.013542
0 0.270370 0.315104 0.022222 0.014583
0 0.373148 0.576562 0.020370 0.012500
0 0.523148 0.194271 0.011111 0.007292
0 0.537963 0.314063 0.020370 0.013542
0 0.990741 0.326042 0.016667 0.015625
0 0.204630 0.352083 0.025926 0.015625
0 0.223148 0.704688 0.031481 0.013542
0 0.242593 0.548958 0.031481 0.017708
0 0.996296 0.549479 0.007407 0.012500
0 0.986111 0.706250 0.027778 0.016667
0 0.282407 0.320312 0.029630 0.017708
0 0.318519 0.316146 0.037037 0.019792
0 0.350926 0.705208 0.029630 0.016667
0 0.329630 0.302083 0.031481 0.016667
0 0.584259 0.398958 0.024074 0.012500
0 0.349074 0.569271 0.025926 0.012500
0 0.534259 0.492708 0.018519 0.011458
0 0.406481 0.513021 0.018519 0.013542
0 0.394444 0.567708 0.025926 0.011458
0 0.996296 0.423438 0.005556 0.014583
0 0.506481 0.313542 0.022222 0.011458
0 0.390741 0.575521 0.029630 0.013542
0 0.497222 0.305208 0.024074 0.014583
0 0.995370 0.709375 0.007407 0.022917
0 0.994444 0.595313 0.024074 0.011458
0 0.425000 0.510417 0.029630 0.017708
0 0.993519 0.532813 0.009259 0.011458
0 0.455556 0.484375 0.020370 0.013542
0 0.390741 0.576562 0.024074 0.014583
0 0.993519 0.690625 0.011111 0.015625
0 0.425926 0.509896 0.025926 0.015625
0 0.437037 0.505208 0.018519 0.012500
0 0.470370 0.286458 0.024074 0.014583
0 0.460185 0.498437 0.025926 0.015625
0 0.453704 0.313021 0.024074 0.013542
0 0.995370 0.692187 0.005556 0.018750
0 0.474074 0.316667 0.020370 0.013542
0 0.496296 0.488542 0.022222 0.010417
0 0.478704 0.327083 0.022222 0.012500
0 0.992593 0.758333 0.014815 0.036458
0 0.525000 0.477083 0.022222 0.011458
0 0.538889 0.313542 0.022222 0.014583
0 0.996296 0.284375 0.003704 0.016667
0 0.603704 0.491667 0.025926 0.015625
0 0.580556 0.312500 0.022222 0.014583
0 0.873148 0.682292 0.033333 0.020833
0 0.654630 0.403646 0.027778 0.017708
0 0.609259 0.418750 0.020370 0.010417
0 1.008333 0.526042 0.007407 0.005208
0 0.961111 0.705729 0.040741 0.019792
0 0.919444 0.730729 0.035185 0.018750
0 0.995370 0.547396 0.020370 0.011458
0 0.993519 0.710417 0.012963 0.019792
0 0.994444 0.553646 0.009259 0.021875
0 0.993519 0.714583 0.009259 0.014583
0 0.962037 0.483854 0.027778 0.016667
0 0.992593 0.776042 0.012963 0.016667
0 0.996296 0.706250 0.005556 0.010417
0 0.999074 0.436458 0.000000 0.000000
0 0.991667 0.609375 0.014815 0.027083
0 0.994444 0.605729 0.009259 0.019792
0 1.033333 0.693750 0.025926 0.015625
0 0.954630 0.730208 0.029630 0.018750
0 0.992593 0.710938 0.014815 0.019792
0 0.994444 0.364583 0.011111 0.015625
0 0.992593 0.308854 0.012963 0.015625
0 0.992593 0.697396 0.012963 0.016667
0 0.988889 0.383854 0.020370 0.014583
0 0.993519 0.740104 0.009259 0.020833
0 0.995370 0.404167 0.009259 0.016667
0 0.993519 0.673958 0.012963 0.016667
0 0.994444 0.590104 0.011111 0.025000
0 0.989815 0.806250 0.018519 0.030208
0 0.990741 0.253125 0.018519 0.010417
0 0.993519 0.275000 0.011111 0.016667
0 0.976852 0.511979 0.025926 0.013542
0 0.989815 0.748958 0.016667 0.022917
0 0.996296 0.711979 0.005556 0.014583
