0 0.998148 0.528646 0.024074 0.017708
0 0.915741 0.708854 0.040741 0.022917
0 1.000926 0.703646 0.012963 0.016667
0 0.987963 0.447917 0.022222 0.020833
0 0.656481 0.692187 0.027778 0.017708
0 0.994444 0.379688 0.009259 0.022917
0 0.994444 0.261458 0.009259 0.015625
0 0.993519 0.668229 0.011111 0.020833
0 1.013889 0.511979 0.101852 0.050000
0 0.992593 0.729167 0.014815 0.019792
0 0.993519 0.545833 0.012963 0.023958
0 0.993519 0.417187 0.012963 0.022917
0 0.995370 0.659375 0.009259 0.019792
0 0.993519 0.780208 0.009259 0.016667
0 0.992593 0.749479 0.012963 0.025000
0 0.992593 0.675521 0.012963 0.022917
0 0.995370 0.657813 0.005556 0.010417
0 0.687037 0.696875 0.033333 0.017708
0 0.996296 0.790104 0.029630 0.017708
0 0.993519 0.542188 0.012963 0.023958
0 1.000000 0.679688 0.033333 0.014583
0 1.000000 0.661458 0.022222 0.015625
0 0.996296 0.655729 0.031481 0.014583
0 0.544444 0.465625 0.027778 0.015625
0 0.991667 0.522917 0.018519 0.027083
0 0.851852 0.784896 0.031481 0.018750
0 0.507407 0.663021 0.020370 0.011458
0 0.505556 0.678125 0.035185 0.019792
0 0.997222 0.663021 0.014815 0.023958
0 0.475926 0.710417 0.029630 0.017708
0 0.502778 0.686458 0.022222 0.011458
0 1.005556 0.564583 0.016667 0.010417
0 1.027778 0.643229 0.085185 0.047917
0 0.740741 0.702604 0.029630 0.014583
0 0.548148 0.346875 0.029630 0.017708
0 0.600926 0.289583 0.025926 0.015625
0 0.880556 0.665625 0.048148 0.021875
0 0.550000 0.367708 0.029630 0.017708
0 0.915741 0.707812 0.040741 0.022917
0 0.568519 0.382292 0.027778 0.015625
0 0.589815 0.656250 0.029630 0.016667
0 0.994444 0.625000 0.009259 0.025000
0 0.992593 0.532292 0.011111 0.020833
0 0.952778 0.696875 0.051852 0.022917
0 0.992593 0.532813 0.011111 0.022917
0 0.989815 0.753125 0.018519 0.018750
0 0.994444 0.677604 0.007407 0.013542
0 0.990741 0.767708 0.014815 0.008333
0 0.994444 0.229687 0.009259 0.018750
0 0.995370 0.497917 0.007407 0.021875
0 0.991667 0.737500 0.016667 0.014583
0 0.915741 0.275000 0.035185 0.017708
0 0.570370 0.493750 0.024074 0.013542
0 0.638889 0.517708 0.024074 0.013542
0 0.213889 0.381250 0.020370 0.011458
0 0.453704 0.685937 0.037037 0.021875
0 0.440741 0.711979 0.031481 0.018750
0 0.992593 0.683333 0.014815 0.027083
0 0.667593 0.570833 0.025926 0.013542
0 0.886111 0.292187 0.024074 0.012500
0 0.009259 0.498958 0.018519 0.015625
0 0.656481 0.520833 0.022222 0.012500
0 0.054630 0.472917 0.022222 0.011458
0 0.004630 0.569271 0.009259 0.013542
0 0.879630 0.694271 0.025926 0.013542
0 0.018519 0.503646 0.024074 0.014583
0 0.033333 0.495312 0.027778 0.014583
0 0.057407 0.268750 0.027778 0.014583
0 0.065741 0.487500 0.025926 0.015625
0 0.075926 0.296875 0.024074 0.015625
0 0.772222 0.642188 0.037037 0.019792
0 0.104630 0.487500 0.025926 0.014583
0 0.099074 0.301042 0.024074 0.013542
0 0.118519 0.478125 0.027778 0.012500
0 0.109259 0.310937 0.024074 0.013542
0 0.878704 0.796875 0.042593 0.026042
0 0.144444 0.465625 0.024074 0.010417
0 0.142593 0.297396 0.033333 0.015625
0 0.625000 0.280729 0.025926 0.014583
0 0.172222 0.478125 0.035185 0.015625
0 0.178704 0.296354 0.025926 0.014583
0 0.404630 0.665625 0.029630 0.017708
0 0.203704 0.388021 0.033333 0.018750
0 0.239815 0.406250 0.022222 0.010417
0 0.190741 0.419792 0.020370 0.012500
