0 0.651852 0.478125 0.022222 0.012500
0 0.994444 0.525000 0.009259 0.011458
0 0.631481 0.503646 0.027778 0.016667
0 0.670370 0.294792 0.025926 0.014583
0 0.590741 0.571875 0.025926 0.014583
0 0.677778 0.303125 0.022222 0.013542
0 0.604630 0.506771 0.027778 0.014583
0 0.705556 0.485417 0.024074 0.013542
0 0.513889 0.565625 0.024074 0.012500
0 0.767593 0.389062 0.018519 0.011458
0 0.561111 0.288542 0.022222 0.015625
0 0.623148 0.704688 0.027778 0.017708
0 0.558333 0.302604 0.031481 0.020833
0 1.000926 0.658333 0.018519 0.015625
0 0.996296 0.565625 0.007407 0.013542
0 0.487037 0.544271 0.027778 0.017708
0 0.419444 0.705729 0.025926 0.016667
0 0.539815 0.346875 0.031481 0.016667
0 0.993519 0.316146 0.011111 0.009375
0 0.727778 0.302604 0.024074 0.015625
0 0.712963 0.179688 0.011111 0.007292
0 0.532407 0.572396 0.022222 0.012500
0 0.498148 0.303125 0.029630 0.018750
0 0.996296 0.642708 0.024074 0.017708
0 0.281481 0.477604 0.029630 0.016667
0 0.747222 0.301563 0.024074 0.014583
0 0.276852 0.501042 0.031481 0.016667
0 0.991667 0.459896 0.016667 0.011458
0 0.187037 0.690625 0.035185 0.016667
0 0.533333 0.305208 0.024074 0.018750
0 0.241667 0.589583 0.020370 0.010417
0 0.139815 0.728125 0.035185 0.019792
0 0.135185 0.283333 0.031481 0.018750
0 0.446296 0.339062 0.024074 0.015625
0 0.100000 0.720313 0.029630 0.015625
0 0.123148 0.633333 0.035185 0.017708
0 0.514815 0.307292 0.029630 0.018750
0 0.633333 0.504167 0.027778 0.016667
0 0.664815 0.273958 0.027778 0.014583
0 0.649074 0.492708 0.024074 0.014583
0 0.624074 0.301563 0.024074 0.016667
0 0.996296 0.675521 0.007407 0.017708
0 0.688889 0.493229 0.024074 0.014583
0 0.645370 0.306771 0.022222 0.012500
0 0.678704 0.481771 0.022222 0.012500
0 0.644444 0.317188 0.022222 0.013542
0 0.713889 0.470313 0.022222 0.011458
0 0.592593 0.571875 0.025926 0.014583
0 0.012037 0.517708 0.024074 0.013542
0 0.011111 0.452083 0.022222 0.023958
0 0.020370 0.434375 0.040741 0.029167
0 0.059259 0.580729 0.012963 0.017708
0 0.074074 0.694271 0.031481 0.017708
0 0.061111 0.452083 0.048148 0.026042
0 0.076852 0.673438 0.035185 0.020833
0 0.062963 0.551042 0.027778 0.013542
0 0.100926 0.709896 0.035185 0.021875
0 0.992593 0.347396 0.011111 0.013542
0 0.727778 0.303125 0.024074 0.015625
0 0.997222 0.267708 0.005556 0.015625
0 0.825000 0.484896 0.029630 0.015625
0 0.773148 0.301042 0.024074 0.014583
0 0.989815 0.677604 0.018519 0.022917
0 0.889815 0.394271 0.033333 0.019792
0 0.830556 0.421354 0.020370 0.011458
0 0.997222 0.504167 0.003704 0.017708
0 0.991667 0.672396 0.016667 0.016667
0 0.997222 0.692708 0.003704 0.016667
0 0.989815 0.667188 0.018519 0.011458
0 0.996296 0.734896 0.007407 0.016667
0 0.993519 0.674479 0.011111 0.018750
0 0.995370 0.346875 0.009259 0.014583
0 0.994444 0.660417 0.009259 0.012500
0 1.002778 0.384375 0.009259 0.014583
0 0.995370 0.389583 0.005556 0.012500
0 0.994444 0.678125 0.009259 0.016667
0 0.996296 0.461979 0.007407 0.020833
0 0.996296 0.694792 0.005556 0.013542
0 0.994444 0.703125 0.007407 0.013542
0 0.992593 0.702604 0.012963 0.016667
0 0.997222 0.481771 0.005556 0.009375
