0 0.995370 0.329167 0.018519 0.010417
0 0.422222 0.312500 0.025926 0.014583
0 0.995370 0.686979 0.007407 0.022917
0 0.994444 0.573438 0.024074 0.011458
0 0.354630 0.519271 0.027778 0.016667
0 0.967593 0.533854 0.020370 0.013542
0 0.388889 0.492188 0.020370 0.012500
0 0.325926 0.585938 0.024074 0.013542
0 0.993519 0.685417 0.011111 0.015625
0 0.354630 0.518750 0.029630 0.016667
0 0.367593 0.514062 0.020370 0.013542
0 0.387963 0.294792 0.025926 0.015625
0 0.393519 0.505729 0.024074 0.014583
0 0.380556 0.320833 0.024074 0.015625
0 0.996296 0.685417 0.005556 0.017708
0 0.433333 0.505729 0.024074 0.014583
0 0.400926 0.324479 0.020370 0.013542
0 0.432407 0.495312 0.024074 0.011458
0 0.405556 0.334896 0.022222 0.014583
0 0.992593 0.766667 0.014815 0.033333
0 0.458333 0.483333 0.022222 0.012500
0 0.471296 0.319271 0.024074 0.013542
0 0.966667 0.293229 0.031481 0.016667
0 0.530556 0.495312 0.025926 0.015625
0 0.500926 0.317708 0.022222 0.014583
0 0.803704 0.679688 0.033333 0.021875
0 0.571296 0.407292 0.029630 0.017708
0 0.538889 0.423438 0.020370 0.011458
0 0.537037 0.439063 0.011111 0.006250
0 0.955556 0.531250 0.024074 0.013542
0 0.576852 0.399479 0.014815 0.008333
0 0.887037 0.701562 0.037037 0.018750
0 0.850000 0.727083 0.031481 0.018750
0 0.995370 0.554688 0.020370 0.011458
0 0.939815 0.692708 0.033333 0.018750
0 0.997222 0.751563 0.016667 0.027083
0 0.886111 0.725521 0.031481 0.016667
0 0.992593 0.713542 0.014815 0.019792
0 0.912963 0.360938 0.031481 0.016667
0 0.930556 0.302604 0.027778 0.013542
0 0.990741 0.698958 0.018519 0.023958
0 0.904630 0.380208 0.027778 0.014583
0 0.993519 0.725000 0.009259 0.020833
0 0.932407 0.395833 0.029630 0.015625
0 0.968519 0.670312 0.033333 0.017708
0 0.994444 0.580729 0.011111 0.026042
0 0.989815 0.785417 0.018519 0.030208
0 0.990741 0.773958 0.016667 0.017708
0 0.989815 0.250000 0.018519 0.010417
0 0.992593 0.280729 0.011111 0.017708
0 0.904630 0.507292 0.024074 0.013542
0 0.990741 0.736979 0.018519 0.023958
0 0.996296 0.718750 0.007407 0.015625
0 0.994444 0.532813 0.009259 0.022917
0 0.994444 0.708333 0.009259 0.015625
0 0.993519 0.779167 0.012963 0.016667
0 0.994444 0.617188 0.009259 0.016667
0 0.995370 0.702083 0.005556 0.012500
0 1.000000 0.439063 0.001852 0.001042
0 0.992593 0.618750 0.014815 0.026042
0 0.993519 0.784375 0.012963 0.020833
0 0.994444 0.620833 0.009259 0.020833
0 0.993519 0.647396 0.009259 0.017708
0 0.992593 0.705729 0.012963 0.018750
0 0.991667 0.574479 0.016667 0.033333
0 0.886111 0.479687 0.027778 0.015625
0 0.336111 0.521875 0.018519 0.013542
0 0.328704 0.577083 0.024074 0.010417
0 0.178704 0.328125 0.020370 0.014583
0 0.307407 0.586458 0.018519 0.011458
0 0.325000 0.584896 0.029630 0.013542
0 0.436111 0.201563 0.011111 0.006250
0 0.460185 0.320833 0.020370 0.013542
0 0.434259 0.320833 0.022222 0.011458
0 0.975000 0.321875 0.035185 0.016667
0 0.997222 0.414062 0.005556 0.014583
0 0.115741 0.365625 0.031481 0.016667
0 0.203704 0.719271 0.024074 0.013542
0 0.169444 0.562500 0.027778 0.017708
0 0.987963 0.543750 0.022222 0.012500
0 0.909259 0.701562 0.027778 0.016667
0 0.190741 0.332813 0.031481 0.017708
0 0.224074 0.327604 0.040741 0.019792
0 0.278704 0.717187 0.029630 0.016667
0 0.237037 0.313542 0.033333 0.015625
0 0.512037 0.403646 0.024074 0.012500
0 0.288889 0.579688 0.022222 0.013542
0 0.468519 0.497917 0.020370 0.011458
