0 0.994444 0.628646 0.009259 0.020833
0 0.994444 0.638021 0.009259 0.015625
0 0.856481 0.477083 0.027778 0.016667
0 0.991667 0.558854 0.016667 0.032292
0 0.993519 0.785417 0.012963 0.019792
0 0.993519 0.702083 0.012963 0.017708
0 0.900926 0.393229 0.033333 0.015625
0 0.930556 0.670312 0.031481 0.017708
0 0.994444 0.563542 0.011111 0.025000
0 0.989815 0.772917 0.016667 0.028125
0 0.990741 0.769792 0.016667 0.017708
0 0.991667 0.760417 0.014815 0.008333
0 0.988889 0.245312 0.018519 0.010417
0 0.992593 0.272396 0.011111 0.016667
0 0.512963 0.418750 0.020370 0.010417
0 0.435185 0.315104 0.020370 0.013542
0 0.950926 0.318750 0.033333 0.016667
0 0.082407 0.357292 0.031481 0.016667
0 0.152778 0.711979 0.024074 0.013542
0 0.132407 0.555208 0.027778 0.016667
0 0.962037 0.542188 0.018519 0.012500
0 0.864815 0.700521 0.027778 0.016667
0 0.154630 0.324479 0.031481 0.017708
0 0.188889 0.320312 0.040741 0.019792
0 0.231481 0.710938 0.029630 0.017708
0 0.201852 0.305729 0.033333 0.015625
0 0.483333 0.398438 0.018519 0.012500
0 0.236111 0.568750 0.020370 0.012500
0 0.440741 0.493229 0.020370 0.012500
0 0.304630 0.516146 0.020370 0.013542
0 0.295370 0.571354 0.024074 0.010417
0 0.996296 0.410938 0.003704 0.014583
0 0.412963 0.314583 0.022222 0.012500
0 0.291667 0.579688 0.031481 0.014583
0 0.400000 0.306771 0.024074 0.014583
0 0.995370 0.678646 0.007407 0.022917
0 0.994444 0.557292 0.024074 0.011458
0 0.323148 0.514062 0.025926 0.017708
0 0.945370 0.532813 0.022222 0.010417
0 0.359259 0.486979 0.022222 0.013542
0 0.292593 0.580208 0.025926 0.014583
0 0.993519 0.678646 0.011111 0.015625
0 0.322222 0.513542 0.027778 0.017708
0 0.334259 0.508333 0.020370 0.013542
0 0.362037 0.288021 0.024074 0.015625
0 0.363889 0.501042 0.024074 0.015625
0 0.358333 0.314583 0.024074 0.014583
0 0.995370 0.676562 0.005556 0.017708
0 0.403704 0.500521 0.024074 0.013542
0 0.378704 0.318750 0.020370 0.013542
0 0.404630 0.490104 0.025926 0.011458
0 0.386111 0.328646 0.022222 0.013542
0 0.992593 0.764583 0.012963 0.032292
0 0.429630 0.478125 0.024074 0.012500
0 0.444444 0.313542 0.025926 0.014583
0 0.939815 0.290104 0.027778 0.016667
0 0.497222 0.491667 0.027778 0.015625
0 0.475000 0.312500 0.024074 0.014583
0 0.762963 0.677604 0.033333 0.020833
0 0.537963 0.402604 0.029630 0.017708
0 0.504630 0.433854 0.011111 0.006250
0 0.929630 0.529687 0.025926 0.013542
0 0.543519 0.394792 0.014815 0.008333
0 0.842593 0.700000 0.035185 0.020833
0 0.996296 0.324479 0.020370 0.010417
0 0.806481 0.725000 0.031481 0.018750
0 0.994444 0.564583 0.020370 0.011458
0 0.894444 0.692187 0.033333 0.017708
0 0.997222 0.745313 0.016667 0.026042
0 0.842593 0.725000 0.029630 0.017708
0 0.992593 0.721354 0.012963 0.018750
0 0.882407 0.357812 0.031481 0.016667
0 0.906481 0.299479 0.027778 0.014583
0 0.990741 0.692708 0.018519 0.022917
0 0.875926 0.377083 0.029630 0.014583
0 0.993519 0.718750 0.009259 0.020833
0 0.875926 0.505208 0.025926 0.013542
0 0.990741 0.735417 0.016667 0.023958
0 0.996296 0.705729 0.016667 0.017708
0 0.994444 0.540104 0.009259 0.022917
0 0.994444 0.705208 0.011111 0.016667
0 0.993519 0.776563 0.012963 0.016667
0 0.995370 0.330208 0.009259 0.021875
0 0.994444 0.622396 0.009259 0.017708
0 0.995370 0.701042 0.007407 0.012500
0 1.006481 0.455208 0.012963 0.009375
0 0.992593 0.626563 0.012963 0.023958
