0 0.345370 0.559375 0.024074 0.013542
0 0.053704 0.676562 0.037037 0.019792
0 0.630556 0.294271 0.025926 0.011458
0 0.064815 0.701042 0.033333 0.018750
0 0.717593 0.673958 0.031481 0.019792
0 0.106481 0.667708 0.037037 0.019792
0 0.993519 0.443750 0.029630 0.019792
0 0.692593 0.670312 0.033333 0.020833
0 0.104630 0.700000 0.031481 0.018750
0 0.126852 0.675000 0.031481 0.018750
0 0.603704 0.558854 0.022222 0.013542
0 0.778704 0.670312 0.037037 0.019792
0 0.412037 0.692708 0.027778 0.014583
0 0.215741 0.330208 0.037037 0.017708
0 0.286111 0.261458 0.018519 0.020833
0 0.450000 0.658333 0.038889 0.021875
0 -0.075926 0.337500 0.000000 0.000000
0 0.991667 0.596354 0.012963 0.019792
0 0.224074 0.351042 0.029630 0.015625
0 0.953704 0.494792 0.022222 0.012500
0 0.482407 0.703125 0.035185 0.020833
0 0.240741 0.367188 0.029630 0.015625
0 0.252778 0.645312 0.029630 0.017708
0 0.825000 0.586458 0.048148 0.027083
0 0.984259 0.282292 0.031481 0.015625
0 0.614815 0.527604 0.040741 0.021875
0 0.515741 0.690104 0.042593 0.022917
0 0.992593 0.551042 0.012963 0.018750
0 0.912037 0.496875 0.048148 0.025000
0 0.987963 0.398438 0.020370 0.022917
0 0.680556 0.745313 0.029630 0.017708
0 0.955556 0.731250 0.033333 0.019792
0 1.000926 0.380208 0.031481 0.021875
0 0.727778 0.773958 0.024074 0.016667
0 0.863889 0.226042 0.042593 0.023958
0 0.996296 0.553646 0.007407 0.020833
0 0.922222 0.734896 0.035185 0.017708
0 0.624074 0.260937 0.029630 0.018750
0 0.277778 0.480208 0.025926 0.014583
0 0.934259 0.528125 0.031481 0.017708
0 0.983333 0.288542 0.018519 0.013542
0 0.385185 0.268750 0.031481 0.018750
0 0.484259 0.703125 0.037037 0.021875
0 0.605556 0.696875 0.029630 0.017708
0 0.575926 0.441146 0.037037 0.020833
0 0.314815 0.682292 0.025926 0.015625
0 0.503704 0.790625 0.040741 0.020833
0 0.662963 0.366146 0.042593 0.025000
0 0.410185 0.292187 0.025926 0.013542
0 0.987037 0.339583 0.029630 0.017708
0 0.995370 0.601562 0.007407 0.021875
0 0.980556 0.273958 0.037037 0.023958
0 0.602778 0.663542 0.035185 0.020833
0 0.111111 0.652604 0.025926 0.014583
0 0.951852 0.583333 0.025926 0.016667
0 0.994444 0.553646 0.016667 0.023958
0 0.239815 0.453125 0.027778 0.014583
0 0.917593 0.540104 0.022222 0.012500
0 0.786111 0.643229 0.035185 0.016667
0 0.970370 0.294792 0.022222 0.014583
0 0.260185 0.310417 0.018519 0.009375
0 0.596296 0.545312 0.027778 0.015625
0 0.990741 0.554167 0.033333 0.019792
0 1.003704 0.647396 0.027778 0.015625
0 0.990741 0.585938 0.016667 0.019792
0 0.564815 0.655729 0.025926 0.017708
0 0.962963 0.713542 0.025926 0.014583
0 0.360185 0.681250 0.020370 0.012500
0 0.858333 0.558333 0.042593 0.021875
0 0.699074 0.782292 0.025926 0.013542
0 0.993519 0.528125 0.011111 0.019792
0 0.975926 0.291146 0.024074 0.015625
0 0.342593 0.687500 0.029630 0.016667
0 0.932407 0.558333 0.025926 0.019792
0 0.599074 0.673958 0.033333 0.015625
0 0.691667 0.669792 0.031481 0.021875
0 0.989815 0.260417 0.027778 0.015625
0 0.995370 0.426563 0.005556 0.016667
0 0.879630 0.734896 0.044444 0.021875
0 0.993519 0.588021 0.011111 0.020833
0 0.645370 0.783854 0.031481 0.018750
0 0.719444 0.676042 0.040741 0.022917
0 0.996296 0.497917 0.007407 0.020833
0 0.690741 0.389583 0.042593 0.022917
0 0.985185 0.702083 0.027778 0.025000
0 0.608333 0.723437 0.031481 0.018750
0 1.002778 0.506250 0.046296 0.022917
0 0.987037 0.593750 0.025926 0.020833
