0 0.420370 0.317188 0.027778 0.017708
0 0.312963 0.352083 0.025926 0.016667
0 0.025000 0.296354 0.033333 0.016667
0 0.035185 0.741146 0.038889 0.019792
0 0.116667 0.602604 0.022222 0.010417
0 0.625000 0.313542 0.022222 0.014583
0 0.996296 0.478646 0.003704 0.011458
0 0.991667 0.711458 0.012963 0.017708
0 0.991667 0.585938 0.016667 0.028125
0 0.999074 0.435937 0.000000 0.000000
0 0.994444 0.711458 0.009259 0.013542
0 0.996296 0.713542 0.005556 0.013542
0 0.996296 0.481250 0.007407 0.020833
0 0.993519 0.592187 0.011111 0.028125
0 0.993519 0.681250 0.009259 0.017708
0 0.995370 0.397396 0.007407 0.013542
0 0.946296 0.386458 0.009259 0.013542
0 0.993519 0.664583 0.009259 0.013542
0 0.993519 0.336458 0.012963 0.013542
0 0.994444 0.355729 0.009259 0.014583
0 0.992593 0.694792 0.011111 0.019792
0 0.995370 0.739062 0.005556 0.016667
0 0.988889 0.663021 0.020370 0.012500
0 0.997222 0.705729 0.003704 0.016667
0 0.991667 0.690104 0.016667 0.016667
0 0.997222 0.502604 0.003704 0.017708
0 0.719444 0.430729 0.020370 0.010417
0 0.774074 0.404167 0.029630 0.019792
0 0.990741 0.682813 0.018519 0.020833
0 0.669444 0.312500 0.024074 0.014583
0 0.716667 0.493750 0.027778 0.014583
0 0.997222 0.268229 0.005556 0.016667
0 0.615741 0.479687 0.022222 0.011458
0 0.550000 0.327604 0.020370 0.013542
0 0.587963 0.491146 0.025926 0.012500
0 0.549074 0.317188 0.020370 0.013542
0 0.590741 0.502083 0.024074 0.014583
0 0.995370 0.682813 0.005556 0.017708
0 0.528704 0.313542 0.025926 0.014583
0 0.550926 0.502083 0.024074 0.014583
0 0.560185 0.286458 0.024074 0.015625
0 0.537963 0.509896 0.016667 0.011458
0 0.529630 0.513542 0.025926 0.016667
0 0.491667 0.581250 0.025926 0.014583
0 0.550926 0.487500 0.024074 0.012500
0 0.994444 0.534375 0.009259 0.011458
0 0.529630 0.513542 0.025926 0.016667
0 0.574074 0.305729 0.024074 0.014583
0 0.490741 0.581250 0.025926 0.014583
0 0.581481 0.313542 0.022222 0.013542
0 0.996296 0.452083 0.005556 0.016667
0 0.506481 0.517188 0.024074 0.013542
0 0.607407 0.495312 0.022222 0.013542
0 0.434259 0.571354 0.029630 0.014583
0 0.667593 0.399479 0.022222 0.012500
0 0.447222 0.300521 0.027778 0.016667
0 0.501852 0.714063 0.031481 0.016667
0 0.441667 0.315104 0.031481 0.018750
0 0.400926 0.319792 0.031481 0.017708
0 1.001852 0.673958 0.018519 0.016667
0 0.996296 0.561979 0.007407 0.012500
0 0.368519 0.556250 0.027778 0.017708
0 0.318519 0.716146 0.029630 0.015625
0 0.389815 0.357292 0.027778 0.014583
0 0.992593 0.321354 0.011111 0.011458
0 0.625000 0.314583 0.022222 0.014583
0 0.608333 0.193229 0.011111 0.007292
0 0.444444 0.581771 0.024074 0.014583
0 0.385185 0.315104 0.025926 0.018750
0 0.995370 0.653125 0.024074 0.017708
0 0.168519 0.490104 0.031481 0.015625
0 0.641667 0.313021 0.024074 0.014583
0 0.164815 0.513542 0.033333 0.017708
0 0.990741 0.458854 0.018519 0.012500
0 0.083333 0.704167 0.038889 0.021875
