0 0.651852 0.271875 0.031481 0.018750
0 0.442593 0.763021 0.027778 0.017708
0 0.822222 0.384375 0.031481 0.019792
0 0.625926 0.718750 0.035185 0.021875
0 0.386111 0.734896 0.031481 0.016667
0 0.485185 0.575000 0.048148 0.026042
0 0.788889 0.379167 0.042593 0.022917
0 0.823148 0.529687 0.037037 0.019792
0 0.178704 0.680208 0.042593 0.026042
0 0.292593 0.518229 0.042593 0.022917
0 0.525000 0.483854 0.044444 0.025000
0 0.011111 0.639062 0.022222 0.017708
0 0.003704 0.363021 0.007407 0.014583
0 0.509259 0.216667 0.040741 0.023958
0 0.787963 0.538021 0.037037 0.019792
0 0.801852 0.352604 0.027778 0.013542
0 0.013889 0.448958 0.024074 0.013542
0 0.607407 0.551562 0.027778 0.017708
0 0.635185 0.530208 0.031481 0.019792
0 0.441667 0.632812 0.031481 0.017708
0 0.697222 0.289062 0.025926 0.015625
0 0.082407 0.270313 0.025926 0.012500
0 0.410185 0.447917 0.033333 0.019792
0 0.314815 0.544271 0.022222 0.012500
0 0.252778 0.366667 0.024074 0.009375
0 0.451852 0.215625 0.024074 0.012500
0 0.808333 0.560937 0.029630 0.016667
0 0.712963 0.637500 0.022222 0.014583
0 0.820370 0.572396 0.029630 0.016667
0 0.228704 0.643750 0.029630 0.016667
0 0.666667 0.704167 0.029630 0.013542
0 0.114815 0.649479 0.038889 0.018750
0 0.225926 0.365104 0.025926 0.011458
0 0.850000 0.542708 0.031481 0.017708
0 0.493519 0.546354 0.040741 0.022917
0 0.413889 0.769792 0.029630 0.016667
0 0.767593 0.520833 0.037037 0.020833
0 0.710185 0.282292 0.031481 0.017708
0 0.646296 0.575000 0.027778 0.015625
0 0.088889 0.679688 0.031481 0.015625
0 0.644444 0.551562 0.029630 0.017708
0 0.273148 0.664062 0.035185 0.014583
0 0.372222 0.661979 0.035185 0.018750
0 0.633333 0.248958 0.037037 0.016667
0 0.764815 0.432812 0.044444 0.025000
0 0.537963 0.722917 0.042593 0.020833
0 0.850000 0.563542 0.031481 0.018750
0 0.353704 0.772917 0.029630 0.017708
0 0.393519 0.666146 0.037037 0.021875
0 0.692593 0.503125 0.037037 0.021875
0 0.310185 0.379167 0.040741 0.020833
0 0.669444 0.691146 0.042593 0.025000
0 0.311111 0.713021 0.031481 0.017708
0 0.848148 0.512500 0.035185 0.019792
0 0.828704 0.576562 0.035185 0.018750
0 0.270370 0.652604 0.037037 0.019792
0 0.626852 0.262500 0.040741 0.026042
0 0.786111 0.579167 0.035185 0.019792
0 0.831481 0.340104 0.025926 0.014583
0 0.106481 0.289062 0.031481 0.016667
0 0.274074 0.355729 0.037037 0.022917
0 0.222222 0.778646 0.042593 0.026042
0 0.064815 0.675521 0.027778 0.013542
0 0.696296 0.488021 0.024074 0.011458
0 0.238889 0.432812 0.038889 0.022917
0 0.300000 0.686458 0.031481 0.016667
0 0.148148 0.691667 0.035185 0.020833
0 0.075926 0.258854 0.025926 0.015625
0 0.720370 0.275000 0.020370 0.014583
0 0.662037 0.520833 0.035185 0.017708
0 0.612963 0.282292 0.022222 0.013542
0 0.061111 0.475521 0.025926 0.013542
0 0.391667 0.256250 0.031481 0.019792
0 0.592593 0.722917 0.033333 0.020833
0 0.676852 0.543229 0.046296 0.025000
