0 0.265741 0.513021 0.040741 0.022917
0 0.150000 0.674479 0.046296 0.025000
0 0.799074 0.525521 0.035185 0.018750
0 0.492593 0.479167 0.042593 0.025000
0 0.762037 0.373958 0.044444 0.022917
0 0.361111 0.730208 0.029630 0.016667
0 0.598148 0.715625 0.035185 0.020833
0 0.801852 0.379167 0.035185 0.018750
0 0.418519 0.758333 0.025926 0.016667
0 0.484259 0.209375 0.038889 0.023958
0 0.650000 0.538542 0.044444 0.023958
0 0.563889 0.718750 0.035185 0.020833
0 0.379630 0.248958 0.031481 0.019792
0 0.045370 0.469792 0.025926 0.014583
0 0.587963 0.276562 0.022222 0.013542
0 0.637037 0.516667 0.035185 0.016667
0 0.707407 0.269271 0.022222 0.013542
0 0.061111 0.252083 0.025926 0.015625
0 0.122222 0.686979 0.033333 0.019792
0 0.273148 0.681250 0.029630 0.016667
0 0.212963 0.426042 0.038889 0.020833
0 0.677778 0.483333 0.027778 0.016667
0 0.043519 0.669271 0.024074 0.014583
0 0.199074 0.773438 0.042593 0.025000
0 0.240741 0.349479 0.038889 0.023958
0 0.091667 0.282292 0.035185 0.017708
0 0.819444 0.334896 0.025926 0.015625
0 0.763889 0.575000 0.033333 0.018750
0 0.602778 0.256250 0.040741 0.027083
0 0.240741 0.647396 0.037037 0.018750
0 0.806481 0.573438 0.037037 0.019792
0 0.823148 0.508854 0.033333 0.019792
0 0.286111 0.708854 0.031481 0.018750
0 0.641667 0.687500 0.042593 0.025000
0 0.278704 0.372917 0.042593 0.021875
0 0.665741 0.498958 0.037037 0.021875
0 0.366667 0.661458 0.037037 0.020833
0 0.329630 0.768229 0.031481 0.017708
0 0.829630 0.559375 0.033333 0.019792
0 0.507407 0.718750 0.040741 0.019792
0 0.736111 0.428646 0.044444 0.026042
0 0.611111 0.243229 0.033333 0.019792
0 0.341667 0.657292 0.035185 0.018750
0 0.244444 0.658854 0.035185 0.013542
0 0.625000 0.547917 0.029630 0.018750
0 0.069444 0.673438 0.031481 0.016667
0 0.627778 0.571354 0.027778 0.016667
0 0.696296 0.277083 0.031481 0.017708
0 0.741667 0.516667 0.037037 0.021875
0 0.390741 0.765625 0.027778 0.016667
0 0.463889 0.542188 0.042593 0.022917
0 0.826852 0.539062 0.031481 0.018750
0 0.205556 0.359375 0.025926 0.012500
0 0.084259 0.644271 0.040741 0.017708
0 0.278704 0.669271 0.031481 0.015625
0 0.646296 0.700000 0.029630 0.015625
0 0.199074 0.637500 0.029630 0.018750
0 0.795370 0.569271 0.025926 0.012500
0 0.694444 0.633854 0.025926 0.015625
0 0.785185 0.557292 0.027778 0.015625
0 0.441667 0.208333 0.024074 0.013542
0 0.235185 0.360938 0.025926 0.010417
0 0.300000 0.539062 0.020370 0.013542
0 0.386111 0.442708 0.031481 0.018750
0 0.066667 0.263542 0.025926 0.013542
0 0.684259 0.284375 0.024074 0.014583
0 0.410185 0.627604 0.031481 0.017708
0 0.615741 0.525521 0.031481 0.019792
0 0.588889 0.547396 0.027778 0.017708
0 0.004630 0.443229 0.009259 0.013542
0 0.784259 0.346875 0.027778 0.014583
0 0.762963 0.533854 0.035185 0.020833
0 0.458333 0.570833 0.048148 0.027083
0 0.633333 0.266146 0.035185 0.020833
