0 0.011111 0.488021 0.022222 0.014583
0 0.856481 0.688021 0.031481 0.016667
0 0.001852 0.550000 0.003704 0.013542
0 0.046296 0.457292 0.024074 0.011458
0 0.647222 0.514062 0.020370 0.010417
0 0.057407 0.472396 0.025926 0.015625
0 0.056481 0.253646 0.027778 0.014583
0 0.026852 0.480208 0.025926 0.013542
0 0.991667 0.664583 0.016667 0.021875
0 0.448148 0.698438 0.029630 0.017708
0 0.472222 0.675521 0.022222 0.012500
0 0.978704 0.560937 0.016667 0.010417
0 1.014815 0.655729 0.050000 0.028125
0 0.719444 0.695833 0.027778 0.014583
0 0.537963 0.336458 0.031481 0.016667
0 0.596296 0.278646 0.025926 0.015625
0 0.650000 0.563542 0.024074 0.014583
0 0.112037 0.296875 0.024074 0.013542
0 0.844444 0.790625 0.038889 0.026042
0 0.132407 0.452083 0.025926 0.011458
0 0.139815 0.282813 0.029630 0.015625
0 0.619444 0.269271 0.025926 0.015625
0 0.160185 0.464062 0.033333 0.016667
0 0.175926 0.281771 0.025926 0.014583
0 0.377778 0.653646 0.027778 0.017708
0 0.191667 0.375000 0.031481 0.020833
0 0.238889 0.392708 0.018519 0.009375
0 0.186111 0.405729 0.022222 0.013542
0 0.628704 0.509375 0.024074 0.013542
0 0.201852 0.369792 0.020370 0.012500
0 0.422222 0.673958 0.035185 0.020833
0 0.888889 0.283854 0.024074 0.012500
0 0.411111 0.699479 0.031481 0.018750
0 0.992593 0.670833 0.012963 0.025000
0 0.109259 0.463021 0.025926 0.011458
0 0.476852 0.651563 0.020370 0.011458
0 0.474074 0.666667 0.035185 0.017708
0 1.008333 0.509375 0.031481 0.020833
0 0.077778 0.282292 0.025926 0.015625
0 0.750000 0.635417 0.038889 0.019792
0 0.096296 0.472917 0.025926 0.014583
0 0.100926 0.286458 0.024074 0.014583
0 0.995370 0.601562 0.009259 0.025000
0 0.994444 0.259896 0.009259 0.015625
0 0.992593 0.665104 0.018519 0.019792
0 1.006481 0.507292 0.100000 0.047917
0 0.970370 0.726042 0.033333 0.017708
0 0.993519 0.547917 0.012963 0.025000
0 0.993519 0.410417 0.012963 0.022917
0 0.996296 0.436979 0.003704 0.015625
0 0.994444 0.670833 0.007407 0.019792
0 0.991667 0.785937 0.014815 0.019792
0 0.992593 0.750000 0.012963 0.025000
0 0.992593 0.668750 0.012963 0.021875
0 0.987963 0.677083 0.024074 0.016667
0 1.014815 0.436458 0.053704 0.040625
0 0.662963 0.688542 0.031481 0.017708
0 1.011111 0.318229 0.050000 0.031250
0 0.997222 0.786458 0.031481 0.018750
0 0.995370 0.531250 0.009259 0.020833
0 0.993519 0.683333 0.035185 0.015625
0 0.970370 0.656250 0.022222 0.015625
0 0.988889 0.653125 0.031481 0.013542
0 0.533333 0.456771 0.027778 0.015625
0 0.990741 0.517708 0.018519 0.027083
0 0.994444 0.382812 0.009259 0.022917
0 0.822222 0.779167 0.033333 0.019792
0 0.631481 0.683333 0.025926 0.016667
0 0.975000 0.443229 0.040741 0.020833
0 0.977778 0.699479 0.031481 0.016667
0 0.879630 0.702604 0.042593 0.023958
0 0.997222 0.528646 0.024074 0.018750
0 0.559259 0.484896 0.024074 0.013542
0 0.918519 0.266667 0.033333 0.018750
0 0.991667 0.732292 0.016667 0.015625
0 0.995370 0.492188 0.007407 0.021875
0 0.994444 0.223958 0.009259 0.018750
0 1.000000 0.767708 0.014815 0.008333
0 0.994444 0.681771 0.009259 0.013542
0 0.989815 0.762500 0.020370 0.019792
0 0.993519 0.535937 0.012963 0.022917
0 0.919444 0.692187 0.053704 0.025000
0 0.990741 0.529167 0.018519 0.021875
0 0.994444 0.616667 0.009259 0.025000
0 0.567593 0.646875 0.029630 0.017708
0 0.558333 0.372917 0.029630 0.015625
0 0.880556 0.703125 0.038889 0.025000
0 0.994444 0.506771 0.020370 0.011458
0 0.537963 0.356771 0.027778 0.015625
0 0.848148 0.658854 0.044444 0.022917
