0 0.850000 0.382812 0.031481 0.016667
0 0.194444 0.297396 0.020370 0.012500
0 0.053704 0.558854 0.024074 0.010417
0 0.064815 0.503646 0.022222 0.012500
0 0.226852 0.479167 0.024074 0.013542
0 0.128704 0.472396 0.024074 0.011458
0 0.069444 0.567187 0.022222 0.013542
0 0.961111 0.692708 0.024074 0.013542
0 0.090741 0.503125 0.024074 0.013542
0 0.106481 0.495312 0.024074 0.014583
0 0.128704 0.269271 0.027778 0.014583
0 0.137963 0.486979 0.025926 0.015625
0 0.139815 0.296875 0.024074 0.014583
0 0.855556 0.641146 0.037037 0.019792
0 0.176852 0.487500 0.025926 0.014583
0 0.162037 0.300521 0.022222 0.013542
0 0.194444 0.478646 0.025926 0.012500
0 0.171296 0.310417 0.022222 0.013542
0 0.968519 0.795833 0.048148 0.026042
0 0.206481 0.464583 0.025926 0.012500
0 0.212963 0.296875 0.027778 0.014583
0 0.698148 0.277604 0.029630 0.014583
0 0.250926 0.477604 0.027778 0.016667
0 0.246296 0.295833 0.025926 0.014583
0 0.489815 0.665104 0.031481 0.017708
0 0.053704 0.566667 0.025926 0.015625
0 0.179630 0.287500 0.025926 0.012500
0 0.942593 0.622396 0.031481 0.019792
0 0.894444 0.535937 0.024074 0.011458
0 0.078704 0.499479 0.031481 0.015625
0 0.724074 0.518750 0.022222 0.011458
0 0.745370 0.569271 0.027778 0.013542
0 0.281481 0.388542 0.031481 0.018750
0 0.304630 0.405208 0.022222 0.010417
0 0.263889 0.419792 0.016667 0.009375
0 0.706481 0.516146 0.022222 0.013542
0 0.287963 0.381250 0.018519 0.010417
0 0.543519 0.685937 0.035185 0.020833
0 0.975000 0.294271 0.022222 0.011458
0 0.526852 0.711458 0.031481 0.018750
0 0.992593 0.686458 0.014815 0.027083
0 0.598148 0.663021 0.020370 0.010417
0 0.595370 0.678125 0.033333 0.017708
0 0.997222 0.681250 0.014815 0.023958
0 0.562037 0.710417 0.029630 0.017708
0 0.592593 0.685937 0.022222 0.011458
0 1.073148 0.596875 0.216667 0.121875
0 0.821296 0.701562 0.029630 0.014583
0 0.623148 0.344792 0.029630 0.016667
0 0.668519 0.286979 0.027778 0.015625
0 0.977778 0.665104 0.040741 0.020833
0 0.621296 0.364063 0.025926 0.014583
0 0.998148 0.706771 0.011111 0.021875
0 0.644444 0.380729 0.029630 0.014583
0 0.669444 0.655208 0.033333 0.017708
0 0.994444 0.638021 0.009259 0.023958
0 0.994444 0.540625 0.011111 0.017708
0 0.991667 0.703646 0.012963 0.022917
0 0.993519 0.533854 0.011111 0.021875
0 0.989815 0.753125 0.016667 0.018750
0 0.990741 0.769792 0.014815 0.008333
0 0.997222 0.232813 0.020370 0.011458
0 0.991667 0.734375 0.014815 0.014583
0 0.986111 0.269271 0.027778 0.018750
0 0.641667 0.492708 0.024074 0.013542
0 0.997222 0.525000 0.022222 0.017708
0 0.990741 0.709896 0.016667 0.023958
0 0.992593 0.706250 0.014815 0.018750
0 0.994444 0.450000 0.009259 0.021875
0 0.737963 0.690625 0.029630 0.016667
0 0.941667 0.784375 0.033333 0.019792
0 0.994444 0.383333 0.009259 0.022917
0 0.994444 0.259375 0.009259 0.014583
0 0.993519 0.658333 0.009259 0.019792
0 0.993519 0.719271 0.009259 0.018750
0 0.992593 0.415104 0.011111 0.023958
0 0.995370 0.625000 0.009259 0.019792
0 0.993519 0.776042 0.011111 0.018750
0 0.992593 0.754687 0.012963 0.026042
0 0.991667 0.665104 0.016667 0.026042
0 0.995370 0.644792 0.005556 0.010417
0 0.770370 0.695312 0.033333 0.017708
0 0.993519 0.543229 0.012963 0.026042
0 0.999074 0.679167 0.033333 0.014583
0 1.000926 0.675521 0.024074 0.015625
0 0.996296 0.643229 0.031481 0.014583
0 0.617593 0.465104 0.029630 0.015625
