0 0.026852 0.506250 0.022222 0.012500
0 0.017593 0.564063 0.027778 0.011458
0 0.809259 0.382812 0.027778 0.015625
0 0.157407 0.298958 0.020370 0.012500
0 0.213889 0.479687 0.029630 0.015625
0 0.208333 0.296875 0.025926 0.014583
0 0.454630 0.665625 0.031481 0.017708
0 0.242593 0.389062 0.031481 0.018750
0 0.269444 0.406250 0.022222 0.010417
0 0.225926 0.420833 0.018519 0.010417
0 0.672222 0.515625 0.020370 0.013542
0 0.248148 0.382292 0.018519 0.011458
0 0.506481 0.685417 0.033333 0.019792
0 0.925926 0.293229 0.022222 0.012500
0 0.491667 0.710938 0.031481 0.017708
0 0.991667 0.688542 0.014815 0.028125
0 0.709259 0.568750 0.025926 0.014583
0 0.560185 0.661979 0.020370 0.010417
0 0.558333 0.677083 0.033333 0.018750
0 0.997222 0.661979 0.014815 0.023958
0 0.527778 0.709896 0.027778 0.017708
0 0.555556 0.685417 0.022222 0.011458
0 1.046296 0.618750 0.138889 0.077083
0 0.786111 0.698958 0.029630 0.014583
0 0.584259 0.344792 0.029630 0.017708
0 0.630556 0.286979 0.027778 0.015625
0 0.937037 0.661979 0.044444 0.021875
0 0.584259 0.364063 0.027778 0.014583
0 0.974074 0.704167 0.040741 0.022917
0 0.605556 0.380729 0.029630 0.015625
0 0.636111 0.654687 0.029630 0.017708
0 0.994444 0.633854 0.009259 0.025000
0 0.992593 0.550000 0.011111 0.018750
0 0.992593 0.691667 0.014815 0.023958
0 0.992593 0.536979 0.011111 0.021875
0 0.990741 0.754687 0.018519 0.018750
0 0.994444 0.665104 0.007407 0.012500
0 0.991667 0.766667 0.014815 0.008333
0 0.955556 0.232292 0.018519 0.013542
0 0.991667 0.734375 0.014815 0.014583
0 0.946296 0.268750 0.033333 0.017708
0 0.607407 0.492188 0.024074 0.013542
0 0.997222 0.525521 0.022222 0.017708
0 0.973148 0.704688 0.044444 0.023958
0 0.992593 0.713542 0.012963 0.017708
0 0.994444 0.444792 0.009259 0.021875
0 0.702778 0.689583 0.025926 0.015625
0 0.904630 0.781250 0.031481 0.019792
0 0.994444 0.372396 0.009259 0.022917
0 0.994444 0.261458 0.009259 0.014583
0 0.985185 0.650000 0.011111 0.019792
0 0.993519 0.726042 0.009259 0.018750
0 0.993519 0.413021 0.011111 0.022917
0 0.995370 0.632292 0.009259 0.019792
0 0.993519 0.775521 0.011111 0.018750
0 0.992593 0.750521 0.012963 0.026042
0 0.991667 0.659896 0.014815 0.025000
0 0.141667 0.489583 0.025926 0.014583
0 0.153704 0.479687 0.025926 0.011458
0 0.134259 0.312500 0.022222 0.014583
0 0.932407 0.792188 0.046296 0.025000
0 0.170370 0.466667 0.025926 0.012500
0 0.174074 0.297917 0.025926 0.014583
0 0.657407 0.277083 0.029630 0.014583
0 0.091667 0.475000 0.022222 0.011458
0 0.035185 0.571354 0.024074 0.014583
0 0.924074 0.689583 0.022222 0.014583
0 0.055556 0.505729 0.024074 0.013542
0 0.071296 0.497396 0.024074 0.014583
0 0.087037 0.270313 0.025926 0.014583
0 0.102778 0.489583 0.025926 0.015625
0 0.101852 0.297917 0.025926 0.015625
0 0.818519 0.639062 0.037037 0.019792
0 0.125000 0.302083 0.024074 0.014583
0 0.017593 0.570312 0.027778 0.015625
0 0.141667 0.288542 0.024074 0.012500
0 0.901852 0.619271 0.031481 0.017708
0 0.856481 0.535417 0.024074 0.012500
0 0.040741 0.502083 0.029630 0.015625
0 0.690741 0.518229 0.022222 0.011458
0 0.994444 0.649479 0.031481 0.014583
0 0.995370 0.653125 0.005556 0.010417
0 0.735185 0.693750 0.033333 0.017708
0 0.996296 0.809375 0.027778 0.016667
0 0.993519 0.550521 0.012963 0.025000
0 1.000000 0.678125 0.033333 0.014583
0 1.000926 0.663021 0.022222 0.015625
0 0.580556 0.464583 0.025926 0.015625
