0 0.869444 0.385417 0.027778 0.013542
0 0.128704 0.284375 0.027778 0.016667
0 0.251852 0.723437 0.033333 0.022917
0 0.392593 0.715104 0.031481 0.017708
0 0.344444 0.457813 0.037037 0.020833
0 0.805556 0.515104 0.020370 0.010417
0 0.122222 0.705208 0.031481 0.015625
0 0.302778 0.811458 0.042593 0.022917
0 0.405556 0.382292 0.042593 0.022917
0 0.206481 0.305208 0.027778 0.015625
0 0.889815 0.367708 0.029630 0.016667
0 0.865741 0.603125 0.035185 0.019792
0 0.733333 0.292187 0.040741 0.025000
0 0.375926 0.681771 0.037037 0.019792
0 0.910185 0.600521 0.037037 0.019792
0 0.945370 0.538021 0.033333 0.018750
0 0.400000 0.742708 0.029630 0.018750
0 0.768519 0.716146 0.042593 0.025000
0 0.435185 0.406771 0.044444 0.021875
0 0.806481 0.529167 0.037037 0.020833
0 0.500000 0.694271 0.035185 0.019792
0 0.441667 0.803125 0.031481 0.018750
0 0.930556 0.586979 0.031481 0.017708
0 0.650000 0.751042 0.042593 0.021875
0 0.883333 0.460417 0.042593 0.025000
0 0.739815 0.279687 0.029630 0.016667
0 0.481481 0.689583 0.038889 0.018750
0 0.375926 0.693750 0.033333 0.015625
0 0.717593 0.575000 0.031481 0.018750
0 0.149074 0.709896 0.031481 0.016667
0 0.725926 0.598437 0.024074 0.014583
0 0.762963 0.308854 0.029630 0.018750
0 0.869444 0.545833 0.037037 0.020833
0 0.496296 0.798958 0.027778 0.015625
0 0.613889 0.573958 0.040741 0.022917
0 0.930556 0.566667 0.029630 0.016667
0 0.306481 0.390625 0.027778 0.013542
0 0.171296 0.704688 0.024074 0.013542
0 0.399074 0.704688 0.020370 0.011458
0 0.736111 0.728125 0.025926 0.014583
0 0.334259 0.674479 0.027778 0.016667
0 0.897222 0.596875 0.031481 0.017708
0 0.801852 0.663021 0.025926 0.014583
0 0.887963 0.584375 0.027778 0.015625
0 0.501852 0.240625 0.024074 0.013542
0 0.341667 0.390104 0.020370 0.008333
0 0.401852 0.563542 0.027778 0.015625
0 0.509259 0.474479 0.038889 0.022917
0 0.151852 0.302083 0.020370 0.010417
0 0.745370 0.312500 0.025926 0.016667
0 0.554630 0.660417 0.027778 0.015625
0 0.707407 0.553646 0.029630 0.016667
0 0.692593 0.576042 0.025926 0.016667
0 0.056481 0.471875 0.027778 0.014583
0 0.888889 0.562500 0.037037 0.019792
0 0.100000 0.500000 0.025926 0.014583
0 0.730556 0.543229 0.033333 0.017708
0 0.721296 0.310937 0.022222 0.013542
0 0.228704 0.714063 0.029630 0.016667
0 0.015741 0.348438 0.031481 0.017708
0 0.031481 0.281771 0.016667 0.017708
0 0.217593 0.679688 0.035185 0.018750
0 -0.075000 0.337500 0.000000 0.000000
0 0.912037 0.601042 0.031481 0.018750
0 0.025926 0.370312 0.031481 0.016667
0 0.763889 0.523438 0.033333 0.018750
0 0.772222 0.301042 0.020370 0.014583
0 0.251852 0.724479 0.033333 0.022917
0 0.046296 0.385417 0.031481 0.016667
0 0.061111 0.667188 0.033333 0.019792
0 0.595370 0.602083 0.048148 0.028125
0 0.737963 0.301563 0.031481 0.015625
0 0.391667 0.544792 0.038889 0.022917
0 0.287963 0.711458 0.040741 0.023958
0 0.918519 0.554688 0.033333 0.017708
0 0.653704 0.511979 0.044444 0.025000
0 0.912963 0.407292 0.038889 0.021875
0 0.475000 0.764062 0.031481 0.016667
0 0.730556 0.745313 0.035185 0.020833
0 0.930556 0.410938 0.027778 0.019792
0 0.525926 0.791667 0.027778 0.017708
0 0.618519 0.245312 0.040741 0.022917
0 0.781481 0.568229 0.044444 0.025000
0 0.699074 0.748958 0.033333 0.020833
0 0.440741 0.279167 0.029630 0.018750
