0 0.641667 0.267188 0.033333 0.019792
0 0.247222 0.647917 0.037037 0.019792
0 0.127778 0.686979 0.037037 0.019792
0 0.066667 0.251563 0.025926 0.014583
0 0.713889 0.271354 0.024074 0.014583
0 0.644444 0.518229 0.035185 0.017708
0 0.598148 0.277604 0.022222 0.013542
0 0.050926 0.469792 0.025926 0.014583
0 0.386111 0.250000 0.029630 0.018750
0 0.570370 0.720313 0.033333 0.019792
0 0.658333 0.540104 0.044444 0.025000
0 0.494444 0.210417 0.038889 0.025000
0 0.422222 0.759375 0.027778 0.016667
0 0.810185 0.381250 0.033333 0.018750
0 0.604630 0.717187 0.035185 0.021875
0 0.365741 0.731250 0.031481 0.016667
0 0.771296 0.376042 0.042593 0.023958
0 0.503704 0.480729 0.044444 0.026042
0 0.806481 0.527604 0.035185 0.018750
0 0.155556 0.674479 0.044444 0.025000
0 0.273148 0.513542 0.042593 0.022917
0 0.465741 0.571354 0.048148 0.027083
0 0.278704 0.681771 0.029630 0.016667
0 0.221296 0.426563 0.038889 0.021875
0 0.683333 0.484896 0.025926 0.015625
0 0.047222 0.669271 0.025926 0.014583
0 0.202778 0.773438 0.044444 0.026042
0 0.252778 0.349479 0.038889 0.022917
0 0.099074 0.282292 0.033333 0.017708
0 0.825926 0.336979 0.025926 0.013542
0 0.771296 0.577083 0.035185 0.018750
0 0.612963 0.258333 0.040741 0.025000
0 0.448148 0.209375 0.024074 0.012500
0 0.833333 0.540625 0.033333 0.018750
0 0.213889 0.359896 0.025926 0.012500
0 0.091667 0.644792 0.038889 0.017708
0 0.284259 0.670312 0.029630 0.015625
0 0.650000 0.702083 0.031481 0.015625
0 0.206481 0.638021 0.029630 0.018750
0 0.804630 0.570833 0.029630 0.018750
0 0.698148 0.635417 0.022222 0.014583
0 0.593519 0.548958 0.025926 0.016667
0 0.621296 0.527604 0.031481 0.019792
0 0.418519 0.629167 0.033333 0.017708
0 0.691667 0.285417 0.024074 0.015625
0 0.074074 0.263021 0.025926 0.013542
0 0.395370 0.443750 0.031481 0.019792
0 0.304630 0.540625 0.020370 0.013542
0 0.243519 0.360938 0.025926 0.010417
0 0.791667 0.558854 0.029630 0.016667
0 0.349074 0.657813 0.035185 0.017708
0 0.250926 0.658854 0.035185 0.014583
0 0.630556 0.548958 0.031481 0.018750
0 0.072222 0.673958 0.031481 0.016667
0 0.633333 0.572917 0.025926 0.016667
0 0.703704 0.278646 0.033333 0.017708
0 0.750000 0.518750 0.037037 0.020833
0 0.394444 0.766667 0.029630 0.016667
0 0.474074 0.542708 0.040741 0.022917
0 0.373148 0.662500 0.035185 0.020833
0 0.334259 0.769271 0.031481 0.018750
0 0.835185 0.561458 0.031481 0.018750
0 0.514815 0.719792 0.042593 0.020833
0 0.747222 0.429688 0.044444 0.025000
0 0.619444 0.243750 0.035185 0.018750
0 0.008333 0.442188 0.016667 0.013542
0 0.791667 0.347917 0.024074 0.013542
0 0.771296 0.535937 0.037037 0.020833
0 0.290741 0.709375 0.031481 0.018750
0 0.830556 0.510938 0.033333 0.019792
0 0.648148 0.689063 0.042593 0.023958
0 0.289815 0.373437 0.042593 0.021875
0 0.812963 0.575000 0.035185 0.019792
0 0.675000 0.500000 0.037037 0.020833
