0 0.025000 0.279167 0.025926 0.015625
0 0.489815 0.269271 0.025926 0.013542
0 0.037963 0.459896 0.027778 0.015625
0 0.060185 0.278125 0.025926 0.015625
0 0.243519 0.649479 0.027778 0.014583
0 0.061111 0.370833 0.031481 0.017708
0 0.131481 0.387500 0.020370 0.009375
0 0.076852 0.401562 0.024074 0.014583
0 0.514815 0.505208 0.022222 0.012500
0 0.087963 0.365625 0.024074 0.012500
0 0.276852 0.668750 0.033333 0.020833
0 0.774074 0.301563 0.022222 0.012500
0 0.273148 0.693750 0.031481 0.018750
0 0.939815 0.667708 0.038889 0.021875
0 0.519444 0.558333 0.024074 0.014583
0 0.328704 0.646354 0.022222 0.012500
0 0.327778 0.660937 0.037037 0.018750
0 1.006481 0.475521 0.027778 0.018750
0 0.904630 0.664062 0.033333 0.020833
0 0.309259 0.692708 0.029630 0.017708
0 0.329630 0.669792 0.025926 0.013542
0 0.802778 0.555208 0.018519 0.010417
0 0.967593 0.666667 0.025926 0.014583
0 0.586111 0.687500 0.025926 0.013542
0 0.404630 0.335417 0.031481 0.017708
0 0.474074 0.277083 0.022222 0.014583
0 0.677778 0.651042 0.042593 0.021875
0 0.991667 0.601042 0.012963 0.020833
0 0.409259 0.354687 0.027778 0.015625
0 0.991667 0.491667 0.020370 0.011458
0 0.710185 0.694792 0.037037 0.021875
0 0.426852 0.370312 0.025926 0.016667
0 0.990741 0.535937 0.016667 0.026042
0 0.411111 0.452604 0.027778 0.015625
0 0.992593 0.637500 0.029630 0.013542
0 1.002778 0.303646 0.024074 0.016667
0 0.991667 0.538542 0.031481 0.017708
0 0.991667 0.580729 0.014815 0.016667
0 0.792593 0.648438 0.024074 0.015625
0 1.006481 0.702083 0.031481 0.014583
0 0.545370 0.675521 0.022222 0.012500
0 0.994444 0.537500 0.009259 0.021875
0 0.891667 0.773438 0.020370 0.011458
0 0.993519 0.510417 0.009259 0.017708
0 1.006481 0.301563 0.033333 0.020833
0 1.010185 0.568229 0.038889 0.023958
0 0.994444 0.225000 0.009259 0.019792
0 0.919444 0.765625 0.025926 0.014583
0 0.993519 0.711458 0.011111 0.016667
0 0.876852 0.737500 0.031481 0.016667
0 0.987963 0.421875 0.020370 0.023958
0 0.992593 0.501563 0.011111 0.021875
0 0.992593 0.539583 0.011111 0.017708
0 0.742593 0.682813 0.046296 0.023958
0 0.831481 0.525521 0.042593 0.021875
0 0.994444 0.585938 0.009259 0.023958
0 0.436111 0.640625 0.029630 0.016667
0 0.009259 0.292187 0.018519 0.015625
0 0.691667 0.780208 0.033333 0.020833
0 0.015741 0.446354 0.025926 0.013542
0 0.993519 0.598437 0.012963 0.021875
0 0.992593 0.732812 0.011111 0.023958
0 0.996296 0.400000 0.005556 0.014583
0 0.903704 0.663542 0.038889 0.022917
0 0.818519 0.667188 0.031481 0.016667
0 1.008333 0.501563 0.037037 0.027083
0 0.526852 0.681250 0.029630 0.015625
0 0.991667 0.718229 0.016667 0.015625
0 0.800926 0.265625 0.029630 0.019792
0 0.440741 0.480729 0.024074 0.012500
0 0.997222 0.531771 0.024074 0.018750
0 0.709259 0.693750 0.037037 0.021875
0 0.812037 0.690104 0.029630 0.017708
0 0.800926 0.441146 0.037037 0.019792
0 0.498148 0.676042 0.025926 0.016667
0 0.995370 0.508854 0.007407 0.021875
0 0.675000 0.768750 0.027778 0.019792
0 0.914815 0.368750 0.042593 0.021875
0 0.995370 0.605729 0.007407 0.022917
0 0.993519 0.270833 0.011111 0.018750
0 0.826852 0.656771 0.037037 0.019792
0 0.985185 0.611979 0.025926 0.021875
0 1.007407 0.497917 0.081481 0.039583
0 0.810185 0.716146 0.031481 0.018750
0 0.992593 0.637500 0.012963 0.025000
0 0.939815 0.391146 0.044444 0.021875
0 0.938889 0.667708 0.040741 0.021875
0 0.996296 0.445833 0.005556 0.016667
0 0.841667 0.774479 0.031481 0.017708
