0 0.055556 0.705729 0.029630 0.013542
0 0.050000 0.549479 0.031481 0.017708
0 0.904630 0.543229 0.020370 0.011458
0 0.075926 0.318229 0.031481 0.017708
0 0.766667 0.699479 0.027778 0.016667
0 0.012037 0.351042 0.024074 0.017708
0 0.343519 0.485938 0.024074 0.012500
0 0.830556 0.392188 0.031481 0.015625
0 0.850926 0.670312 0.031481 0.017708
0 0.993519 0.552083 0.009259 0.017708
0 0.990741 0.747917 0.016667 0.027083
0 0.990741 0.766146 0.018519 0.018750
0 0.990741 0.764583 0.014815 0.008333
0 0.989815 0.234896 0.018519 0.010417
0 0.993519 0.272917 0.012963 0.017708
0 0.222222 0.575000 0.025926 0.014583
0 0.993519 0.689583 0.011111 0.015625
0 0.251852 0.509896 0.029630 0.017708
0 0.271296 0.504167 0.022222 0.014583
0 0.301852 0.283333 0.025926 0.016667
0 0.300926 0.495833 0.025926 0.015625
0 0.305556 0.310417 0.024074 0.013542
0 0.996296 0.658854 0.005556 0.017708
0 0.339815 0.496875 0.025926 0.014583
0 0.325926 0.314063 0.022222 0.013542
0 0.812037 0.505208 0.024074 0.013542
0 0.989815 0.692708 0.016667 0.022917
0 0.805556 0.376042 0.027778 0.016667
0 0.993519 0.724479 0.011111 0.020833
0 0.989815 0.726042 0.018519 0.023958
0 0.991667 0.706771 0.014815 0.019792
0 0.993519 0.519271 0.009259 0.022917
0 0.922222 0.708333 0.033333 0.017708
0 0.992593 0.783854 0.012963 0.017708
0 0.994444 0.356250 0.009259 0.022917
0 0.993519 0.632812 0.009259 0.018750
0 0.994444 0.708333 0.007407 0.015625
0 0.993519 0.431771 0.012963 0.023958
0 0.993519 0.622396 0.012963 0.021875
0 0.993519 0.786458 0.012963 0.019792
0 0.994444 0.655208 0.009259 0.020833
0 0.995370 0.655208 0.007407 0.013542
0 0.957407 0.714063 0.035185 0.018750
0 0.992593 0.539062 0.014815 0.030208
0 0.999074 0.681250 0.033333 0.014583
0 0.790741 0.477083 0.029630 0.015625
0 0.332407 0.324479 0.020370 0.012500
0 0.993519 0.783333 0.011111 0.026042
0 0.367593 0.474479 0.025926 0.013542
0 0.382407 0.309375 0.027778 0.015625
0 0.877778 0.288542 0.027778 0.015625
0 0.425000 0.487500 0.027778 0.016667
0 0.415741 0.307812 0.024074 0.014583
0 0.675926 0.676042 0.035185 0.019792
0 0.462037 0.398958 0.029630 0.018750
0 0.460185 0.417187 0.018519 0.009375
0 0.437963 0.430208 0.012963 0.007292
0 0.871296 0.529687 0.024074 0.013542
0 0.465741 0.390625 0.014815 0.009375
0 0.742593 0.698958 0.037037 0.020833
0 0.995370 0.322396 0.020370 0.010417
0 0.714815 0.724479 0.031481 0.018750
0 0.991667 0.693750 0.016667 0.029167
0 0.934259 0.582292 0.020370 0.011458
0 0.796296 0.692187 0.033333 0.016667
0 0.997222 0.721354 0.016667 0.026042
0 0.750926 0.723958 0.029630 0.018750
0 0.996296 0.721354 0.012963 0.017708
0 0.812037 0.356250 0.031481 0.017708
0 0.847222 0.297917 0.027778 0.015625
0 0.109259 0.313021 0.038889 0.019792
0 0.132407 0.704688 0.031481 0.017708
0 0.125000 0.299479 0.033333 0.017708
0 0.430556 0.394271 0.020370 0.013542
0 0.162037 0.563021 0.018519 0.011458
0 0.381481 0.490104 0.020370 0.012500
0 0.235185 0.510938 0.022222 0.014583
0 0.223148 0.566146 0.022222 0.010417
0 0.997222 0.392708 0.005556 0.014583
0 0.358333 0.310417 0.022222 0.013542
0 0.222222 0.575000 0.025926 0.014583
0 0.345370 0.302083 0.025926 0.014583
0 0.995370 0.661458 0.007407 0.021875
0 0.293519 0.482292 0.022222 0.011458
0 0.996296 0.540104 0.025926 0.012500
0 0.251852 0.508333 0.029630 0.016667
0 0.887037 0.533333 0.022222 0.010417
