0 0.912963 0.509375 0.025926 0.013542
0 0.941667 0.398438 0.029630 0.015625
0 0.977778 0.672917 0.033333 0.018750
0 0.994444 0.580729 0.011111 0.026042
0 0.989815 0.787500 0.018519 0.030208
0 0.989815 0.250000 0.018519 0.010417
0 0.992593 0.278646 0.011111 0.016667
0 0.997222 0.756771 0.016667 0.027083
0 0.896296 0.728125 0.029630 0.017708
0 0.991667 0.713542 0.012963 0.019792
0 0.922222 0.363542 0.031481 0.017708
0 0.937963 0.305208 0.025926 0.013542
0 0.989815 0.700000 0.018519 0.023958
0 0.914815 0.382292 0.029630 0.014583
0 0.994444 0.726562 0.011111 0.020833
0 0.364815 0.519792 0.027778 0.016667
0 0.975000 0.535417 0.018519 0.012500
0 0.398148 0.493229 0.020370 0.012500
0 0.335185 0.586979 0.024074 0.014583
0 0.993519 0.685937 0.011111 0.015625
0 0.364815 0.519792 0.029630 0.016667
0 0.377778 0.515104 0.020370 0.013542
0 0.398148 0.295833 0.025926 0.014583
0 0.402778 0.506771 0.024074 0.015625
0 0.389815 0.321875 0.024074 0.015625
0 0.996296 0.685417 0.005556 0.017708
0 0.441667 0.506771 0.024074 0.014583
0 0.410185 0.326042 0.020370 0.013542
0 0.440741 0.496354 0.024074 0.010417
0 0.415741 0.335417 0.020370 0.013542
0 0.992593 0.762500 0.014815 0.033333
0 0.189815 0.328125 0.018519 0.014583
0 0.317593 0.587500 0.018519 0.011458
0 0.445370 0.202604 0.011111 0.006250
0 0.470370 0.322396 0.022222 0.013542
0 0.985185 0.323958 0.029630 0.017708
0 0.127778 0.365625 0.033333 0.016667
0 0.216667 0.719271 0.024074 0.013542
0 0.179630 0.562500 0.027778 0.017708
0 0.992593 0.545833 0.014815 0.012500
0 0.920370 0.703646 0.025926 0.016667
0 0.204630 0.333333 0.031481 0.017708
0 0.237037 0.328646 0.040741 0.019792
0 0.290741 0.718229 0.029630 0.016667
0 0.250000 0.314583 0.031481 0.016667
0 0.521296 0.404687 0.024074 0.012500
0 0.297222 0.580729 0.020370 0.012500
0 0.477778 0.498958 0.020370 0.011458
0 0.346296 0.522396 0.018519 0.012500
0 0.338889 0.577604 0.025926 0.010417
0 0.996296 0.418750 0.003704 0.014583
0 0.442593 0.322396 0.022222 0.011458
0 0.334259 0.585938 0.027778 0.013542
0 0.430556 0.314063 0.025926 0.015625
0 0.995370 0.688542 0.007407 0.022917
0 0.995370 0.578646 0.025926 0.012500
0 0.467593 0.484375 0.022222 0.012500
0 0.479630 0.320312 0.025926 0.013542
0 0.975000 0.295833 0.029630 0.016667
0 0.540741 0.496875 0.025926 0.015625
0 0.510185 0.319271 0.022222 0.014583
0 0.813889 0.681771 0.033333 0.020833
0 0.581481 0.409375 0.029630 0.018750
0 0.547222 0.424479 0.020370 0.010417
0 0.546296 0.440625 0.009259 0.006250
0 0.963889 0.533333 0.025926 0.013542
0 0.587037 0.401562 0.014815 0.008333
0 0.898148 0.703646 0.037037 0.020833
0 0.995370 0.329688 0.018519 0.010417
0 0.861111 0.729167 0.033333 0.018750
0 0.995370 0.556771 0.020370 0.011458
0 0.951852 0.695312 0.033333 0.018750
0 0.996296 0.716146 0.007407 0.014583
0 0.994444 0.535937 0.009259 0.022917
0 0.993519 0.709375 0.009259 0.015625
0 0.993519 0.778646 0.012963 0.016667
0 0.994444 0.614583 0.009259 0.016667
0 0.995370 0.705729 0.005556 0.011458
0 1.000000 0.438542 0.000000 0.001042
0 0.992593 0.616667 0.014815 0.026042
0 0.993519 0.785417 0.012963 0.020833
0 0.994444 0.618229 0.009259 0.019792
0 0.993519 0.644792 0.009259 0.017708
0 0.993519 0.709375 0.012963 0.018750
0 0.991667 0.580729 0.016667 0.033333
0 0.895370 0.482292 0.027778 0.015625
0 0.990741 0.739062 0.016667 0.022917
