0 0.760185 0.298958 0.024074 0.014583
0 0.006481 0.517708 0.012963 0.013542
0 0.005556 0.480729 0.011111 0.019792
0 0.012963 0.417708 0.025926 0.028125
0 0.010185 0.682292 0.020370 0.020833
0 0.024074 0.515104 0.025926 0.013542
0 0.021296 0.447917 0.042593 0.027083
0 0.037963 0.431250 0.050000 0.028125
0 0.075926 0.578125 0.012963 0.018750
0 0.095370 0.691146 0.031481 0.017708
0 0.082407 0.450000 0.046296 0.026042
0 0.099074 0.669792 0.035185 0.020833
0 0.080556 0.547917 0.027778 0.012500
0 0.122222 0.706250 0.035185 0.020833
0 0.143519 0.630208 0.033333 0.017708
0 0.117593 0.717187 0.027778 0.014583
0 0.471296 0.335938 0.025926 0.015625
0 0.150000 0.280729 0.031481 0.017708
0 0.155556 0.725000 0.035185 0.020833
0 0.263889 0.586458 0.020370 0.009375
0 0.552778 0.301563 0.024074 0.017708
0 0.202778 0.687500 0.031481 0.016667
0 0.993519 0.457813 0.016667 0.011458
0 0.295370 0.498437 0.031481 0.016667
0 0.994444 0.314063 0.011111 0.009375
0 0.296296 0.474479 0.029630 0.015625
0 0.996296 0.640104 0.024074 0.017708
0 0.514815 0.299479 0.027778 0.018750
0 0.546296 0.569792 0.022222 0.014583
0 0.725926 0.177083 0.011111 0.007292
0 0.741667 0.300521 0.024074 0.014583
0 0.995370 0.386979 0.005556 0.012500
0 0.567593 0.343229 0.031481 0.017708
0 0.435185 0.702604 0.025926 0.016667
0 0.507407 0.541146 0.027778 0.016667
0 0.996296 0.566146 0.007407 0.013542
0 1.000926 0.654167 0.018519 0.015625
0 0.533333 0.304167 0.029630 0.017708
0 0.576852 0.299479 0.031481 0.020833
0 0.644444 0.701562 0.027778 0.017708
0 0.578704 0.284896 0.025926 0.014583
0 0.781481 0.385937 0.018519 0.011458
0 0.526852 0.563021 0.024074 0.012500
0 0.720370 0.482812 0.024074 0.013542
0 0.620370 0.504167 0.027778 0.014583
0 0.689815 0.300521 0.024074 0.013542
0 0.607407 0.569271 0.024074 0.013542
0 0.684259 0.293229 0.025926 0.014583
0 0.648148 0.501042 0.027778 0.016667
0 0.993519 0.522917 0.009259 0.010417
0 0.666667 0.475000 0.022222 0.012500
0 0.606481 0.568750 0.024074 0.013542
0 0.649074 0.501042 0.027778 0.015625
0 0.678704 0.271354 0.027778 0.014583
0 0.663889 0.490104 0.022222 0.013542
0 0.637037 0.299479 0.022222 0.015625
0 0.996296 0.674479 0.007407 0.018750
0 0.703704 0.490104 0.024074 0.014583
0 0.657407 0.304688 0.020370 0.013542
0 0.693519 0.480729 0.020370 0.013542
0 0.656481 0.314583 0.020370 0.013542
0 0.729630 0.467187 0.024074 0.011458
0 0.740741 0.300521 0.024074 0.015625
0 0.996296 0.267708 0.003704 0.016667
0 0.841667 0.481771 0.027778 0.015625
0 0.787037 0.298958 0.024074 0.014583
0 0.989815 0.675000 0.018519 0.022917
0 0.907407 0.390104 0.033333 0.018750
0 0.848148 0.418229 0.020370 0.011458
0 0.997222 0.505208 0.003704 0.017708
0 0.991667 0.669271 0.014815 0.016667
0 0.997222 0.685417 0.003704 0.016667
0 0.989815 0.664583 0.018519 0.010417
0 0.996296 0.732292 0.007407 0.016667
0 0.993519 0.669271 0.011111 0.017708
0 0.995370 0.344792 0.009259 0.013542
0 0.993519 0.345833 0.012963 0.013542
0 0.994444 0.659375 0.009259 0.012500
0 1.004630 0.386458 0.012963 0.018750
0 0.994444 0.675000 0.009259 0.015625
0 0.996296 0.459896 0.007407 0.020833
0 0.992593 0.698958 0.012963 0.016667
0 0.996296 0.480208 0.003704 0.009375
