0 0.006481 0.214583 0.012963 0.021875
0 0.792593 0.414583 0.024074 0.012500
0 0.009259 0.262500 0.018519 0.017708
0 0.076852 0.136979 0.027778 0.014583
0 0.017593 0.430729 0.035185 0.020833
0 0.023148 0.444792 0.040741 0.018750
0 0.017593 0.534896 0.035185 0.018750
0 0.085185 0.701042 0.027778 0.016667
0 0.089815 0.314583 0.035185 0.015625
0 0.063889 0.316667 0.027778 0.017708
0 0.238889 0.226042 0.029630 0.016667
0 0.235185 0.268229 0.029630 0.017708
0 0.050000 0.443229 0.031481 0.016667
0 0.040741 0.516667 0.018519 0.010417
0 0.070370 0.705208 0.031481 0.018750
0 0.066667 0.150000 0.027778 0.014583
0 0.435185 0.363542 0.033333 0.021875
0 0.080556 0.605208 0.031481 0.017708
0 0.104630 0.711458 0.035185 0.020833
0 0.085185 0.154167 0.022222 0.014583
0 0.066667 0.521354 0.024074 0.013542
0 0.073148 0.485417 0.035185 0.016667
0 0.121296 0.420833 0.050000 0.028125
0 0.114815 0.681771 0.038889 0.021875
0 0.089815 0.518750 0.025926 0.014583
0 0.137963 0.448958 0.051852 0.025000
0 0.160185 0.432812 0.048148 0.028125
0 0.175000 0.579167 0.014815 0.018750
0 0.224074 0.688021 0.031481 0.017708
0 0.201852 0.450521 0.048148 0.026042
0 0.225926 0.666667 0.033333 0.020833
0 0.182407 0.549479 0.027778 0.013542
0 0.250000 0.702083 0.035185 0.021875
0 0.263889 0.627604 0.031481 0.016667
0 0.225000 0.714063 0.025926 0.016667
0 0.593519 0.332813 0.025926 0.015625
0 0.228704 0.283333 0.029630 0.016667
0 0.251852 0.721875 0.035185 0.020833
0 0.385185 0.582292 0.016667 0.010417
0 0.625000 0.298958 0.037037 0.015625
0 0.995370 0.664062 0.007407 0.013542
0 0.996296 0.448437 0.007407 0.020833
0 0.992593 0.687500 0.011111 0.014583
0 0.997222 0.470313 0.003704 0.008333
0 0.994444 0.647396 0.009259 0.015625
0 0.996296 0.726042 0.005556 0.015625
0 0.997222 0.665104 0.003704 0.016667
0 0.992593 0.654167 0.014815 0.016667
0 0.997222 0.495833 0.003704 0.017708
0 0.980556 0.447917 0.016667 0.010417
0 0.612037 0.561979 0.022222 0.014583
0 0.316667 0.683333 0.027778 0.013542
0 0.597222 0.296875 0.029630 0.019792
0 0.997222 0.624479 0.024074 0.017708
0 0.391667 0.472917 0.031481 0.016667
0 0.979630 0.381250 0.029630 0.017708
0 0.988889 0.667708 0.020370 0.026042
0 0.840741 0.292187 0.024074 0.015625
0 0.913889 0.470833 0.027778 0.014583
0 0.792593 0.295312 0.022222 0.014583
0 0.792593 0.459375 0.022222 0.010417
0 0.700000 0.310417 0.022222 0.012500
0 0.757407 0.470313 0.022222 0.013542
0 0.702778 0.300000 0.022222 0.012500
0 0.769444 0.481771 0.024074 0.013542
0 0.996296 0.667188 0.007407 0.019792
0 0.682407 0.296354 0.022222 0.012500
0 0.729630 0.481771 0.020370 0.013542
0 0.735185 0.266667 0.024074 0.013542
0 0.725000 0.493229 0.027778 0.015625
0 0.684259 0.560937 0.025926 0.013542
0 0.734259 0.467708 0.022222 0.011458
0 0.724074 0.493229 0.027778 0.015625
0 0.731481 0.288021 0.020370 0.011458
0 0.686111 0.560937 0.024074 0.013542
0 0.734259 0.295312 0.022222 0.013542
0 0.692593 0.496875 0.031481 0.013542
0 0.772222 0.173437 0.011111 0.008333
0 0.791667 0.294792 0.022222 0.013542
0 0.533333 0.692708 0.022222 0.011458
0 0.622222 0.532813 0.025926 0.015625
0 0.621296 0.299479 0.037037 0.015625
0 0.662037 0.296354 0.031481 0.019792
0 0.760185 0.686979 0.029630 0.016667
0 0.661111 0.282292 0.024074 0.012500
0 0.852778 0.377083 0.016667 0.010417
0 0.605556 0.557292 0.016667 0.008333
0 0.784259 0.475000 0.024074 0.013542
0 0.814815 0.292708 0.025926 0.014583
0 0.393519 0.495833 0.029630 0.016667
