0 0.193519 0.420312 0.022222 0.012500
0 0.639815 0.517708 0.024074 0.012500
0 0.216667 0.381771 0.020370 0.011458
0 0.886111 0.293229 0.022222 0.012500
0 0.459259 0.685937 0.035185 0.021875
0 0.851852 0.622396 0.031481 0.016667
0 0.821296 0.539583 0.024074 0.012500
0 0.010185 0.501042 0.020370 0.015625
0 0.657407 0.520833 0.022222 0.012500
0 0.057407 0.473958 0.024074 0.011458
0 0.007407 0.569792 0.014815 0.014583
0 0.882407 0.693750 0.025926 0.013542
0 0.022222 0.504687 0.024074 0.014583
0 0.036111 0.495833 0.025926 0.014583
0 0.058333 0.269792 0.025926 0.014583
0 0.068519 0.488021 0.025926 0.014583
0 0.075926 0.297396 0.024074 0.014583
0 0.775000 0.642188 0.037037 0.019792
0 0.107407 0.488542 0.025926 0.014583
0 0.098148 0.301563 0.024074 0.013542
0 0.120370 0.478646 0.027778 0.012500
0 0.109259 0.311979 0.024074 0.013542
0 0.883333 0.796354 0.038889 0.026042
0 0.149074 0.466667 0.024074 0.010417
0 0.143519 0.297917 0.029630 0.015625
0 0.624074 0.280729 0.027778 0.014583
0 0.175926 0.478646 0.033333 0.015625
0 0.178704 0.296354 0.025926 0.014583
0 0.410185 0.666146 0.031481 0.018750
0 0.205556 0.388542 0.033333 0.018750
0 0.240741 0.406771 0.022222 0.010417
0 0.993519 0.666146 0.011111 0.020833
0 0.446296 0.711979 0.031481 0.018750
0 0.992593 0.685937 0.014815 0.027083
0 0.670370 0.570833 0.025926 0.013542
0 0.512963 0.663021 0.020370 0.011458
0 0.511111 0.678125 0.035185 0.018750
0 0.997222 0.661458 0.014815 0.022917
0 0.481481 0.710938 0.027778 0.017708
0 0.508333 0.686979 0.022222 0.012500
0 1.028704 0.641667 0.088889 0.050000
0 0.745370 0.702604 0.029630 0.014583
0 0.549074 0.346875 0.031481 0.017708
0 0.600000 0.289583 0.025926 0.015625
0 0.884259 0.665625 0.048148 0.021875
0 0.549074 0.367188 0.027778 0.016667
0 0.921296 0.708333 0.042593 0.021875
0 0.569444 0.382292 0.029630 0.015625
0 0.593519 0.656250 0.029630 0.017708
0 0.994444 0.627083 0.009259 0.025000
0 0.992593 0.531250 0.011111 0.019792
0 0.960185 0.696875 0.057407 0.023958
0 0.993519 0.532292 0.012963 0.022917
0 0.989815 0.753646 0.018519 0.018750
0 0.994444 0.675521 0.007407 0.013542
0 0.992593 0.768229 0.014815 0.008333
0 0.994444 0.229167 0.009259 0.018750
0 0.995370 0.496875 0.007407 0.021875
0 0.990741 0.736458 0.014815 0.014583
0 0.913889 0.275000 0.035185 0.018750
0 0.572222 0.494271 0.024074 0.013542
0 0.998148 0.528125 0.022222 0.017708
0 0.921296 0.708333 0.042593 0.021875
0 0.992593 0.704688 0.012963 0.017708
0 0.989815 0.447396 0.020370 0.020833
0 0.660185 0.692187 0.025926 0.017708
0 0.858333 0.785417 0.031481 0.019792
0 0.994444 0.379167 0.009259 0.022917
0 0.994444 0.261979 0.009259 0.015625
0 0.993519 0.728125 0.011111 0.021875
0 0.993519 0.544792 0.012963 0.023958
0 0.992593 0.416667 0.011111 0.022917
0 0.995370 0.655729 0.007407 0.019792
0 0.993519 0.777604 0.011111 0.017708
0 0.992593 0.747917 0.012963 0.025000
0 0.991667 0.677083 0.014815 0.022917
0 0.995370 0.655729 0.005556 0.010417
0 0.691667 0.696875 0.031481 0.017708
0 1.000000 0.789583 0.029630 0.016667
0 0.993519 0.541146 0.012963 0.025000
0 1.000000 0.677604 0.033333 0.014583
0 1.000926 0.664583 0.024074 0.015625
0 0.996296 0.653646 0.031481 0.014583
0 0.545370 0.466667 0.025926 0.015625
0 0.990741 0.522917 0.018519 0.027083
