0 0.989815 0.780729 0.016667 0.029167
0 0.926852 0.692708 0.035185 0.017708
0 0.997222 0.747396 0.016667 0.027083
0 0.872222 0.725000 0.029630 0.017708
0 0.992593 0.719271 0.014815 0.018750
0 0.903704 0.359375 0.031481 0.017708
0 0.925000 0.301042 0.027778 0.014583
0 0.989815 0.696875 0.018519 0.023958
0 0.895370 0.378646 0.027778 0.014583
0 0.994444 0.727604 0.011111 0.020833
0 0.921296 0.394792 0.031481 0.015625
0 0.956481 0.670312 0.031481 0.017708
0 0.994444 0.575521 0.011111 0.025000
0 0.990741 0.773438 0.016667 0.017708
0 0.989815 0.248958 0.018519 0.010417
0 0.992593 0.277083 0.011111 0.016667
0 0.896296 0.506250 0.025926 0.013542
0 0.989815 0.735417 0.016667 0.023958
0 0.996296 0.711458 0.007407 0.015625
0 0.994444 0.533854 0.009259 0.022917
0 0.994444 0.706250 0.009259 0.014583
0 0.992593 0.778646 0.012963 0.016667
0 0.994444 0.621875 0.009259 0.017708
0 0.995370 0.701042 0.005556 0.012500
0 1.000926 0.441667 0.003704 0.002083
0 0.992593 0.623437 0.012963 0.025000
0 0.992593 0.783854 0.012963 0.019792
0 0.994444 0.626563 0.009259 0.020833
0 0.994444 0.640104 0.009259 0.016667
0 0.993519 0.705208 0.012963 0.018750
0 0.991667 0.569792 0.016667 0.032292
0 0.876852 0.478646 0.025926 0.015625
0 0.981481 0.543750 0.022222 0.012500
0 0.896296 0.701562 0.027778 0.016667
0 0.178704 0.328646 0.031481 0.017708
0 0.211111 0.323958 0.040741 0.020833
0 0.264815 0.714583 0.031481 0.017708
0 0.300000 0.585417 0.016667 0.011458
0 0.427778 0.197396 0.011111 0.006250
0 0.451852 0.318229 0.020370 0.012500
0 0.968519 0.320312 0.037037 0.016667
0 0.103704 0.361979 0.031481 0.016667
0 0.188889 0.716146 0.024074 0.013542
0 0.157407 0.558854 0.027778 0.016667
0 0.423148 0.503646 0.024074 0.014583
0 0.225000 0.310417 0.031481 0.017708
0 0.502778 0.401042 0.022222 0.012500
0 0.280556 0.577083 0.022222 0.013542
0 0.459259 0.495312 0.020370 0.011458
0 0.325926 0.519271 0.020370 0.012500
0 0.317593 0.574479 0.024074 0.010417
0 0.996296 0.411979 0.003704 0.014583
0 0.426852 0.317708 0.024074 0.012500
0 0.313889 0.582812 0.029630 0.013542
0 0.413889 0.309896 0.025926 0.014583
0 0.995370 0.684896 0.007407 0.022917
0 0.994444 0.568750 0.024074 0.011458
0 0.343519 0.517188 0.029630 0.017708
0 0.961111 0.533333 0.020370 0.012500
0 0.379630 0.489583 0.022222 0.011458
0 0.315741 0.583333 0.024074 0.013542
0 0.993519 0.684896 0.011111 0.015625
0 0.344444 0.517188 0.029630 0.017708
0 0.356481 0.511979 0.020370 0.013542
0 0.378704 0.291667 0.024074 0.015625
0 0.384259 0.503646 0.024074 0.015625
0 0.372222 0.318229 0.024074 0.015625
0 0.996296 0.685417 0.005556 0.018750
0 0.392593 0.321875 0.020370 0.013542
0 0.420370 0.493229 0.020370 0.011458
0 0.400000 0.331771 0.020370 0.013542
0 0.992593 0.768750 0.012963 0.032292
0 0.448148 0.481250 0.024074 0.012500
0 0.462037 0.316146 0.022222 0.013542
0 0.959259 0.291146 0.031481 0.016667
0 0.519444 0.493750 0.025926 0.014583
0 0.491667 0.315104 0.022222 0.014583
0 0.791667 0.678646 0.033333 0.020833
0 0.559259 0.405208 0.029630 0.018750
0 0.529630 0.421354 0.020370 0.011458
0 0.526852 0.436458 0.011111 0.006250
0 0.948148 0.530208 0.024074 0.013542
0 0.567593 0.397917 0.014815 0.008333
0 0.874074 0.701042 0.037037 0.019792
0 0.995370 0.327083 0.020370 0.010417
0 0.837037 0.726562 0.033333 0.018750
0 0.995370 0.559375 0.020370 0.011458
