0 0.599074 0.191667 0.011111 0.007292
0 0.437963 0.580208 0.022222 0.014583
0 0.376852 0.314063 0.025926 0.019792
0 0.987963 0.648958 0.024074 0.017708
0 0.162037 0.489583 0.031481 0.015625
0 0.634259 0.311979 0.024074 0.014583
0 0.156481 0.512500 0.031481 0.017708
0 0.990741 0.456771 0.018519 0.012500
0 0.076852 0.703125 0.038889 0.021875
0 0.412037 0.315625 0.025926 0.017708
0 0.108333 0.602083 0.022222 0.010417
0 0.303704 0.350521 0.025926 0.015625
0 0.028704 0.741146 0.040741 0.022917
0 0.017593 0.295312 0.035185 0.016667
0 0.600926 0.493750 0.022222 0.013542
0 0.427778 0.570312 0.029630 0.014583
0 0.659259 0.397917 0.022222 0.012500
0 0.437963 0.298958 0.029630 0.015625
0 0.493519 0.712500 0.029630 0.017708
0 0.434259 0.314063 0.031481 0.019792
0 0.392593 0.318750 0.029630 0.017708
0 1.000926 0.677083 0.018519 0.016667
0 0.996296 0.560937 0.007407 0.012500
0 0.361111 0.554688 0.029630 0.017708
0 0.312037 0.715625 0.029630 0.016667
0 0.379630 0.355729 0.027778 0.014583
0 0.992593 0.320833 0.012963 0.011458
0 0.617593 0.313021 0.022222 0.014583
0 0.710185 0.429167 0.020370 0.010417
0 0.997222 0.502083 0.003704 0.017708
0 0.765741 0.402604 0.031481 0.019792
0 0.996296 0.681250 0.016667 0.020833
0 0.661111 0.311458 0.024074 0.015625
0 0.708333 0.491667 0.025926 0.014583
0 0.997222 0.267708 0.005556 0.016667
0 0.616667 0.311979 0.022222 0.014583
0 0.607407 0.478646 0.022222 0.012500
0 0.542593 0.326562 0.020370 0.013542
0 0.581481 0.489583 0.025926 0.012500
0 0.540741 0.316146 0.020370 0.013542
0 0.583333 0.500521 0.024074 0.013542
0 0.995370 0.682813 0.005556 0.018750
0 0.520370 0.311979 0.025926 0.014583
0 0.543519 0.500521 0.024074 0.014583
0 0.551852 0.284896 0.024074 0.015625
0 0.531481 0.508333 0.016667 0.011458
0 0.522222 0.512500 0.025926 0.016667
0 0.483333 0.579688 0.024074 0.014583
0 0.542593 0.485938 0.022222 0.013542
0 0.993519 0.533333 0.009259 0.011458
0 0.523148 0.511458 0.027778 0.016667
0 0.565741 0.304167 0.024074 0.014583
0 0.484259 0.580208 0.024074 0.014583
0 0.574074 0.312500 0.022222 0.013542
0 0.996296 0.452083 0.005556 0.016667
0 0.500000 0.516667 0.024074 0.012500
0 0.999074 0.435937 0.000000 0.000000
0 0.991667 0.586979 0.014815 0.029167
0 0.992593 0.709896 0.014815 0.017708
0 0.997222 0.476042 0.005556 0.011458
0 0.990741 0.690625 0.016667 0.017708
0 0.997222 0.706771 0.003704 0.016667
0 0.988889 0.661458 0.020370 0.011458
0 0.996296 0.741146 0.007407 0.017708
0 0.993519 0.693750 0.011111 0.018750
0 0.994444 0.354687 0.009259 0.014583
0 0.993519 0.335417 0.012963 0.013542
0 0.994444 0.666667 0.011111 0.013542
0 0.939815 0.384375 0.009259 0.012500
0 0.995370 0.394271 0.007407 0.013542
0 0.993519 0.681771 0.009259 0.017708
0 0.993519 0.591146 0.011111 0.028125
0 0.996296 0.483854 0.007407 0.020833
0 0.996296 0.716146 0.005556 0.013542
0 0.994444 0.710938 0.009259 0.014583
