0 1.007407 0.495833 0.029630 0.018750
0 0.983333 0.676042 0.031481 0.019792
0 0.376852 0.696354 0.027778 0.017708
0 0.399074 0.673958 0.024074 0.013542
0 0.888889 0.564063 0.018519 0.010417
0 1.009259 0.667188 0.031481 0.017708
0 0.650000 0.695833 0.025926 0.014583
0 0.481481 0.339062 0.033333 0.017708
0 0.547222 0.282813 0.027778 0.014583
0 0.757407 0.659896 0.042593 0.022917
0 0.991667 0.604167 0.014815 0.020833
0 0.482407 0.358854 0.027778 0.016667
0 0.989815 0.502604 0.020370 0.011458
0 0.787963 0.703646 0.037037 0.021875
0 0.500926 0.375000 0.025926 0.015625
0 0.501852 0.645312 0.029630 0.017708
0 0.995370 0.601562 0.009259 0.025000
0 0.917593 0.534375 0.042593 0.021875
0 0.823148 0.693229 0.046296 0.022917
0 0.992593 0.541146 0.011111 0.017708
0 0.993519 0.526563 0.012963 0.022917
0 0.987037 0.445833 0.022222 0.025000
0 0.951852 0.751042 0.031481 0.017708
0 0.994444 0.700000 0.009259 0.014583
0 0.988889 0.779687 0.025926 0.014583
0 0.994444 0.223958 0.009259 0.019792
0 0.995370 0.493750 0.007407 0.021875
0 0.991667 0.729688 0.016667 0.015625
0 0.899074 0.271354 0.029630 0.019792
0 0.506481 0.485417 0.024074 0.013542
0 0.997222 0.542188 0.024074 0.018750
0 0.787963 0.703646 0.038889 0.022917
0 0.889815 0.701042 0.027778 0.016667
0 0.889815 0.448958 0.038889 0.019792
0 0.993519 0.682813 0.012963 0.023958
0 0.740741 0.778646 0.029630 0.019792
0 0.998148 0.376563 0.009259 0.021875
0 0.994444 0.603646 0.007407 0.023958
0 0.993519 0.258333 0.009259 0.017708
0 0.909259 0.667708 0.038889 0.019792
0 0.986111 0.628125 0.027778 0.021875
0 1.005556 0.511458 0.088889 0.043750
0 0.885185 0.728125 0.031481 0.018750
0 0.992593 0.606771 0.012963 0.025000
0 0.993519 0.398438 0.011111 0.020833
0 0.996296 0.441146 0.005556 0.015625
0 0.985185 0.675521 0.035185 0.020833
0 0.912963 0.788021 0.031481 0.018750
0 0.992593 0.600521 0.012963 0.022917
0 0.993519 0.743750 0.012963 0.023958
0 0.996296 0.396354 0.003704 0.013542
0 0.562037 0.682813 0.025926 0.016667
0 0.587037 0.563542 0.024074 0.013542
0 0.401852 0.650000 0.022222 0.012500
0 0.399074 0.665104 0.035185 0.019792
0 0.339815 0.696875 0.029630 0.018750
0 0.871296 0.307812 0.022222 0.012500
0 0.347222 0.671875 0.035185 0.020833
0 0.157407 0.367708 0.024074 0.013542
0 0.577778 0.510417 0.024074 0.013542
0 0.144444 0.403125 0.025926 0.015625
0 0.199074 0.390104 0.020370 0.009375
0 0.139815 0.372396 0.031481 0.018750
0 0.311111 0.652083 0.029630 0.016667
0 0.136111 0.280729 0.025926 0.014583
0 0.110185 0.461458 0.031481 0.015625
0 0.566667 0.273958 0.027778 0.015625
0 0.101852 0.281250 0.025926 0.014583
0 0.084259 0.446875 0.024074 0.012500
0 0.761111 0.789583 0.037037 0.025000
0 0.079630 0.294792 0.022222 0.014583
0 0.062037 0.459896 0.024074 0.012500
0 0.066667 0.284375 0.024074 0.014583
0 0.050926 0.468750 0.025926 0.014583
0 0.990741 0.538021 0.018519 0.027083
0 0.018519 0.252083 0.025926 0.015625
0 0.013889 0.467187 0.024074 0.015625
0 0.043519 0.280208 0.024074 0.013542
0 0.675000 0.635938 0.031481 0.018750
0 0.985185 0.675521 0.035185 0.020833
0 0.900000 0.678646 0.033333 0.015625
0 1.011111 0.478646 0.044444 0.032292
0 0.591667 0.688542 0.029630 0.016667
0 1.007407 0.312500 0.038889 0.025000
0 0.993519 0.502083 0.009259 0.017708
0 0.963889 0.786979 0.018519 0.011458
0 0.995370 0.547917 0.009259 0.021875
0 0.611111 0.682813 0.022222 0.013542
0 0.988889 0.695833 0.037037 0.015625
0 0.875926 0.658333 0.024074 0.015625
0 0.992593 0.582292 0.012963 0.015625
0 0.994444 0.646354 0.031481 0.014583
0 0.478704 0.456771 0.025926 0.015625
