0 0.005556 0.399479 0.011111 0.014583
0 0.447222 0.498437 0.022222 0.013542
0 0.008333 0.361979 0.016667 0.012500
0 0.187037 0.668229 0.037037 0.020833
0 0.699074 0.284375 0.020370 0.013542
0 0.189815 0.693750 0.033333 0.018750
0 0.850926 0.659375 0.038889 0.023958
0 0.445370 0.552083 0.022222 0.013542
0 0.239815 0.645312 0.022222 0.014583
0 0.238889 0.659896 0.037037 0.020833
0 1.008333 0.460417 0.029630 0.018750
0 0.820370 0.654687 0.033333 0.020833
0 0.227778 0.691667 0.029630 0.017708
0 0.247222 0.668750 0.027778 0.015625
0 0.709259 0.546354 0.020370 0.011458
0 0.886111 0.656250 0.027778 0.014583
0 0.516667 0.682292 0.025926 0.014583
0 0.314815 0.326042 0.033333 0.017708
0 0.389815 0.266146 0.031481 0.014583
0 0.587963 0.644792 0.044444 0.021875
0 0.000000 0.000000 0.000000 0.000000
0 0.992593 0.589063 0.014815 0.019792
0 0.851852 0.659375 0.038889 0.022917
0 0.766667 0.767188 0.031481 0.018750
0 0.993519 0.596875 0.012963 0.021875
0 0.990741 0.539583 0.016667 0.025000
0 0.333333 0.447396 0.029630 0.016667
0 0.922222 0.627604 0.033333 0.015625
0 1.003704 0.294271 0.024074 0.015625
0 0.719444 0.534375 0.027778 0.015625
0 0.992593 0.534896 0.031481 0.018750
0 0.991667 0.579688 0.016667 0.018750
0 0.702778 0.641667 0.022222 0.015625
0 0.453704 0.677083 0.029630 0.015625
0 0.995370 0.593750 0.007407 0.023958
0 0.987037 0.335938 0.029630 0.016667
0 0.806481 0.355208 0.042593 0.023958
0 0.627778 0.776042 0.033333 0.020833
0 0.425000 0.672396 0.025926 0.016667
0 0.704630 0.430729 0.037037 0.020833
0 0.730556 0.682292 0.031481 0.017708
0 0.623148 0.688542 0.037037 0.022917
0 0.529630 0.263021 0.033333 0.019792
0 0.994444 0.714583 0.011111 0.020833
0 0.996296 0.408333 0.005556 0.015625
0 1.003704 0.269792 0.029630 0.016667
0 0.817593 0.654167 0.037037 0.020833
0 0.732407 0.659896 0.033333 0.015625
0 1.005556 0.536979 0.027778 0.021875
0 0.471296 0.670833 0.020370 0.012500
0 0.987037 0.542708 0.025926 0.022917
0 0.818519 0.764583 0.024074 0.013542
0 0.993519 0.529167 0.011111 0.019792
0 1.005556 0.280729 0.027778 0.016667
0 1.008333 0.562500 0.031481 0.019792
0 0.989815 0.687500 0.035185 0.020833
0 0.965741 0.254688 0.035185 0.018750
0 0.737963 0.648958 0.035185 0.018750
0 0.986111 0.590104 0.025926 0.021875
0 1.006481 0.497396 0.068519 0.033333
0 0.732407 0.708854 0.029630 0.019792
0 0.993519 0.660417 0.011111 0.020833
0 0.833333 0.377604 0.044444 0.022917
0 0.996296 0.473438 0.005556 0.017708
0 0.993519 0.484375 0.012963 0.022917
0 0.987963 0.392708 0.020370 0.022917
0 0.800926 0.728646 0.031481 0.016667
0 0.992593 0.704688 0.011111 0.017708
0 0.954630 0.570833 0.050000 0.026042
0 1.000000 0.362500 0.033333 0.023958
0 0.846296 0.756771 0.027778 0.015625
0 0.983333 0.214583 0.031481 0.022917
0 0.362037 0.636979 0.029630 0.016667
0 0.339815 0.362500 0.029630 0.016667
0 0.622222 0.688542 0.038889 0.022917
0 0.989815 0.483854 0.020370 0.011458
0 0.321296 0.345833 0.031481 0.015625
0 0.705556 0.251563 0.029630 0.019792
0 0.366667 0.474479 0.024074 0.013542
0 0.996296 0.520833 0.024074 0.018750
0 0.988889 0.272396 0.031481 0.015625
0 0.740741 0.515625 0.040741 0.021875
0 0.653704 0.676042 0.042593 0.022917
0 0.992593 0.539062 0.011111 0.017708
0 0.995370 0.528125 0.007407 0.021875
0 0.991667 0.723958 0.016667 0.015625
