0 0.011111 0.349479 0.022222 0.017708
0 0.050926 0.703125 0.033333 0.014583
0 0.045370 0.546875 0.031481 0.017708
0 0.887963 0.542708 0.018519 0.011458
0 0.746296 0.699479 0.027778 0.017708
0 0.073148 0.317188 0.031481 0.017708
0 0.105556 0.312500 0.038889 0.019792
0 0.124074 0.701562 0.029630 0.016667
0 0.122222 0.298958 0.033333 0.017708
0 0.423148 0.393750 0.020370 0.013542
0 0.155556 0.560937 0.018519 0.011458
0 0.374074 0.488542 0.020370 0.012500
0 0.229630 0.509375 0.022222 0.014583
0 0.294444 0.494792 0.025926 0.015625
0 0.214815 0.564583 0.024074 0.010417
0 0.996296 0.390104 0.003704 0.014583
0 0.352778 0.309896 0.022222 0.013542
0 0.215741 0.572917 0.025926 0.014583
0 0.340741 0.302083 0.024074 0.014583
0 0.995370 0.664583 0.007407 0.022917
0 1.010185 0.541146 0.025926 0.011458
0 0.244444 0.506250 0.029630 0.016667
0 0.871296 0.533333 0.022222 0.011458
0 0.300000 0.309375 0.022222 0.013542
0 0.287963 0.480729 0.022222 0.011458
0 0.215741 0.572396 0.025926 0.014583
0 0.993519 0.693229 0.011111 0.015625
0 0.246296 0.507812 0.029630 0.017708
0 0.263889 0.502604 0.024074 0.014583
0 0.296296 0.283333 0.025926 0.016667
0 0.831481 0.298438 0.027778 0.015625
0 0.994444 0.552604 0.011111 0.017708
0 0.989815 0.691667 0.016667 0.022917
0 0.790741 0.376042 0.025926 0.016667
0 0.796296 0.356250 0.031481 0.017708
0 0.985185 0.720313 0.027778 0.016667
0 0.734259 0.722917 0.031481 0.018750
0 0.997222 0.720833 0.016667 0.025000
0 0.776852 0.691146 0.033333 0.017708
0 0.913889 0.582292 0.020370 0.011458
0 0.993519 0.725521 0.011111 0.021875
0 0.814815 0.391667 0.029630 0.014583
0 0.834259 0.669792 0.031481 0.017708
0 0.995370 0.659375 0.009259 0.025000
0 0.996296 0.652083 0.005556 0.018750
0 0.333333 0.494792 0.024074 0.014583
0 0.321296 0.313542 0.022222 0.013542
0 0.337037 0.484375 0.025926 0.012500
0 0.327778 0.323437 0.020370 0.012500
0 0.994444 0.784375 0.011111 0.026042
0 0.361111 0.472917 0.025926 0.012500
0 0.375926 0.308854 0.027778 0.014583
0 0.862037 0.288542 0.027778 0.016667
0 0.415741 0.486458 0.027778 0.015625
0 0.408333 0.307292 0.022222 0.014583
0 0.660185 0.675521 0.035185 0.019792
0 0.452778 0.397396 0.031481 0.018750
0 0.452778 0.415104 0.020370 0.011458
0 0.428704 0.429167 0.012963 0.007292
0 0.855556 0.529167 0.022222 0.013542
0 0.453704 0.389062 0.016667 0.009375
0 0.724074 0.697917 0.037037 0.021875
0 0.995370 0.321354 0.020370 0.011458
0 0.698148 0.723958 0.031481 0.019792
0 0.991667 0.692708 0.014815 0.029167
0 0.990741 0.743750 0.016667 0.027083
0 0.989815 0.764583 0.018519 0.017708
0 0.775926 0.476562 0.027778 0.016667
0 0.991667 0.765104 0.014815 0.008333
0 0.990741 0.234375 0.018519 0.010417
0 0.992593 0.271875 0.012963 0.017708
0 0.797222 0.504687 0.024074 0.013542
0 0.990741 0.730208 0.018519 0.023958
0 0.991667 0.710417 0.014815 0.020833
0 0.994444 0.514062 0.011111 0.023958
0 0.904630 0.707812 0.031481 0.017708
0 0.992593 0.784375 0.012963 0.017708
0 0.994444 0.357812 0.009259 0.022917
0 0.994444 0.260937 0.007407 0.013542
0 0.993519 0.636979 0.009259 0.018750
0 0.994444 0.712500 0.007407 0.015625
0 0.992593 0.433854 0.011111 0.023958
0 0.993519 0.621875 0.012963 0.020833
0 0.993519 0.782813 0.011111 0.019792
0 0.994444 0.654167 0.009259 0.019792
0 0.995370 0.654687 0.007407 0.013542
0 0.937963 0.713542 0.035185 0.018750
0 0.991667 0.535417 0.014815 0.029167
0 0.999074 0.684375 0.033333 0.014583
