0 0.659259 0.575521 0.031481 0.017708
0 0.085185 0.705208 0.031481 0.016667
0 0.676852 0.599479 0.029630 0.015625
0 0.717593 0.312500 0.031481 0.017708
0 0.800000 0.547396 0.037037 0.020833
0 0.427778 0.796875 0.029630 0.016667
0 0.541667 0.571875 0.040741 0.022917
0 0.865741 0.568229 0.029630 0.016667
0 0.245370 0.385937 0.027778 0.013542
0 0.107407 0.700521 0.024074 0.013542
0 0.328704 0.701042 0.022222 0.011458
0 0.673148 0.727604 0.029630 0.016667
0 0.259259 0.670312 0.027778 0.016667
0 0.833333 0.597396 0.029630 0.015625
0 0.729630 0.661979 0.025926 0.014583
0 0.824074 0.585938 0.029630 0.015625
0 0.462963 0.240625 0.024074 0.013542
0 0.295370 0.386979 0.022222 0.008333
0 0.352778 0.561458 0.027778 0.015625
0 0.445370 0.472396 0.037037 0.021875
0 0.137963 0.297917 0.022222 0.010417
0 0.700926 0.316667 0.024074 0.017708
0 0.482407 0.657813 0.029630 0.017708
0 0.650000 0.553646 0.029630 0.016667
0 0.626852 0.576042 0.027778 0.016667
0 0.006481 0.465625 0.025926 0.015625
0 0.822222 0.382812 0.027778 0.013542
0 0.819444 0.564063 0.035185 0.019792
0 0.141667 0.675521 0.037037 0.018750
0 0.868519 0.415625 0.027778 0.019792
0 0.657407 0.744792 0.033333 0.020833
0 0.405556 0.762500 0.033333 0.017708
0 0.837037 0.410417 0.040741 0.022917
0 0.579630 0.510417 0.042593 0.025000
0 0.850000 0.556250 0.033333 0.018750
0 0.210185 0.707292 0.044444 0.025000
0 0.325926 0.541667 0.040741 0.022917
0 0.675926 0.303125 0.031481 0.015625
0 0.525926 0.600000 0.048148 0.027083
0 0.007407 0.661979 0.014815 0.014583
0 0.009259 0.375521 0.016667 0.017708
0 0.181481 0.717708 0.037037 0.027083
0 0.695370 0.523438 0.031481 0.018750
0 0.012963 0.339062 0.018519 0.018750
0 0.846296 0.602083 0.031481 0.017708
0 -0.061111 0.344792 0.005556 0.002083
0 0.458333 0.790104 0.029630 0.016667
0 0.697222 0.716146 0.040741 0.023958
0 0.330556 0.740104 0.031481 0.018750
0 0.875000 0.540104 0.031481 0.019792
0 0.845370 0.602083 0.033333 0.018750
0 0.302778 0.678646 0.037037 0.019792
0 0.672222 0.293750 0.040741 0.026042
0 0.802778 0.603646 0.035185 0.019792
0 0.831481 0.371354 0.029630 0.016667
0 0.169444 0.306771 0.029630 0.015625
0 0.335185 0.379688 0.042593 0.023958
0 0.232407 0.808854 0.044444 0.023958
0 0.057407 0.701562 0.027778 0.013542
0 0.733333 0.514583 0.020370 0.010417
0 0.280556 0.453646 0.038889 0.020833
0 0.323148 0.712500 0.031481 0.018750
0 0.174074 0.720313 0.033333 0.022917
0 0.081481 0.274479 0.027778 0.016667
0 0.726852 0.304688 0.020370 0.014583
0 0.671296 0.543750 0.031481 0.019792
0 0.658333 0.312500 0.022222 0.013542
0 0.050000 0.494271 0.025926 0.014583
0 0.400926 0.278646 0.029630 0.018750
0 0.625926 0.748437 0.035185 0.019792
0 0.712037 0.568750 0.044444 0.023958
0 0.557407 0.245833 0.037037 0.023958
0 0.303704 0.690104 0.033333 0.014583
0 0.406481 0.687500 0.038889 0.018750
0 0.676852 0.281771 0.031481 0.017708
0 0.810185 0.461458 0.040741 0.023958
0 0.575000 0.749479 0.042593 0.021875
0 0.864815 0.589063 0.031481 0.018750
0 0.371296 0.801562 0.031481 0.018750
0 0.426852 0.692187 0.035185 0.019792
0 0.735185 0.529687 0.037037 0.020833
0 0.366667 0.403646 0.042593 0.021875
