0 0.752778 0.309896 0.025926 0.016667
0 0.702778 0.573438 0.027778 0.016667
0 0.717593 0.551042 0.029630 0.016667
0 0.565741 0.657813 0.031481 0.016667
0 0.899074 0.559375 0.035185 0.020833
0 0.879630 0.383854 0.027778 0.013542
0 0.063889 0.471354 0.027778 0.014583
0 0.508333 0.238021 0.024074 0.012500
0 0.033333 0.281250 0.016667 0.017708
0 0.230556 0.679167 0.035185 0.018750
0 -0.075000 0.337500 0.000000 0.000000
0 0.922222 0.597396 0.035185 0.018750
0 0.035185 0.370312 0.031481 0.016667
0 0.774074 0.520312 0.033333 0.018750
0 0.264815 0.723437 0.035185 0.023958
0 0.053704 0.384896 0.029630 0.015625
0 0.071296 0.667188 0.031481 0.019792
0 0.605556 0.599479 0.046296 0.027083
0 0.747222 0.298438 0.031481 0.015625
0 0.401852 0.542708 0.038889 0.022917
0 0.299074 0.710417 0.042593 0.026042
0 0.928704 0.551042 0.031481 0.018750
0 0.665741 0.509375 0.042593 0.025000
0 0.924074 0.404167 0.038889 0.022917
0 0.486111 0.761979 0.031481 0.017708
0 0.743519 0.742188 0.037037 0.019792
0 0.943519 0.407813 0.027778 0.019792
0 0.537963 0.789583 0.025926 0.017708
0 0.625926 0.242708 0.040741 0.021875
0 0.792593 0.565625 0.044444 0.023958
0 0.711111 0.746354 0.033333 0.019792
0 0.447222 0.277604 0.029630 0.019792
0 0.108333 0.499479 0.025926 0.014583
0 0.729630 0.308333 0.020370 0.013542
0 0.739815 0.540104 0.031481 0.017708
0 0.778704 0.297917 0.018519 0.014583
0 0.137963 0.283854 0.027778 0.016667
0 0.264815 0.723437 0.037037 0.023958
0 0.404630 0.714063 0.029630 0.017708
0 0.354630 0.456250 0.037037 0.019792
0 0.816667 0.511979 0.020370 0.010417
0 0.133333 0.704167 0.029630 0.014583
0 0.314815 0.810417 0.042593 0.022917
0 0.416667 0.381771 0.042593 0.022917
0 0.213889 0.304167 0.027778 0.014583
0 0.899074 0.364583 0.029630 0.016667
0 0.876852 0.599479 0.035185 0.019792
0 0.742593 0.289062 0.038889 0.025000
0 0.388889 0.680208 0.037037 0.019792
0 0.921296 0.596354 0.037037 0.019792
0 0.956481 0.534375 0.035185 0.019792
0 0.412963 0.741146 0.031481 0.018750
0 0.780556 0.713542 0.040741 0.023958
0 0.447222 0.405208 0.040741 0.021875
0 0.817593 0.526042 0.037037 0.021875
0 0.512037 0.692708 0.035185 0.020833
0 0.452778 0.801562 0.031481 0.018750
0 0.939815 0.583854 0.031481 0.019792
0 0.662963 0.748437 0.044444 0.022917
0 0.895370 0.456771 0.044444 0.023958
0 0.749074 0.276562 0.029630 0.016667
0 0.493519 0.687500 0.037037 0.018750
0 0.387963 0.691667 0.035185 0.014583
0 0.726852 0.571875 0.029630 0.019792
0 0.159259 0.708854 0.029630 0.016667
0 0.736111 0.595313 0.024074 0.014583
0 0.770370 0.305729 0.029630 0.018750
0 0.879630 0.542708 0.035185 0.020833
0 0.508333 0.797396 0.027778 0.015625
0 0.625926 0.571354 0.040741 0.022917
0 0.939815 0.563021 0.027778 0.016667
0 0.315741 0.389062 0.027778 0.013542
0 0.181481 0.703646 0.024074 0.013542
0 0.410185 0.702604 0.020370 0.010417
0 0.748148 0.725000 0.025926 0.014583
0 0.346296 0.672917 0.027778 0.016667
0 0.906481 0.592708 0.031481 0.018750
0 0.812963 0.660417 0.025926 0.014583
0 0.899074 0.581250 0.029630 0.015625
0 0.349074 0.389062 0.022222 0.008333
0 0.410185 0.561979 0.027778 0.015625
0 0.518519 0.472396 0.038889 0.022917
0 0.152778 0.301563 0.020370 0.010417
0 0.237963 0.713021 0.027778 0.014583
0 0.021296 0.348438 0.033333 0.016667
