0 0.993519 0.515625 0.011111 0.018750
0 0.870370 0.771354 0.020370 0.012500
0 0.994444 0.541146 0.009259 0.021875
0 0.524074 0.676042 0.020370 0.013542
0 0.986111 0.699479 0.031481 0.015625
0 0.766667 0.647917 0.024074 0.016667
0 0.992593 0.575521 0.014815 0.016667
0 0.992593 0.542188 0.031481 0.018750
0 1.003704 0.302604 0.024074 0.015625
0 0.986111 0.635938 0.029630 0.013542
0 0.386111 0.453646 0.025926 0.015625
0 0.990741 0.539583 0.016667 0.026042
0 0.506481 0.682292 0.029630 0.016667
0 1.006481 0.295312 0.031481 0.019792
0 1.010185 0.566667 0.038889 0.023958
0 1.008333 0.513542 0.033333 0.026042
0 0.287963 0.694792 0.029630 0.017708
0 0.993519 0.225000 0.009259 0.019792
0 0.995370 0.513021 0.007407 0.021875
0 0.991667 0.721875 0.016667 0.015625
0 0.766667 0.264062 0.031481 0.020833
0 0.417593 0.481250 0.024074 0.012500
0 0.997222 0.521875 0.024074 0.018750
0 0.612037 0.275000 0.035185 0.020833
0 0.684259 0.693750 0.038889 0.021875
0 0.788889 0.688542 0.029630 0.016667
0 0.771296 0.439583 0.037037 0.019792
0 0.476852 0.677083 0.024074 0.016667
0 0.250926 0.695833 0.033333 0.018750
0 0.653704 0.768750 0.025926 0.019792
0 0.881481 0.366667 0.042593 0.021875
0 0.987037 0.345313 0.029630 0.016667
0 0.995370 0.602604 0.007407 0.022917
0 0.993519 0.268750 0.011111 0.018750
0 0.800926 0.655729 0.037037 0.019792
0 0.985185 0.603646 0.025926 0.021875
0 1.009259 0.499479 0.079630 0.038542
0 0.787963 0.715104 0.031481 0.019792
0 0.992593 0.639062 0.011111 0.023958
0 0.906481 0.389062 0.042593 0.021875
0 0.996296 0.450521 0.005556 0.016667
0 0.913889 0.666146 0.038889 0.022917
0 0.819444 0.773438 0.031481 0.018750
0 0.993519 0.600000 0.012963 0.021875
0 0.993519 0.722917 0.012963 0.022917
0 0.793519 0.666667 0.031481 0.016667
0 0.876852 0.661979 0.037037 0.021875
0 0.062037 0.367188 0.024074 0.011458
0 0.252778 0.671354 0.035185 0.020833
0 0.742593 0.298438 0.024074 0.012500
0 0.912963 0.666146 0.040741 0.025000
0 0.497222 0.558333 0.024074 0.014583
0 0.304630 0.648438 0.022222 0.012500
0 0.303704 0.663542 0.035185 0.019792
0 1.006481 0.473438 0.027778 0.018750
0 0.878704 0.661979 0.035185 0.020833
0 0.897222 0.764062 0.025926 0.015625
0 0.307407 0.671875 0.027778 0.014583
0 0.775926 0.554688 0.018519 0.011458
0 0.943519 0.664062 0.024074 0.013542
0 0.565741 0.687500 0.025926 0.013542
0 0.375926 0.334896 0.031481 0.016667
0 0.445370 0.277083 0.025926 0.015625
0 0.652778 0.650521 0.042593 0.021875
0 0.991667 0.595313 0.012963 0.019792
0 0.380556 0.354687 0.029630 0.015625
0 0.991667 0.490625 0.022222 0.011458
0 0.685185 0.694271 0.038889 0.021875
0 0.400000 0.370312 0.027778 0.015625
0 0.414815 0.641667 0.029630 0.016667
0 0.995370 0.580208 0.009259 0.023958
0 0.804630 0.523958 0.040741 0.020833
0 0.719444 0.681771 0.048148 0.023958
0 0.993519 0.542188 0.011111 0.017708
0 0.993519 0.497396 0.011111 0.021875
0 0.987037 0.410417 0.020370 0.023958
0 0.854630 0.735938 0.031481 0.017708
0 0.996296 0.402604 0.005556 0.013542
0 0.993519 0.714583 0.009259 0.016667
0 0.004630 0.280729 0.009259 0.015625
0 0.461111 0.269271 0.027778 0.013542
0 0.013889 0.462500 0.027778 0.015625
0 0.030556 0.279167 0.025926 0.015625
0 0.220370 0.651563 0.027778 0.015625
0 0.032407 0.372917 0.033333 0.018750
0 0.104630 0.389583 0.020370 0.009375
0 0.490741 0.505208 0.024074 0.012500
0 0.051852 0.402604 0.025926 0.013542
