0 0.991667 0.749479 0.016667 0.040625
0 0.994444 0.584375 0.011111 0.027083
0 0.993519 0.681771 0.012963 0.016667
0 0.995370 0.398438 0.007407 0.014583
0 0.969444 0.377083 0.009259 0.013542
0 0.993519 0.672396 0.012963 0.015625
0 0.992593 0.323437 0.012963 0.014583
0 0.994444 0.354167 0.009259 0.015625
0 0.991667 0.715625 0.014815 0.020833
0 0.995370 0.734375 0.005556 0.017708
0 0.990741 0.661458 0.022222 0.013542
0 0.996296 0.526563 0.020370 0.011458
0 0.991667 0.715104 0.016667 0.019792
0 0.993519 0.687500 0.016667 0.016667
0 0.997222 0.506771 0.003704 0.018750
0 0.656481 0.418750 0.020370 0.010417
0 0.708333 0.390625 0.035185 0.017708
0 0.950000 0.668229 0.035185 0.019792
0 0.615741 0.301042 0.024074 0.015625
0 0.658333 0.480729 0.027778 0.014583
0 0.996296 0.272917 0.003704 0.016667
0 0.570370 0.303646 0.020370 0.014583
0 0.566667 0.468229 0.022222 0.012500
0 0.501852 0.318750 0.022222 0.013542
0 0.537963 0.480729 0.024074 0.012500
0 0.500000 0.307292 0.022222 0.012500
0 0.541667 0.491146 0.024074 0.014583
0 0.995370 0.698438 0.005556 0.018750
0 0.478704 0.303646 0.025926 0.014583
0 0.501852 0.491146 0.024074 0.015625
0 0.504630 0.275521 0.024074 0.015625
0 0.485185 0.498958 0.018519 0.012500
0 0.474074 0.502604 0.027778 0.015625
0 0.993519 0.699479 0.011111 0.015625
0 0.438889 0.570312 0.025926 0.014583
0 0.499074 0.476042 0.022222 0.012500
0 0.994444 0.525000 0.009259 0.011458
0 0.474074 0.502604 0.025926 0.014583
0 0.995370 0.741146 0.007407 0.022917
0 0.522222 0.295833 0.024074 0.015625
0 0.438889 0.570312 0.025926 0.014583
0 0.532407 0.303646 0.022222 0.014583
0 0.996296 0.445833 0.005556 0.015625
0 0.454630 0.506771 0.025926 0.014583
0 0.559259 0.484375 0.020370 0.011458
0 0.385185 0.563021 0.024074 0.016667
0 0.619444 0.388542 0.024074 0.013542
0 0.376852 0.291146 0.029630 0.016667
0 0.427778 0.700000 0.027778 0.016667
0 0.370370 0.305208 0.033333 0.019792
0 0.331481 0.310417 0.029630 0.018750
0 1.000926 0.695833 0.018519 0.016667
0 0.996296 0.726042 0.005556 0.014583
0 0.994444 0.721875 0.009259 0.014583
0 0.993519 0.768229 0.012963 0.015625
0 0.999074 0.435937 0.000000 0.000000
0 0.991667 0.582812 0.016667 0.029167
0 0.995370 0.584375 0.009259 0.019792
0 0.991667 0.715104 0.022222 0.020833
0 0.997222 0.473958 0.003704 0.012500
0 0.993519 0.275000 0.011111 0.015625
0 0.996296 0.503125 0.007407 0.020833
0 0.991667 0.320833 0.014815 0.013542
0 0.039815 0.592187 0.020370 0.009375
0 0.350926 0.307292 0.025926 0.018750
0 0.037963 0.693750 0.037037 0.020833
0 0.986111 0.451042 0.027778 0.013542
0 0.099074 0.504687 0.031481 0.017708
0 0.587037 0.301563 0.022222 0.014583
0 0.108333 0.482292 0.029630 0.014583
0 0.985185 0.635417 0.029630 0.017708
0 0.315741 0.305208 0.024074 0.016667
0 0.403704 0.571354 0.024074 0.014583
0 0.549074 0.181771 0.011111 0.007292
0 0.571296 0.303646 0.022222 0.013542
0 0.277778 0.346875 0.031481 0.017708
0 0.271296 0.704167 0.029630 0.015625
0 0.299074 0.544792 0.027778 0.015625
0 0.996296 0.556250 0.007407 0.012500
