0 0.994444 0.668750 0.007407 0.014583
0 0.992593 0.693750 0.011111 0.015625
0 0.997222 0.476562 0.003704 0.009375
0 0.996296 0.454167 0.007407 0.020833
0 0.995370 0.731250 0.005556 0.016667
0 0.993519 0.658854 0.009259 0.016667
0 0.994444 0.340625 0.007407 0.013542
0 0.992593 0.344271 0.012963 0.013542
0 0.994444 0.651563 0.007407 0.011458
0 1.005556 0.400521 0.014815 0.020833
0 0.996296 0.383333 0.007407 0.012500
0 0.989815 0.663542 0.016667 0.010417
0 0.714815 0.289062 0.024074 0.014583
0 0.690741 0.496875 0.027778 0.015625
0 0.994444 0.523438 0.009259 0.011458
0 0.719444 0.296875 0.022222 0.012500
0 0.659259 0.500521 0.029630 0.014583
0 0.756481 0.478646 0.024074 0.013542
0 0.563889 0.559375 0.022222 0.010417
0 0.822222 0.380729 0.018519 0.011458
0 0.624074 0.281771 0.024074 0.013542
0 0.701852 0.695312 0.025926 0.016667
0 0.624074 0.295833 0.031481 0.019792
0 0.579630 0.301042 0.029630 0.017708
0 1.000926 0.643229 0.016667 0.015625
0 0.564815 0.536458 0.027778 0.016667
0 0.480556 0.697917 0.024074 0.014583
0 0.641667 0.341146 0.033333 0.018750
0 0.774074 0.295833 0.024074 0.014583
0 0.757407 0.173437 0.011111 0.007292
0 0.582407 0.565625 0.022222 0.013542
0 0.562037 0.296354 0.024074 0.016667
0 0.997222 0.631771 0.024074 0.017708
0 0.347222 0.473438 0.027778 0.016667
0 0.795370 0.294792 0.025926 0.014583
0 0.345370 0.495833 0.029630 0.016667
0 0.997222 0.453125 0.016667 0.011458
0 0.255556 0.683854 0.031481 0.014583
0 0.598148 0.297917 0.024074 0.016667
0 0.324074 0.583333 0.018519 0.010417
0 0.202778 0.721875 0.035185 0.018750
0 0.195370 0.279687 0.029630 0.017708
0 0.534259 0.332813 0.024074 0.015625
0 0.169444 0.714063 0.033333 0.015625
0 0.202778 0.627604 0.031481 0.016667
0 0.186111 0.702604 0.035185 0.021875
0 0.133333 0.546875 0.027778 0.012500
0 0.161111 0.667188 0.035185 0.020833
0 0.142593 0.448437 0.048148 0.026042
0 0.156481 0.688021 0.029630 0.016667
0 0.125926 0.576562 0.012963 0.017708
0 0.100000 0.430729 0.051852 0.027083
0 0.078704 0.447396 0.051852 0.025000
0 0.060185 0.515104 0.025926 0.014583
0 0.056481 0.680729 0.040741 0.021875
0 0.061111 0.417187 0.051852 0.029167
0 0.037037 0.482292 0.035185 0.018750
0 0.037963 0.517188 0.025926 0.013542
0 0.040741 0.148958 0.024074 0.014583
0 0.043519 0.709896 0.037037 0.020833
0 0.025926 0.602604 0.033333 0.016667
0 0.389815 0.362500 0.035185 0.022917
0 0.020370 0.144271 0.024074 0.015625
0 0.019444 0.701042 0.037037 0.018750
0 0.009259 0.513542 0.018519 0.012500
0 0.006481 0.439583 0.012963 0.017708
0 0.199074 0.265625 0.027778 0.017708
0 0.704630 0.471354 0.022222 0.012500
0 0.648148 0.564583 0.024074 0.012500
0 0.689815 0.496875 0.027778 0.016667
0 0.713889 0.267708 0.024074 0.013542
0 0.701852 0.485417 0.020370 0.013542
0 0.665741 0.296875 0.024074 0.014583
0 0.996296 0.671875 0.007407 0.019792
0 0.740741 0.485938 0.024074 0.013542
0 0.687037 0.300521 0.020370 0.013542
0 0.649074 0.565104 0.024074 0.014583
0 0.728704 0.475521 0.022222 0.012500
0 0.686111 0.310937 0.022222 0.013542
0 0.764815 0.463542 0.020370 0.012500
0 0.774074 0.296354 0.024074 0.014583
0 0.997222 0.267188 0.005556 0.016667
0 0.882407 0.476562 0.027778 0.015625
0 0.821296 0.294271 0.024074 0.014583
0 0.988889 0.670312 0.020370 0.025000
0 0.950000 0.385417 0.033333 0.018750
0 0.997222 0.500521 0.003704 0.016667
0 0.990741 0.664062 0.014815 0.016667
0 0.997222 0.675521 0.003704 0.016667
