0 0.307407 0.540625 0.018519 0.011458
0 0.242593 0.363542 0.024074 0.009375
0 0.781481 0.530729 0.035185 0.020833
0 0.788889 0.347396 0.027778 0.013542
0 0.008333 0.447396 0.016667 0.013542
0 0.602778 0.545833 0.027778 0.016667
0 0.628704 0.523958 0.029630 0.017708
0 0.442593 0.627083 0.029630 0.016667
0 0.682407 0.284375 0.024074 0.015625
0 0.229630 0.640625 0.027778 0.017708
0 0.811111 0.564583 0.029630 0.016667
0 0.705556 0.629687 0.024074 0.013542
0 0.799074 0.553125 0.027778 0.015625
0 0.438889 0.211458 0.024074 0.013542
0 0.068519 0.268229 0.027778 0.012500
0 0.405556 0.444271 0.031481 0.019792
0 0.841667 0.555729 0.033333 0.018750
0 0.149074 0.686979 0.029630 0.021875
0 0.002778 0.361458 0.005556 0.016667
0 0.009259 0.637500 0.018519 0.018750
0 0.485185 0.570312 0.046296 0.026042
0 0.639815 0.267708 0.031481 0.019792
0 0.290741 0.515104 0.040741 0.021875
0 0.184259 0.676562 0.042593 0.025000
0 0.815741 0.522396 0.035185 0.018750
0 0.524074 0.479167 0.042593 0.025000
0 0.783333 0.373437 0.042593 0.022917
0 0.387037 0.729167 0.029630 0.016667
0 0.625926 0.710938 0.035185 0.020833
0 0.811111 0.378646 0.031481 0.018750
0 0.442593 0.756771 0.025926 0.016667
0 0.500000 0.213542 0.038889 0.023958
0 0.672222 0.536458 0.042593 0.023958
0 0.592593 0.714583 0.033333 0.019792
0 0.379630 0.252083 0.029630 0.019792
0 0.050926 0.473958 0.025926 0.013542
0 0.603704 0.278646 0.022222 0.013542
0 0.648148 0.513542 0.033333 0.018750
0 0.704630 0.270313 0.020370 0.014583
0 0.061111 0.256250 0.027778 0.013542
0 0.152778 0.688542 0.037037 0.018750
0 0.300926 0.681771 0.029630 0.016667
0 0.237963 0.429167 0.040741 0.020833
0 0.690741 0.482292 0.022222 0.011458
0 0.062037 0.672917 0.027778 0.015625
0 0.225000 0.773438 0.042593 0.026042
0 0.273148 0.353125 0.040741 0.021875
0 0.094444 0.286458 0.031481 0.016667
0 0.816667 0.334896 0.024074 0.016667
0 0.778704 0.570833 0.033333 0.018750
0 0.617593 0.258854 0.038889 0.025000
0 0.272222 0.648958 0.037037 0.019792
0 0.821296 0.568750 0.033333 0.018750
0 0.839815 0.505208 0.033333 0.019792
0 0.312963 0.708854 0.031481 0.018750
0 0.668519 0.682292 0.042593 0.025000
0 0.309259 0.376563 0.040741 0.021875
0 0.688889 0.496875 0.035185 0.020833
0 0.397222 0.660937 0.033333 0.020833
0 0.356481 0.767188 0.029630 0.017708
0 0.538889 0.715625 0.040741 0.020833
0 0.758333 0.426563 0.042593 0.023958
0 0.624074 0.245312 0.031481 0.017708
0 0.374074 0.656771 0.031481 0.018750
0 0.275000 0.659375 0.033333 0.014583
0 0.637037 0.545312 0.029630 0.017708
0 0.087037 0.677083 0.029630 0.015625
0 0.641667 0.568229 0.029630 0.014583
0 0.696296 0.278125 0.031481 0.017708
0 0.761111 0.514062 0.035185 0.019792
0 0.415741 0.763542 0.029630 0.015625
0 0.494444 0.541146 0.038889 0.021875
0 0.839815 0.534896 0.031481 0.018750
0 0.217593 0.362500 0.025926 0.012500
0 0.115741 0.646354 0.033333 0.018750
0 0.307407 0.670312 0.027778 0.014583
0 0.661111 0.695833 0.027778 0.014583
