0 0.427778 0.282292 0.029630 0.016667
0 0.250926 0.450521 0.027778 0.017708
0 0.205556 0.520833 0.014815 0.009375
0 0.238889 0.714063 0.029630 0.019792
0 0.300000 0.160938 0.024074 0.014583
0 0.625926 0.375521 0.035185 0.016667
0 0.260185 0.613021 0.031481 0.017708
0 0.282407 0.720833 0.037037 0.020833
0 0.301852 0.160938 0.022222 0.014583
0 0.218519 0.530208 0.024074 0.013542
0 0.239815 0.493750 0.029630 0.016667
0 0.341667 0.429167 0.048148 0.028125
0 0.293519 0.691667 0.035185 0.021875
0 0.239815 0.528125 0.024074 0.014583
0 0.352778 0.457292 0.048148 0.027083
0 0.380556 0.441667 0.046296 0.027083
0 0.346296 0.591667 0.014815 0.019792
0 0.415741 0.700521 0.033333 0.018750
0 0.414815 0.459896 0.044444 0.025000
0 0.416667 0.679167 0.033333 0.019792
0 0.863889 0.313021 0.031481 0.015625
0 0.361111 0.559896 0.029630 0.013542
0 0.437037 0.716146 0.033333 0.021875
0 0.453704 0.640104 0.029630 0.015625
0 0.388889 0.728125 0.027778 0.017708
0 0.839815 0.346875 0.024074 0.015625
0 0.420370 0.295312 0.027778 0.014583
0 0.904630 0.505208 0.018519 0.012500
0 0.404630 0.736458 0.035185 0.020833
0 0.587037 0.597396 0.016667 0.010417
0 0.849074 0.315625 0.022222 0.014583
0 0.501852 0.698438 0.024074 0.012500
0 0.578704 0.510417 0.031481 0.017708
0 0.993519 0.315104 0.020370 0.015625
0 0.571296 0.488021 0.025926 0.017708
0 0.835185 0.312500 0.038889 0.025000
0 0.789815 0.582292 0.018519 0.012500
0 0.958333 0.197396 0.012963 0.008333
0 0.970370 0.316667 0.024074 0.013542
0 0.736111 0.716146 0.018519 0.010417
0 0.842593 0.316146 0.029630 0.012500
0 0.862963 0.313542 0.031481 0.015625
0 0.960185 0.714583 0.031481 0.014583
0 0.862963 0.300521 0.024074 0.012500
0 0.989815 0.394792 0.014815 0.009375
0 0.787963 0.577604 0.014815 0.007292
0 0.855556 0.519271 0.024074 0.013542
0 0.904630 0.317188 0.024074 0.014583
0 0.852778 0.584375 0.025926 0.014583
0 0.896296 0.309896 0.027778 0.014583
0 0.900926 0.516146 0.027778 0.015625
0 0.907407 0.489063 0.016667 0.009375
0 0.853704 0.584375 0.025926 0.013542
0 0.900000 0.515625 0.027778 0.015625
0 0.916667 0.289062 0.024074 0.014583
0 0.937963 0.505729 0.025926 0.015625
0 0.875000 0.320312 0.022222 0.012500
0 0.927778 0.493750 0.025926 0.014583
0 0.867593 0.330208 0.022222 0.014583
0 0.965741 0.482812 0.018519 0.009375
0 0.971296 0.317188 0.024074 0.014583
0 0.995370 0.468229 0.005556 0.013542
0 0.991667 0.315104 0.016667 0.015625
0 0.996296 0.404687 0.005556 0.017708
0 0.240741 0.328125 0.027778 0.017708
0 0.437037 0.241146 0.031481 0.017708
0 0.075000 0.455729 0.025926 0.010417
0 0.313889 0.165625 0.022222 0.013542
0 0.866667 0.518750 0.025926 0.013542
0 0.056481 0.422396 0.038889 0.019792
0 0.068519 0.547917 0.027778 0.014583
0 0.090741 0.544271 0.035185 0.017708
0 0.437963 0.524479 0.018519 0.010417
0 0.125000 0.541667 0.029630 0.016667
0 0.514815 0.490625 0.020370 0.013542
0 0.449074 0.292708 0.033333 0.020833
0 0.157407 0.254167 0.031481 0.019792
0 0.202778 0.222917 0.035185 0.020833
0 0.155556 0.254167 0.033333 0.021875
0 0.155556 0.541146 0.035185 0.018750
0 0.947222 0.726042 0.027778 0.013542
0 0.187963 0.272396 0.031481 0.017708
0 0.308333 0.148438 0.024074 0.014583
0 0.223148 0.437500 0.035185 0.020833
0 0.225926 0.452083 0.035185 0.017708
0 0.189815 0.542188 0.033333 0.018750
0 0.263889 0.709375 0.027778 0.017708
0 0.264815 0.326562 0.027778 0.016667
0 0.952778 0.438542 0.020370 0.013542
