0 0.464815 0.522396 0.025926 0.016667
0 0.993519 0.529167 0.009259 0.010417
0 0.492593 0.496354 0.024074 0.011458
0 0.429630 0.590104 0.024074 0.014583
0 0.993519 0.696875 0.011111 0.015625
0 0.465741 0.521875 0.025926 0.016667
0 0.475000 0.517708 0.018519 0.012500
0 0.501852 0.300521 0.024074 0.015625
0 0.494444 0.510938 0.024074 0.014583
0 0.480556 0.327604 0.024074 0.014583
0 0.996296 0.697917 0.005556 0.018750
0 0.534259 0.511458 0.024074 0.014583
0 0.500926 0.330208 0.022222 0.012500
0 0.325926 0.333333 0.029630 0.017708
0 0.363889 0.328646 0.031481 0.018750
0 0.404630 0.720313 0.029630 0.017708
0 0.373148 0.315104 0.027778 0.015625
0 0.614815 0.410938 0.024074 0.013542
0 0.379630 0.582292 0.024074 0.014583
0 0.554630 0.505729 0.020370 0.011458
0 0.448148 0.526042 0.025926 0.012500
0 0.433333 0.580729 0.025926 0.011458
0 0.997222 0.441667 0.005556 0.015625
0 0.532407 0.327083 0.022222 0.013542
0 0.429630 0.589583 0.025926 0.013542
0 0.524074 0.319792 0.024074 0.015625
0 0.995370 0.731250 0.007407 0.022917
0 0.994444 0.608854 0.025926 0.012500
0 0.551852 0.209896 0.011111 0.007292
0 0.025926 0.607812 0.020370 0.009375
0 0.346296 0.330208 0.025926 0.016667
0 0.030556 0.709375 0.038889 0.020833
0 0.975926 0.476562 0.027778 0.012500
0 0.093519 0.521875 0.031481 0.017708
0 0.581481 0.326042 0.024074 0.013542
0 0.081481 0.483854 0.025926 0.009375
0 0.967593 0.660937 0.031481 0.018750
0 0.311111 0.328125 0.020370 0.015625
0 0.398148 0.590625 0.022222 0.014583
0 0.567593 0.327604 0.018519 0.013542
0 0.991667 0.325000 0.014815 0.014583
0 0.265741 0.364583 0.029630 0.016667
0 0.259259 0.722917 0.029630 0.015625
0 0.285185 0.562500 0.027778 0.018750
0 0.995370 0.550000 0.005556 0.012500
0 0.989815 0.705208 0.018519 0.016667
0 0.995370 0.740625 0.005556 0.017708
0 0.531481 0.501042 0.024074 0.011458
0 0.504630 0.341146 0.022222 0.012500
0 0.991667 0.771354 0.016667 0.038542
0 0.559259 0.489583 0.022222 0.011458
0 0.568519 0.327604 0.020370 0.014583
0 0.997222 0.277604 0.005556 0.015625
0 0.645370 0.502083 0.025926 0.015625
0 0.611111 0.325521 0.022222 0.014583
0 0.929630 0.693750 0.035185 0.020833
0 0.696296 0.414583 0.027778 0.018750
0 0.643519 0.431250 0.020370 0.010417
0 0.996296 0.522917 0.003704 0.018750
0 0.991667 0.716667 0.016667 0.017708
0 0.979630 0.743229 0.035185 0.019792
0 0.995370 0.538021 0.020370 0.011458
0 0.987963 0.667188 0.020370 0.012500
0 0.991667 0.728646 0.014815 0.020833
0 0.994444 0.372917 0.009259 0.014583
0 0.992593 0.318750 0.012963 0.014583
0 0.993519 0.681771 0.012963 0.016667
0 0.982407 0.399479 0.009259 0.013542
0 0.994444 0.747396 0.011111 0.019792
0 0.994444 0.411979 0.007407 0.014583
0 0.992593 0.681250 0.012963 0.017708
0 0.994444 0.604167 0.011111 0.026042
0 0.988889 0.824479 0.018519 0.031250
0 0.990741 0.253646 0.018519 0.010417
0 0.992593 0.275000 0.011111 0.015625
0 0.996296 0.515104 0.007407 0.020833
0 0.989815 0.759375 0.016667 0.022917
0 0.996296 0.728646 0.005556 0.014583
0 0.994444 0.721354 0.009259 0.014583
0 0.992593 0.769792 0.012963 0.016667
0 0.999074 0.435937 0.000000 0.000000
0 0.991667 0.605208 0.014815 0.028125
0 0.994444 0.595313 0.009259 0.019792
0 0.991667 0.728646 0.012963 0.020833
0 0.994444 0.492708 0.011111 0.015625
