0 0.850000 0.472917 0.018519 0.010417
0 0.856481 0.309375 0.024074 0.013542
0 0.597222 0.703646 0.022222 0.011458
0 0.694444 0.543229 0.024074 0.015625
0 0.700926 0.312500 0.031481 0.013542
0 0.738889 0.309896 0.031481 0.020833
0 0.825000 0.700000 0.029630 0.013542
0 0.738889 0.295833 0.024074 0.012500
0 0.920370 0.391667 0.016667 0.010417
0 0.742593 0.572917 0.024074 0.013542
0 0.668519 0.567187 0.016667 0.007292
0 0.840741 0.488021 0.024074 0.013542
0 0.754630 0.508333 0.027778 0.013542
0 0.795370 0.308854 0.024074 0.013542
0 0.841667 0.189583 0.011111 0.007292
0 0.664815 0.572396 0.018519 0.012500
0 0.689815 0.310417 0.033333 0.021875
0 0.996296 0.629167 0.024074 0.017708
0 0.457407 0.480208 0.025926 0.015625
0 0.880556 0.307812 0.025926 0.014583
0 0.462963 0.504167 0.029630 0.017708
0 0.997222 0.456771 0.014815 0.010417
0 0.383333 0.689063 0.027778 0.013542
0 0.712037 0.311979 0.020370 0.013542
0 0.460185 0.589583 0.018519 0.010417
0 0.303704 0.727083 0.033333 0.019792
0 0.305556 0.291146 0.031481 0.016667
0 0.689815 0.344792 0.025926 0.015625
0 0.282407 0.718750 0.025926 0.015625
0 0.334259 0.632292 0.029630 0.015625
0 0.317593 0.707292 0.033333 0.021875
0 0.250926 0.553646 0.029630 0.013542
0 0.295370 0.671354 0.033333 0.020833
0 0.286111 0.456250 0.044444 0.025000
0 0.296296 0.692708 0.033333 0.019792
0 0.238889 0.584375 0.014815 0.019792
0 0.249074 0.438542 0.046296 0.026042
0 0.223148 0.454688 0.048148 0.026042
0 0.790741 0.302083 0.025926 0.013542
0 0.786111 0.505729 0.027778 0.015625
0 0.794444 0.480208 0.018519 0.010417
0 0.741667 0.572396 0.024074 0.013542
0 0.784259 0.505729 0.027778 0.015625
0 0.801852 0.282292 0.024074 0.014583
0 0.789815 0.494271 0.018519 0.013542
0 0.749074 0.308854 0.020370 0.012500
0 0.996296 0.664583 0.007407 0.019792
0 0.826852 0.494792 0.024074 0.013542
0 0.764815 0.313542 0.020370 0.013542
0 0.816667 0.483333 0.022222 0.013542
0 0.761111 0.322396 0.022222 0.015625
0 0.857407 0.309896 0.024074 0.014583
0 0.977778 0.485417 0.027778 0.015625
0 0.904630 0.307292 0.024074 0.014583
0 0.988889 0.662500 0.022222 0.027083
0 0.996296 0.386979 0.005556 0.017708
0 0.997222 0.668229 0.003704 0.015625
0 0.993519 0.643229 0.007407 0.014583
0 0.995370 0.662500 0.007407 0.011458
0 0.992593 0.681250 0.011111 0.014583
0 0.997222 0.473958 0.003704 0.008333
0 0.124074 0.524479 0.024074 0.012500
0 0.351852 0.515625 0.018519 0.012500
0 0.019444 0.536979 0.025926 0.015625
0 0.401852 0.484896 0.020370 0.012500
0 0.337963 0.286458 0.035185 0.019792
0 0.054630 0.246354 0.020370 0.017708
0 0.050000 0.250000 0.029630 0.021875
0 0.048148 0.536979 0.035185 0.019792
0 0.805556 0.710417 0.029630 0.013542
0 0.083333 0.220312 0.037037 0.021875
0 0.849074 0.428125 0.024074 0.013542
0 0.081481 0.267708 0.031481 0.017708
0 0.178704 0.145833 0.024074 0.014583
0 0.100000 0.433854 0.037037 0.019792
0 0.104630 0.448437 0.035185 0.017708
0 0.083333 0.536979 0.033333 0.017708
0 0.150926 0.703646 0.027778 0.016667
0 0.161111 0.320833 0.027778 0.014583
0 0.137037 0.322917 0.027778 0.018750
0 0.320370 0.236458 0.029630 0.015625
0 0.312037 0.277083 0.027778 0.014583
0 0.129630 0.446875 0.029630 0.016667
0 0.101852 0.517708 0.016667 0.009375
0 0.130556 0.707812 0.029630 0.017708
0 0.168519 0.158854 0.025926 0.014583
0 0.518519 0.373437 0.027778 0.019792
0 0.148148 0.607812 0.029630 0.017708
0 0.169444 0.714583 0.035185 0.020833
0 0.185185 0.163021 0.022222 0.014583
0 0.136111 0.489063 0.031481 0.016667
0 0.211111 0.426042 0.050000 0.028125
0 0.180556 0.684375 0.035185 0.021875
0 0.145370 0.521875 0.024074 0.014583
