0 0.148148 0.687500 0.035185 0.018750
0 0.372222 0.657813 0.035185 0.018750
0 0.274074 0.660417 0.035185 0.014583
0 0.639815 0.545833 0.029630 0.017708
0 0.087963 0.678125 0.031481 0.016667
0 0.640741 0.569271 0.027778 0.014583
0 0.698148 0.277083 0.031481 0.017708
0 0.762963 0.514583 0.035185 0.020833
0 0.415741 0.764583 0.031481 0.016667
0 0.490741 0.541667 0.038889 0.021875
0 0.843519 0.535417 0.031481 0.017708
0 0.214815 0.363021 0.025926 0.012500
0 0.116667 0.646875 0.037037 0.017708
0 0.664815 0.697917 0.027778 0.014583
0 0.228704 0.641667 0.029630 0.016667
0 0.812963 0.565625 0.029630 0.016667
0 0.708333 0.630729 0.024074 0.014583
0 0.802778 0.554167 0.027778 0.015625
0 0.437963 0.211979 0.024074 0.013542
0 0.241667 0.364583 0.024074 0.009375
0 0.308333 0.541667 0.020370 0.012500
0 0.402778 0.444792 0.031481 0.018750
0 0.068519 0.269271 0.027778 0.012500
0 0.684259 0.283854 0.024074 0.014583
0 0.440741 0.628646 0.029630 0.017708
0 0.629630 0.523958 0.033333 0.018750
0 0.603704 0.546875 0.027778 0.017708
0 0.008333 0.448437 0.016667 0.012500
0 0.791667 0.347396 0.027778 0.013542
0 0.784259 0.530729 0.037037 0.019792
0 0.266667 0.352604 0.037037 0.021875
0 0.668519 0.684375 0.042593 0.023958
0 0.304630 0.376563 0.042593 0.020833
0 0.688889 0.497396 0.037037 0.020833
0 0.394444 0.661979 0.037037 0.020833
0 0.356481 0.768750 0.029630 0.018750
0 0.845370 0.556250 0.033333 0.018750
0 0.538889 0.716667 0.044444 0.020833
0 0.758333 0.426563 0.042593 0.025000
0 0.624074 0.244792 0.031481 0.017708
0 0.312037 0.709375 0.031481 0.018750
0 0.002778 0.362500 0.005556 0.015625
0 0.009259 0.638021 0.018519 0.017708
0 0.483333 0.570312 0.048148 0.025000
0 0.640741 0.267188 0.031481 0.019792
0 0.287963 0.515625 0.040741 0.021875
0 0.180556 0.677604 0.044444 0.025000
0 0.817593 0.522917 0.035185 0.018750
0 0.521296 0.479687 0.042593 0.025000
0 0.783333 0.372917 0.042593 0.021875
0 0.387963 0.730729 0.031481 0.017708
0 0.626852 0.712500 0.035185 0.021875
0 0.814815 0.378125 0.031481 0.019792
0 0.442593 0.757812 0.027778 0.017708
0 0.497222 0.212500 0.038889 0.022917
0 0.673148 0.536979 0.044444 0.023958
0 0.592593 0.716667 0.033333 0.020833
0 0.378704 0.252604 0.031481 0.019792
0 0.051852 0.475000 0.025926 0.014583
0 0.602778 0.278125 0.022222 0.013542
0 0.649074 0.513542 0.031481 0.017708
0 0.707407 0.269792 0.020370 0.015625
0 0.061111 0.257812 0.031481 0.015625
0 0.300000 0.682813 0.029630 0.016667
0 0.233333 0.430208 0.040741 0.021875
0 0.691667 0.482812 0.024074 0.012500
0 0.062037 0.672917 0.027778 0.014583
0 0.224074 0.774479 0.042593 0.027083
0 0.092593 0.287500 0.033333 0.017708
0 0.842593 0.505729 0.035185 0.018750
0 0.822222 0.569271 0.035185 0.017708
0 0.270370 0.650000 0.037037 0.019792
0 0.617593 0.258333 0.038889 0.025000
0 0.781481 0.572396 0.035185 0.019792
0 0.821296 0.333854 0.027778 0.014583
