0 0.990741 0.769271 0.016667 0.017708
0 0.879630 0.505729 0.024074 0.013542
0 0.992593 0.273958 0.011111 0.016667
0 0.989815 0.246875 0.018519 0.011458
0 0.990741 0.773958 0.016667 0.029167
0 0.993519 0.564583 0.009259 0.025000
0 0.935185 0.670312 0.033333 0.017708
0 0.904630 0.393750 0.033333 0.014583
0 0.994444 0.719271 0.011111 0.020833
0 0.879630 0.377604 0.029630 0.015625
0 0.990741 0.692708 0.016667 0.022917
0 0.910185 0.300521 0.029630 0.014583
0 0.886111 0.358333 0.029630 0.017708
0 0.992593 0.721875 0.012963 0.018750
0 0.847222 0.725000 0.029630 0.017708
0 0.997222 0.744792 0.016667 0.026042
0 0.900000 0.692708 0.033333 0.017708
0 0.995370 0.563542 0.020370 0.011458
0 0.812037 0.725000 0.031481 0.020833
0 0.995370 0.325000 0.020370 0.010417
0 0.847222 0.700521 0.037037 0.020833
0 0.546296 0.395313 0.014815 0.008333
0 0.933333 0.529687 0.025926 0.013542
0 0.507407 0.434896 0.011111 0.006250
0 0.516667 0.419792 0.020370 0.010417
0 0.541667 0.403125 0.029630 0.017708
0 0.767593 0.678125 0.033333 0.021875
0 0.478704 0.313021 0.024074 0.014583
0 0.500000 0.492188 0.025926 0.015625
0 0.944444 0.290625 0.029630 0.016667
0 0.447222 0.314063 0.025926 0.013542
0 0.432407 0.479167 0.024074 0.012500
0 0.992593 0.764583 0.012963 0.032292
0 0.388889 0.329167 0.022222 0.013542
0 0.407407 0.491146 0.025926 0.011458
0 0.381481 0.319792 0.020370 0.013542
0 0.406481 0.501042 0.024074 0.013542
0 0.996296 0.678125 0.005556 0.017708
0 0.360185 0.315104 0.025926 0.014583
0 0.367593 0.501563 0.025926 0.015625
0 0.364815 0.289062 0.025926 0.016667
0 0.337963 0.509375 0.020370 0.013542
0 0.325926 0.514583 0.029630 0.017708
0 0.993519 0.678646 0.011111 0.015625
0 0.295370 0.580729 0.027778 0.014583
0 0.362037 0.487500 0.022222 0.012500
0 0.949074 0.533333 0.022222 0.010417
0 0.326852 0.514583 0.027778 0.016667
0 0.995370 0.559375 0.025926 0.011458
0 0.995370 0.680729 0.007407 0.022917
0 0.401852 0.307812 0.025926 0.014583
0 0.295370 0.580208 0.031481 0.014583
0 0.414815 0.315625 0.022222 0.013542
0 0.996296 0.409896 0.003704 0.014583
0 0.298148 0.571875 0.024074 0.010417
0 0.307407 0.517188 0.020370 0.013542
0 0.443519 0.493750 0.020370 0.012500
0 0.238889 0.569271 0.020370 0.011458
0 0.487963 0.398958 0.020370 0.012500
0 0.205556 0.306771 0.031481 0.016667
0 0.235185 0.711458 0.029630 0.016667
0 0.191667 0.320833 0.040741 0.019792
0 0.159259 0.325521 0.031481 0.017708
0 0.869444 0.700521 0.027778 0.016667
0 0.966667 0.542708 0.022222 0.012500
0 0.135185 0.555729 0.029630 0.016667
0 0.157407 0.713021 0.024074 0.013542
0 0.085185 0.358333 0.031481 0.016667
0 0.955556 0.319271 0.033333 0.016667
0 0.437963 0.316146 0.020370 0.012500
0 0.990741 0.735938 0.018519 0.023958
0 0.996296 0.705208 0.005556 0.014583
0 0.994444 0.539062 0.009259 0.023958
0 0.998148 0.704688 0.009259 0.015625
0 0.993519 0.775521 0.012963 0.016667
0 0.994444 0.621875 0.009259 0.017708
0 0.995370 0.702083 0.007407 0.012500
0 1.011111 0.454688 0.009259 0.006250
0 0.992593 0.628125 0.012963 0.023958
0 0.993519 0.784375 0.012963 0.019792
0 0.994444 0.630208 0.009259 0.020833
0 0.994444 0.638021 0.007407 0.014583
0 0.993519 0.701042 0.012963 0.018750
0 0.991667 0.561458 0.016667 0.032292
0 0.860185 0.478125 0.029630 0.016667
