0 0.992593 0.720313 0.012963 0.019792
0 0.992593 0.597396 0.014815 0.027083
0 0.995370 0.723958 0.007407 0.022917
0 0.994444 0.601042 0.025926 0.011458
0 0.451852 0.512500 0.027778 0.015625
0 0.993519 0.530729 0.009259 0.011458
0 0.482407 0.486458 0.020370 0.012500
0 0.417593 0.578646 0.025926 0.014583
0 0.993519 0.694792 0.011111 0.015625
0 0.452778 0.511979 0.025926 0.015625
0 0.462963 0.507292 0.018519 0.012500
0 0.495370 0.288542 0.024074 0.015625
0 0.484259 0.500521 0.024074 0.015625
0 0.475926 0.315625 0.025926 0.013542
0 0.995370 0.698958 0.005556 0.018750
0 0.524074 0.501563 0.024074 0.014583
0 0.496296 0.319792 0.022222 0.013542
0 0.520370 0.491146 0.022222 0.010417
0 0.499074 0.329167 0.022222 0.013542
0 0.991667 0.757812 0.014815 0.037500
0 0.550926 0.479167 0.022222 0.011458
0 0.562037 0.316667 0.020370 0.014583
0 0.997222 0.279687 0.005556 0.015625
0 0.632407 0.493229 0.025926 0.015625
0 0.605556 0.314583 0.024074 0.015625
0 0.909259 0.683854 0.033333 0.019792
0 0.685185 0.404687 0.027778 0.017708
0 0.633333 0.421354 0.020370 0.011458
0 1.000000 0.512500 0.001852 0.001042
0 0.988889 0.705729 0.022222 0.021875
0 0.955556 0.732292 0.035185 0.018750
0 0.995370 0.542708 0.020370 0.011458
0 0.987037 0.670833 0.022222 0.013542
0 0.987963 0.732292 0.024074 0.018750
0 0.994444 0.598437 0.009259 0.019792
0 0.992593 0.720313 0.014815 0.020833
0 0.988889 0.484375 0.020370 0.016667
0 0.994444 0.363021 0.009259 0.015625
0 0.992593 0.314583 0.012963 0.014583
0 0.993519 0.683854 0.012963 0.016667
0 0.994444 0.384896 0.009259 0.013542
0 0.993519 0.741146 0.009259 0.019792
0 0.995370 0.401042 0.009259 0.015625
0 0.992593 0.675521 0.012963 0.016667
0 0.994444 0.597917 0.011111 0.026042
0 0.988889 0.817187 0.018519 0.031250
0 0.989815 0.253646 0.018519 0.010417
0 0.993519 0.275000 0.011111 0.016667
0 0.996296 0.510938 0.005556 0.017708
0 0.990741 0.754687 0.016667 0.022917
0 0.996296 0.722917 0.005556 0.014583
0 0.994444 0.560417 0.009259 0.020833
0 0.994444 0.713021 0.009259 0.014583
0 0.993519 0.775521 0.012963 0.016667
0 0.999074 0.436458 0.000000 0.000000
0 0.559259 0.494792 0.018519 0.010417
0 0.010185 0.596354 0.020370 0.009375
0 0.334259 0.319792 0.025926 0.017708
0 0.020370 0.695833 0.035185 0.020833
0 0.968519 0.467708 0.025926 0.011458
0 0.079630 0.510417 0.031481 0.015625
0 0.575000 0.314583 0.024074 0.013542
0 0.079630 0.472396 0.025926 0.009375
0 0.947222 0.652083 0.031481 0.016667
0 0.299074 0.318229 0.022222 0.016667
0 0.389815 0.579688 0.022222 0.013542
0 0.547222 0.195833 0.011111 0.007292
0 0.561111 0.316667 0.018519 0.013542
0 0.990741 0.326562 0.016667 0.014583
0 0.243519 0.354687 0.027778 0.015625
0 0.249074 0.708333 0.029630 0.013542
0 0.272222 0.552083 0.029630 0.017708
0 0.996296 0.547917 0.007407 0.012500
0 0.998148 0.701562 0.018519 0.016667
0 0.312963 0.322396 0.029630 0.017708
0 0.350926 0.317708 0.031481 0.019792
0 0.385185 0.707812 0.029630 0.017708
0 0.359259 0.304167 0.027778 0.016667
0 0.608333 0.400521 0.022222 0.012500
0 0.371296 0.570833 0.025926 0.014583
0 0.436111 0.515625 0.025926 0.014583
0 0.420370 0.570312 0.025926 0.011458
0 0.996296 0.433333 0.005556 0.015625
0 0.527778 0.315625 0.022222 0.013542
0 0.416667 0.578646 0.024074 0.014583
0 0.518519 0.307812 0.024074 0.014583
