0 0.862963 0.384896 0.027778 0.013542
0 0.729630 0.316667 0.024074 0.016667
0 0.529630 0.662500 0.025926 0.014583
0 0.687963 0.556250 0.029630 0.016667
0 0.669444 0.578646 0.027778 0.016667
0 0.040741 0.472396 0.025926 0.014583
0 0.863889 0.566667 0.035185 0.020833
0 0.369444 0.545833 0.040741 0.021875
0 0.009259 0.347396 0.018519 0.017708
0 0.023148 0.285417 0.016667 0.017708
0 0.191667 0.680208 0.037037 0.018750
0 -0.075000 0.338021 0.000000 0.000000
0 0.887037 0.604688 0.031481 0.018750
0 0.017593 0.369792 0.016667 0.016667
0 0.739815 0.526042 0.031481 0.018750
0 0.225926 0.725000 0.031481 0.023958
0 0.031481 0.385417 0.029630 0.016667
0 0.039815 0.667708 0.033333 0.019792
0 0.570370 0.604167 0.048148 0.028125
0 0.718519 0.305208 0.031481 0.015625
0 0.261111 0.711979 0.042593 0.025000
0 0.894444 0.558854 0.033333 0.018750
0 0.628704 0.514583 0.042593 0.025000
0 0.887037 0.412500 0.038889 0.021875
0 0.450000 0.765625 0.031481 0.016667
0 0.703704 0.747917 0.035185 0.019792
0 0.905556 0.414583 0.027778 0.019792
0 0.500926 0.793750 0.027778 0.016667
0 0.600000 0.248958 0.038889 0.022917
0 0.756481 0.571354 0.044444 0.023958
0 0.672222 0.752083 0.031481 0.020833
0 0.428704 0.281771 0.029630 0.018750
0 0.084259 0.500000 0.025926 0.014583
0 0.700926 0.314583 0.022222 0.012500
0 0.710185 0.546354 0.031481 0.017708
0 0.756481 0.305208 0.020370 0.014583
0 0.110185 0.283854 0.027778 0.016667
0 0.225000 0.724479 0.033333 0.021875
0 0.368519 0.716667 0.031481 0.017708
0 0.325000 0.458854 0.037037 0.020833
0 0.781481 0.517708 0.020370 0.010417
0 0.100000 0.705729 0.029630 0.015625
0 0.277778 0.813021 0.044444 0.026042
0 0.384259 0.383854 0.040741 0.021875
0 0.193519 0.305729 0.027778 0.015625
0 0.871296 0.372396 0.029630 0.017708
0 0.842593 0.606771 0.033333 0.019792
0 0.713889 0.295833 0.040741 0.026042
0 0.351852 0.683333 0.037037 0.019792
0 0.885185 0.604167 0.035185 0.019792
0 0.920370 0.542188 0.035185 0.018750
0 0.375926 0.744271 0.031481 0.017708
0 0.742593 0.718750 0.042593 0.023958
0 0.413889 0.407813 0.042593 0.021875
0 0.781481 0.532292 0.035185 0.020833
0 0.473148 0.696354 0.035185 0.019792
0 0.415741 0.805729 0.033333 0.018750
0 0.906481 0.590625 0.031481 0.018750
0 0.622222 0.753646 0.044444 0.021875
0 0.858333 0.464062 0.044444 0.025000
0 0.720370 0.282813 0.029630 0.016667
0 0.457407 0.691667 0.035185 0.019792
0 0.350926 0.694792 0.033333 0.014583
0 0.696296 0.577604 0.031481 0.017708
0 0.126852 0.710417 0.031481 0.016667
0 0.700926 0.601562 0.024074 0.014583
0 0.748148 0.313021 0.031481 0.017708
0 0.844444 0.549479 0.037037 0.020833
0 0.471296 0.801562 0.029630 0.015625
0 0.588889 0.576042 0.040741 0.022917
0 0.906481 0.570312 0.029630 0.016667
0 0.287963 0.391146 0.027778 0.013542
0 0.150000 0.705208 0.024074 0.013542
0 0.374074 0.705729 0.022222 0.010417
0 0.713889 0.730729 0.025926 0.014583
0 0.309259 0.675521 0.027778 0.016667
0 0.874074 0.600000 0.029630 0.018750
0 0.774074 0.665625 0.024074 0.014583
0 0.864815 0.588021 0.029630 0.015625
0 0.490741 0.243229 0.024074 0.012500
0 0.326852 0.391146 0.020370 0.008333
0 0.385185 0.565104 0.027778 0.015625
0 0.487963 0.476562 0.038889 0.022917
0 0.145370 0.302083 0.020370 0.010417
