0 0.175926 0.679167 0.042593 0.025000
0 0.290741 0.518229 0.042593 0.022917
0 0.651852 0.271354 0.031481 0.019792
0 0.483333 0.575521 0.048148 0.027083
0 0.009259 0.638021 0.018519 0.017708
0 0.003704 0.361979 0.007407 0.014583
0 0.827778 0.577604 0.035185 0.018750
0 0.267593 0.652083 0.037037 0.018750
0 0.626852 0.262500 0.042593 0.027083
0 0.785185 0.579688 0.035185 0.019792
0 0.833333 0.341146 0.025926 0.016667
0 0.106481 0.288021 0.033333 0.017708
0 0.272222 0.355729 0.037037 0.023958
0 0.219444 0.778125 0.042593 0.026042
0 0.062037 0.674479 0.027778 0.013542
0 0.695370 0.488542 0.024074 0.012500
0 0.237963 0.432292 0.040741 0.022917
0 0.296296 0.686458 0.029630 0.017708
0 0.146296 0.690625 0.037037 0.019792
0 0.075926 0.257812 0.025926 0.015625
0 0.721296 0.274479 0.022222 0.014583
0 0.662037 0.521354 0.035185 0.017708
0 0.612963 0.282292 0.022222 0.013542
0 0.060185 0.475000 0.025926 0.014583
0 0.391667 0.255729 0.031481 0.018750
0 0.590741 0.723437 0.033333 0.020833
0 0.675000 0.543229 0.042593 0.023958
0 0.509259 0.216146 0.040741 0.025000
0 0.438889 0.763021 0.025926 0.016667
0 0.823148 0.384896 0.031481 0.019792
0 0.623148 0.719271 0.035185 0.020833
0 0.383333 0.734896 0.031481 0.016667
0 0.788889 0.379688 0.042593 0.022917
0 0.523148 0.484375 0.044444 0.025000
0 0.822222 0.530208 0.037037 0.019792
0 0.081481 0.269271 0.025926 0.013542
0 0.697222 0.288542 0.024074 0.016667
0 0.633333 0.248958 0.037037 0.017708
0 0.633333 0.530729 0.031481 0.019792
0 0.607407 0.552083 0.029630 0.017708
0 0.012963 0.447917 0.024074 0.013542
0 0.801852 0.353125 0.027778 0.013542
0 0.787037 0.538021 0.037037 0.020833
0 0.437963 0.632812 0.033333 0.016667
0 0.368519 0.661979 0.033333 0.018750
0 0.270370 0.663542 0.033333 0.014583
0 0.642593 0.551562 0.029630 0.017708
0 0.086111 0.679167 0.029630 0.016667
0 0.646296 0.576042 0.027778 0.015625
0 0.711111 0.282292 0.031481 0.017708
0 0.766667 0.521354 0.037037 0.020833
0 0.410185 0.770312 0.029630 0.016667
0 0.491667 0.546354 0.040741 0.021875
0 0.849074 0.543229 0.031481 0.017708
0 0.224074 0.364583 0.025926 0.012500
0 0.112963 0.648438 0.038889 0.017708
0 0.663889 0.704688 0.029630 0.013542
0 0.226852 0.643229 0.031481 0.016667
0 0.820370 0.573958 0.033333 0.016667
0 0.711111 0.637500 0.024074 0.014583
0 0.806481 0.561979 0.027778 0.016667
0 0.451852 0.215104 0.024074 0.013542
0 0.251852 0.366146 0.024074 0.009375
0 0.312963 0.544271 0.020370 0.012500
0 0.409259 0.447917 0.033333 0.019792
0 0.847222 0.513542 0.035185 0.019792
0 0.308333 0.713021 0.031481 0.017708
0 0.666667 0.691667 0.042593 0.023958
0 0.308333 0.378646 0.042593 0.020833
0 0.691667 0.503646 0.037037 0.021875
0 0.390741 0.665625 0.037037 0.021875
0 0.350926 0.772917 0.029630 0.017708
0 0.850000 0.564063 0.033333 0.018750
0 0.535185 0.722917 0.042593 0.020833
0 0.763889 0.433333 0.042593 0.025000
