0 0.370370 0.302604 0.033333 0.018750
0 0.430556 0.697917 0.029630 0.017708
0 0.376852 0.288542 0.027778 0.016667
0 0.618519 0.385937 0.024074 0.013542
0 0.384259 0.560417 0.024074 0.015625
0 0.559259 0.481771 0.020370 0.011458
0 0.455556 0.504167 0.025926 0.012500
0 0.996296 0.445312 0.005556 0.015625
0 0.531481 0.301042 0.022222 0.013542
0 0.439815 0.568229 0.025926 0.014583
0 0.521296 0.292708 0.025926 0.014583
0 0.995370 0.741667 0.007407 0.022917
0 0.475000 0.500000 0.027778 0.015625
0 0.994444 0.525521 0.009259 0.011458
0 0.500000 0.473438 0.022222 0.012500
0 0.439815 0.567708 0.025926 0.014583
0 0.993519 0.697917 0.011111 0.015625
0 0.474074 0.500000 0.027778 0.015625
0 0.486111 0.496354 0.018519 0.012500
0 0.503704 0.272917 0.024074 0.016667
0 0.500926 0.488542 0.025926 0.014583
0 0.478704 0.301042 0.027778 0.015625
0 0.995370 0.696875 0.005556 0.018750
0 0.541667 0.488542 0.024074 0.014583
0 0.499074 0.305208 0.022222 0.013542
0 0.537963 0.478125 0.024074 0.012500
0 0.500000 0.315625 0.022222 0.013542
0 0.991667 0.745833 0.018519 0.040625
0 0.566667 0.466146 0.022222 0.012500
0 0.570370 0.301042 0.022222 0.014583
0 0.996296 0.271354 0.003704 0.016667
0 0.658333 0.478125 0.027778 0.014583
0 0.614815 0.298438 0.022222 0.015625
0 0.950000 0.665625 0.033333 0.019792
0 0.710185 0.388021 0.031481 0.017708
0 0.656481 0.416146 0.020370 0.010417
0 0.997222 0.508333 0.003704 0.018750
0 0.991667 0.684375 0.014815 0.016667
0 0.991667 0.711979 0.016667 0.019792
0 0.996296 0.524479 0.020370 0.011458
0 0.989815 0.657813 0.020370 0.012500
0 0.996296 0.732292 0.007407 0.017708
0 0.991667 0.712500 0.014815 0.020833
0 0.994444 0.351562 0.009259 0.015625
0 0.992593 0.323958 0.012963 0.014583
0 0.993519 0.673438 0.011111 0.015625
0 0.962963 0.373958 0.009259 0.012500
0 0.994444 0.396875 0.007407 0.014583
0 0.992593 0.681250 0.012963 0.016667
0 0.994444 0.581250 0.011111 0.027083
0 0.995370 0.505208 0.007407 0.020833
0 0.996296 0.722917 0.005556 0.014583
0 0.994444 0.719271 0.009259 0.014583
0 0.997222 0.471875 0.003704 0.012500
0 0.993519 0.767188 0.012963 0.015625
0 0.999074 0.435937 0.000000 0.000000
0 0.991667 0.580208 0.016667 0.029167
0 0.995370 0.581771 0.009259 0.019792
0 0.992593 0.711458 0.014815 0.020833
0 1.000926 0.692708 0.018519 0.016667
0 0.040741 0.589583 0.020370 0.009375
0 0.350926 0.304167 0.025926 0.017708
0 0.037963 0.691146 0.038889 0.019792
0 0.985185 0.448958 0.027778 0.012500
0 0.331481 0.307292 0.031481 0.017708
0 0.100000 0.502083 0.033333 0.017708
0 0.587037 0.298958 0.024074 0.014583
0 0.108333 0.479687 0.029630 0.013542
0 0.985185 0.632812 0.029630 0.017708
0 0.315741 0.302604 0.024074 0.017708
0 0.404630 0.569271 0.025926 0.015625
0 0.548148 0.179167 0.011111 0.007292
0 0.571296 0.301042 0.022222 0.014583
0 0.991667 0.319792 0.014815 0.013542
0 0.278704 0.345833 0.031481 0.017708
0 0.271296 0.702083 0.029630 0.015625
0 0.299074 0.542188 0.025926 0.015625
0 0.995370 0.556250 0.005556 0.012500
