0 0.993519 0.601042 0.012963 0.021875
0 0.909259 0.666667 0.040741 0.022917
0 0.996296 0.452604 0.005556 0.016667
0 0.900000 0.389583 0.042593 0.021875
0 0.993519 0.644792 0.012963 0.023958
0 0.783333 0.715625 0.033333 0.019792
0 1.010185 0.501042 0.079630 0.038542
0 0.985185 0.602604 0.027778 0.021875
0 0.796296 0.655729 0.038889 0.018750
0 1.000000 0.270313 0.011111 0.018750
0 0.995370 0.603646 0.007407 0.022917
0 0.987037 0.344792 0.029630 0.016667
0 0.875000 0.367188 0.044444 0.021875
0 0.650000 0.769792 0.027778 0.018750
0 0.473148 0.678125 0.025926 0.016667
0 0.765741 0.440625 0.037037 0.020833
0 0.784259 0.689063 0.031481 0.016667
0 0.680556 0.694792 0.038889 0.021875
0 0.604630 0.275521 0.035185 0.020833
0 0.996296 0.522396 0.024074 0.018750
0 0.412963 0.481771 0.024074 0.013542
0 0.520370 0.676562 0.022222 0.012500
0 0.982407 0.700000 0.031481 0.015625
0 0.759259 0.264583 0.029630 0.019792
0 0.990741 0.722917 0.016667 0.015625
0 0.995370 0.514583 0.007407 0.021875
0 0.994444 0.225000 0.011111 0.019792
0 0.893519 0.764062 0.024074 0.015625
0 0.762963 0.648438 0.024074 0.016667
0 0.991667 0.576042 0.014815 0.016667
0 0.993519 0.541146 0.031481 0.017708
0 1.002778 0.302604 0.024074 0.015625
0 0.981481 0.635938 0.029630 0.013542
0 0.380556 0.453646 0.027778 0.016667
0 0.990741 0.538542 0.016667 0.026042
0 1.006481 0.294271 0.031481 0.019792
0 1.008333 0.568750 0.037037 0.023958
0 0.502778 0.682813 0.029630 0.016667
0 1.006481 0.514062 0.033333 0.025000
0 0.789815 0.666667 0.033333 0.015625
0 0.872222 0.661979 0.037037 0.021875
0 0.996296 0.403125 0.005556 0.014583
0 0.992593 0.722396 0.011111 0.023958
0 0.815741 0.773438 0.029630 0.018750
0 0.993519 0.713542 0.009259 0.015625
0 0.994444 0.546354 0.009259 0.021875
0 0.866667 0.771875 0.022222 0.012500
0 0.994444 0.517188 0.011111 0.018750
0 0.000000 0.000000 0.000000 0.000000
0 0.300000 0.648958 0.024074 0.012500
0 0.492593 0.558854 0.024074 0.014583
0 0.907407 0.666146 0.038889 0.023958
0 0.245370 0.697396 0.031481 0.018750
0 0.739815 0.298438 0.024074 0.013542
0 0.248148 0.671875 0.035185 0.019792
0 0.055556 0.367708 0.024074 0.011458
0 0.487963 0.505729 0.024074 0.012500
0 0.046296 0.403125 0.025926 0.013542
0 0.100926 0.390104 0.020370 0.009375
0 0.026852 0.373437 0.033333 0.018750
0 0.215741 0.652604 0.027778 0.015625
0 0.025000 0.279687 0.027778 0.015625
0 0.011111 0.463542 0.022222 0.015625
0 0.455556 0.269792 0.025926 0.013542
0 0.283333 0.695833 0.029630 0.018750
0 0.874074 0.661979 0.033333 0.020833
0 1.007407 0.471875 0.027778 0.017708
0 0.375000 0.355208 0.027778 0.015625
0 0.991667 0.492188 0.022222 0.011458
0 0.681481 0.694792 0.037037 0.021875
0 0.393519 0.370833 0.029630 0.016667
0 0.410185 0.642708 0.029630 0.016667
0 0.992593 0.579688 0.014815 0.023958
0 0.799074 0.524479 0.040741 0.021875
0 0.713889 0.682292 0.048148 0.023958
0 0.992593 0.542188 0.011111 0.016667
0 0.993519 0.496354 0.011111 0.021875
0 0.987037 0.410417 0.020370 0.023958
0 0.850926 0.736458 0.031481 0.017708
0 0.992593 0.594792 0.014815 0.019792
0 0.648148 0.651563 0.042593 0.021875
0 0.438889 0.277083 0.025926 0.014583
0 0.370370 0.335417 0.035185 0.017708
0 0.562037 0.688542 0.025926 0.014583
0 0.299074 0.664062 0.037037 0.019792
0 0.939815 0.663542 0.024074 0.013542
0 0.770370 0.555208 0.020370 0.011458
0 0.301852 0.672917 0.025926 0.014583
