0 0.996296 0.462500 0.005556 0.011458
0 0.997222 0.707292 0.014815 0.018750
0 0.996296 0.557292 0.007407 0.012500
0 0.991667 0.579688 0.016667 0.028125
0 0.999074 0.435937 0.000000 0.000000
0 0.994444 0.713021 0.009259 0.014583
0 0.996296 0.718229 0.005556 0.014583
0 0.995370 0.491146 0.007407 0.020833
0 0.993519 0.578646 0.011111 0.028125
0 0.992593 0.678125 0.012963 0.016667
0 0.995370 0.392708 0.007407 0.013542
0 0.931481 0.372396 0.007407 0.013542
0 0.993519 0.671354 0.011111 0.014583
0 0.993519 0.326562 0.012963 0.013542
0 0.994444 0.350000 0.009259 0.015625
0 0.998148 0.706771 0.012963 0.020833
0 0.995370 0.740104 0.005556 0.017708
0 0.984259 0.654167 0.020370 0.012500
0 0.996296 0.517188 0.020370 0.011458
0 0.997222 0.707292 0.003704 0.016667
0 0.988889 0.680208 0.014815 0.016667
0 0.997222 0.504687 0.003704 0.017708
0 0.662963 0.415104 0.020370 0.010417
0 0.716667 0.387500 0.031481 0.018750
0 0.959259 0.662500 0.035185 0.019792
0 0.614815 0.297396 0.024074 0.015625
0 0.662963 0.478125 0.027778 0.015625
0 0.996296 0.268229 0.003704 0.016667
0 0.570370 0.298438 0.024074 0.014583
0 0.567593 0.465625 0.024074 0.012500
0 0.498148 0.314063 0.022222 0.013542
0 0.540741 0.477604 0.025926 0.012500
0 0.495370 0.304167 0.020370 0.013542
0 0.543519 0.488542 0.024074 0.014583
0 0.995370 0.691667 0.005556 0.018750
0 0.474074 0.300000 0.025926 0.015625
0 0.503704 0.488542 0.024074 0.014583
0 0.502778 0.271354 0.024074 0.015625
0 0.490741 0.496354 0.018519 0.011458
0 0.478704 0.500000 0.025926 0.015625
0 0.444444 0.568229 0.025926 0.013542
0 0.501852 0.473438 0.022222 0.012500
0 0.994444 0.529687 0.009259 0.010417
0 0.479630 0.500000 0.027778 0.015625
0 0.518519 0.292187 0.024074 0.014583
0 0.444444 0.568750 0.025926 0.013542
0 0.527778 0.299479 0.022222 0.013542
0 0.996296 0.445312 0.005556 0.016667
0 0.459259 0.504687 0.024074 0.012500
0 0.561111 0.481771 0.022222 0.013542
0 0.386111 0.559375 0.031481 0.014583
0 0.617593 0.384375 0.022222 0.012500
0 0.383333 0.286979 0.029630 0.015625
0 0.448148 0.700000 0.029630 0.017708
0 0.377778 0.301563 0.033333 0.018750
0 0.337037 0.307292 0.029630 0.017708
0 1.000926 0.684375 0.018519 0.016667
0 0.310185 0.544271 0.027778 0.017708
0 0.277778 0.705208 0.029630 0.015625
0 0.309259 0.343229 0.031481 0.016667
0 0.991667 0.318750 0.012963 0.012500
0 0.569444 0.299479 0.022222 0.015625
0 0.546296 0.177083 0.011111 0.007292
0 0.403704 0.569271 0.025926 0.016667
0 0.321296 0.302083 0.025926 0.017708
0 0.990741 0.629167 0.022222 0.016667
0 0.113889 0.482292 0.029630 0.013542
0 0.586111 0.297917 0.022222 0.014583
0 0.106481 0.504167 0.031481 0.017708
0 0.980556 0.447396 0.027778 0.012500
0 0.038889 0.696875 0.038889 0.020833
0 0.357407 0.304167 0.027778 0.017708
0 0.055556 0.594271 0.022222 0.010417
