0 0.259259 0.697917 0.029630 0.018750
0 0.851852 0.660937 0.031481 0.021875
0 1.007407 0.461979 0.029630 0.018750
0 0.274074 0.665625 0.037037 0.019792
0 0.275000 0.651042 0.024074 0.013542
0 0.472222 0.558854 0.024074 0.013542
0 0.885185 0.665625 0.040741 0.023958
0 0.222222 0.699479 0.033333 0.018750
0 0.720370 0.296875 0.024074 0.013542
0 0.222222 0.674479 0.035185 0.020833
0 0.030556 0.369792 0.025926 0.012500
0 0.468519 0.506250 0.022222 0.012500
0 0.021296 0.405729 0.025926 0.013542
0 0.078704 0.391667 0.020370 0.011458
0 0.008333 0.375521 0.016667 0.017708
0 0.190741 0.655208 0.025926 0.014583
0 0.005556 0.281771 0.011111 0.015625
0 0.746296 0.554167 0.020370 0.011458
0 0.996296 0.401562 0.005556 0.014583
0 0.992593 0.719271 0.011111 0.022917
0 0.993519 0.602083 0.012963 0.021875
0 0.795370 0.772917 0.029630 0.018750
0 0.885185 0.665104 0.040741 0.022917
0 0.996296 0.454167 0.005556 0.016667
0 0.871296 0.388542 0.044444 0.021875
0 0.993519 0.654687 0.012963 0.022917
0 0.762037 0.714583 0.033333 0.018750
0 1.005556 0.504167 0.070370 0.034375
0 0.987037 0.596354 0.027778 0.021875
0 0.773148 0.655208 0.037037 0.019792
0 0.986111 0.269271 0.025926 0.020833
0 0.994444 0.604688 0.007407 0.022917
0 0.986111 0.341146 0.029630 0.017708
0 0.846296 0.366146 0.042593 0.021875
0 0.658333 0.781771 0.031481 0.020833
0 0.451852 0.678646 0.025926 0.015625
0 0.739815 0.439583 0.035185 0.020833
0 0.762037 0.688021 0.029630 0.016667
0 0.657407 0.693750 0.038889 0.022917
0 0.575926 0.275000 0.033333 0.020833
0 0.997222 0.521354 0.024074 0.018750
0 0.391667 0.482292 0.024074 0.013542
0 0.730556 0.264062 0.029630 0.019792
0 0.990741 0.727604 0.016667 0.015625
0 0.995370 0.523438 0.007407 0.020833
0 0.994444 0.223438 0.009259 0.018750
0 0.873148 0.762500 0.027778 0.015625
0 0.994444 0.714063 0.011111 0.016667
0 0.829630 0.734896 0.031481 0.016667
0 0.987963 0.405208 0.020370 0.023958
0 0.992593 0.501042 0.011111 0.021875
0 0.992593 0.541667 0.011111 0.017708
0 0.689815 0.681771 0.046296 0.023958
0 0.774074 0.523438 0.040741 0.021875
0 0.995370 0.284896 0.029630 0.014583
0 0.981481 0.578646 0.037037 0.026042
0 0.389815 0.643229 0.029630 0.016667
0 0.370370 0.371354 0.029630 0.014583
0 0.658333 0.694271 0.037037 0.021875
0 1.001852 0.491146 0.020370 0.011458
0 0.350000 0.355208 0.031481 0.015625
0 0.991667 0.594271 0.014815 0.019792
0 0.000000 0.000000 0.000000 0.000000
0 0.625000 0.651563 0.042593 0.020833
0 0.416667 0.277083 0.027778 0.015625
0 0.346296 0.335938 0.031481 0.017708
0 0.541667 0.688542 0.025926 0.013542
0 0.918519 0.662500 0.025926 0.014583
0 0.278704 0.674479 0.027778 0.014583
0 0.990741 0.536979 0.016667 0.026042
0 0.359259 0.454688 0.027778 0.016667
0 0.956481 0.634375 0.029630 0.013542
0 1.003704 0.296875 0.024074 0.016667
0 0.991667 0.543229 0.031481 0.018750
0 0.991667 0.575521 0.014815 0.017708
0 0.738889 0.647396 0.024074 0.016667
0 0.993519 0.687500 0.035185 0.020833
0 0.499074 0.677083 0.020370 0.012500
0 0.994444 0.545312 0.009259 0.023958
0 0.847222 0.770312 0.022222 0.012500
0 0.993519 0.524479 0.011111 0.018750
0 1.005556 0.293229 0.029630 0.017708
0 1.009259 0.568750 0.035185 0.021875
0 0.480556 0.683333 0.029630 0.015625
0 1.006481 0.520312 0.031481 0.023958
0 0.766667 0.665104 0.035185 0.015625
0 0.850000 0.660417 0.038889 0.021875
0 1.003704 0.283854 0.029630 0.016667
