0 0.999074 0.436458 0.000000 0.000000
0 0.991667 0.596354 0.014815 0.027083
0 0.483333 0.500000 0.024074 0.014583
0 0.474074 0.314063 0.024074 0.013542
0 0.995370 0.698958 0.005556 0.018750
0 0.522222 0.500000 0.024074 0.014583
0 0.495370 0.318229 0.022222 0.012500
0 0.519444 0.489583 0.022222 0.010417
0 0.498148 0.328125 0.020370 0.013542
0 0.992593 0.755729 0.016667 0.037500
0 0.548148 0.478125 0.022222 0.011458
0 0.561111 0.315104 0.022222 0.013542
0 0.996296 0.279687 0.003704 0.015625
0 0.630556 0.491667 0.027778 0.015625
0 0.603704 0.313021 0.022222 0.015625
0 0.905556 0.682813 0.033333 0.020833
0 0.994444 0.598437 0.009259 0.019792
0 0.683333 0.404167 0.027778 0.017708
0 0.633333 0.419792 0.020370 0.011458
0 1.001852 0.514062 0.001852 0.002083
0 0.987037 0.704688 0.024074 0.020833
0 0.952778 0.731250 0.035185 0.019792
0 0.996296 0.543229 0.020370 0.011458
0 0.987963 0.670833 0.020370 0.012500
0 0.986111 0.730729 0.025926 0.018750
0 0.991667 0.720313 0.014815 0.020833
0 0.994444 0.362500 0.009259 0.014583
0 0.992593 0.313021 0.012963 0.014583
0 0.993519 0.683854 0.012963 0.016667
0 0.994444 0.386458 0.007407 0.013542
0 0.993519 0.740104 0.009259 0.019792
0 0.994444 0.399479 0.007407 0.015625
0 0.991667 0.719792 0.012963 0.019792
0 0.992593 0.675521 0.012963 0.016667
0 0.994444 0.596875 0.011111 0.026042
0 0.989815 0.817187 0.018519 0.031250
0 0.990741 0.253646 0.018519 0.010417
0 0.993519 0.275000 0.011111 0.016667
0 0.996296 0.510417 0.007407 0.017708
0 0.990741 0.753125 0.016667 0.022917
0 0.996296 0.722917 0.005556 0.014583
0 0.994444 0.559375 0.009259 0.020833
0 0.994444 0.713542 0.009259 0.014583
0 0.987963 0.483333 0.022222 0.015625
0 0.993519 0.777083 0.012963 0.016667
0 0.996296 0.708333 0.005556 0.010417
0 0.435185 0.514583 0.027778 0.014583
0 0.418519 0.569271 0.025926 0.011458
0 0.996296 0.431250 0.005556 0.015625
0 0.526852 0.314583 0.022222 0.012500
0 0.414815 0.577604 0.024074 0.014583
0 0.517593 0.306250 0.025926 0.015625
0 0.995370 0.722396 0.007407 0.022917
0 0.994444 0.600000 0.025926 0.012500
0 0.450926 0.511458 0.027778 0.015625
0 0.994444 0.529687 0.009259 0.011458
0 0.479630 0.485417 0.020370 0.012500
0 0.415741 0.577604 0.025926 0.014583
0 0.993519 0.692708 0.011111 0.015625
0 0.451852 0.510938 0.027778 0.015625
0 0.462037 0.506250 0.018519 0.012500
0 0.493519 0.286979 0.024074 0.015625
0 0.331481 0.318229 0.025926 0.016667
0 0.018519 0.694271 0.035185 0.020833
0 0.966667 0.467187 0.025926 0.010417
0 0.076852 0.509375 0.031481 0.015625
0 0.573148 0.313542 0.025926 0.014583
0 0.077778 0.470833 0.025926 0.010417
0 0.944444 0.651563 0.031481 0.015625
0 0.296296 0.316146 0.020370 0.014583
0 0.387037 0.578125 0.020370 0.013542
0 0.546296 0.194271 0.011111 0.007292
0 0.560185 0.315104 0.018519 0.013542
0 0.991667 0.326042 0.016667 0.014583
0 0.238889 0.353125 0.027778 0.015625
0 0.248148 0.707292 0.029630 0.013542
0 0.269444 0.550521 0.027778 0.017708
0 0.995370 0.546875 0.005556 0.012500
0 0.994444 0.700521 0.018519 0.016667
0 0.311111 0.320833 0.031481 0.017708
0 0.349074 0.316146 0.031481 0.019792
0 0.381481 0.706771 0.029630 0.016667
0 0.358333 0.302604 0.029630 0.016667
0 0.606481 0.399479 0.022222 0.013542
0 0.368519 0.569271 0.024074 0.015625
0 0.558333 0.493750 0.018519 0.011458
