0 0.919444 0.650521 0.031481 0.014583
0 0.009259 0.690104 0.018519 0.019792
0 0.946296 0.466667 0.024074 0.010417
0 0.057407 0.506771 0.033333 0.015625
0 0.557407 0.311979 0.022222 0.014583
0 0.055556 0.468229 0.025926 0.010417
0 0.990741 0.253125 0.018519 0.010417
0 0.277778 0.314063 0.020370 0.015625
0 0.380556 0.575521 0.020370 0.013542
0 0.529630 0.193229 0.011111 0.007292
0 0.544444 0.313021 0.020370 0.013542
0 0.990741 0.325521 0.016667 0.015625
0 0.212963 0.351042 0.025926 0.014583
0 0.230556 0.703646 0.029630 0.013542
0 0.250000 0.547396 0.029630 0.016667
0 0.995370 0.547396 0.005556 0.012500
0 0.989815 0.701562 0.018519 0.016667
0 0.290741 0.319271 0.029630 0.018750
0 0.326852 0.314583 0.037037 0.019792
0 0.358333 0.704167 0.027778 0.016667
0 0.337963 0.301042 0.031481 0.017708
0 0.589815 0.397396 0.022222 0.012500
0 0.353704 0.567708 0.024074 0.014583
0 0.541667 0.492188 0.018519 0.011458
0 0.413889 0.511979 0.020370 0.013542
0 0.400000 0.566667 0.025926 0.011458
0 0.996296 0.423958 0.003704 0.014583
0 0.512963 0.312500 0.022222 0.012500
0 0.397222 0.575000 0.024074 0.014583
0 0.503704 0.304167 0.024074 0.014583
0 0.995370 0.714063 0.007407 0.022917
0 0.994444 0.597396 0.025926 0.012500
0 0.432407 0.509375 0.029630 0.017708
0 0.993519 0.533333 0.009259 0.011458
0 0.463889 0.483333 0.022222 0.012500
0 0.397222 0.575521 0.024074 0.014583
0 0.993519 0.691667 0.011111 0.015625
0 0.433333 0.508854 0.027778 0.015625
0 0.444444 0.504167 0.020370 0.012500
0 0.477778 0.285417 0.024074 0.014583
0 0.466667 0.497396 0.024074 0.014583
0 0.460185 0.311979 0.024074 0.014583
0 0.995370 0.694792 0.005556 0.018750
0 0.505556 0.498437 0.024074 0.014583
0 0.480556 0.315625 0.020370 0.013542
0 0.502778 0.487500 0.022222 0.010417
0 0.484259 0.326042 0.020370 0.013542
0 0.991667 0.755729 0.014815 0.036458
0 0.531481 0.476562 0.022222 0.012500
0 0.545370 0.312500 0.020370 0.014583
0 0.996296 0.280729 0.003704 0.015625
0 0.610185 0.490104 0.025926 0.015625
0 0.587037 0.311458 0.022222 0.014583
0 0.880556 0.680729 0.033333 0.020833
0 0.662037 0.402604 0.027778 0.018750
0 0.615741 0.418229 0.020370 0.011458
0 1.006481 0.521875 0.005556 0.004167
0 0.969444 0.704688 0.038889 0.019792
0 0.926852 0.729688 0.033333 0.018750
0 0.995370 0.545833 0.020370 0.011458
0 0.999074 0.673438 0.022222 0.013542
0 0.962037 0.729167 0.029630 0.017708
0 0.992593 0.713542 0.014815 0.019792
0 0.998148 0.364063 0.009259 0.014583
0 0.992593 0.310417 0.012963 0.015625
0 0.993519 0.694271 0.012963 0.016667
0 0.992593 0.382812 0.014815 0.014583
0 0.993519 0.741667 0.009259 0.019792
0 0.994444 0.400000 0.007407 0.015625
0 0.992593 0.675521 0.011111 0.015625
0 0.994444 0.591667 0.011111 0.025000
0 0.988889 0.809375 0.018519 0.031250
0 0.983333 0.510938 0.027778 0.014583
0 0.991667 0.747917 0.016667 0.022917
0 0.996296 0.712500 0.005556 0.014583
0 0.994444 0.554688 0.009259 0.021875
0 0.994444 0.715104 0.009259 0.015625
0 0.993519 0.776042 0.012963 0.016667
0 0.995370 0.706771 0.005556 0.010417
0 0.999074 0.436458 0.000000 0.000000
0 0.991667 0.605729 0.014815 0.027083
0 0.994444 0.607292 0.009259 0.020833
0 0.993519 0.275000 0.011111 0.016667
0 0.968519 0.482812 0.027778 0.015625
0 0.992593 0.711458 0.012963 0.019792
