0 0.414815 0.312500 0.025926 0.018750
0 0.013889 0.719792 0.027778 0.021875
0 0.031481 0.643750 0.035185 0.018750
0 0.019444 0.729167 0.029630 0.017708
0 0.344444 0.350000 0.025926 0.015625
0 0.054630 0.292708 0.033333 0.016667
0 0.061111 0.737500 0.038889 0.020833
0 0.148148 0.600000 0.022222 0.010417
0 0.450926 0.315104 0.025926 0.017708
0 0.110185 0.700000 0.040741 0.020833
0 0.990741 0.464583 0.016667 0.012500
0 0.193519 0.510417 0.031481 0.017708
0 0.671296 0.311458 0.024074 0.014583
0 0.197222 0.486979 0.031481 0.017708
0 0.996296 0.650000 0.024074 0.017708
0 0.468519 0.580729 0.022222 0.014583
0 0.637037 0.191146 0.011111 0.007292
0 0.653704 0.313021 0.024074 0.015625
0 0.992593 0.324479 0.011111 0.011458
0 0.426852 0.356250 0.025926 0.014583
0 0.964815 0.386458 0.009259 0.013542
0 0.343519 0.714063 0.029630 0.016667
0 0.396296 0.554167 0.027778 0.017708
0 0.996296 0.560937 0.007407 0.012500
0 1.000926 0.671875 0.018519 0.016667
0 0.431481 0.317708 0.029630 0.018750
0 0.474074 0.313021 0.031481 0.019792
0 0.531481 0.713021 0.029630 0.017708
0 0.477778 0.298438 0.027778 0.014583
0 0.693519 0.398958 0.020370 0.012500
0 0.447222 0.572917 0.024074 0.013542
0 0.633333 0.494271 0.024074 0.013542
0 0.532407 0.516146 0.024074 0.013542
0 0.608333 0.311979 0.022222 0.013542
0 0.516667 0.579688 0.025926 0.014583
0 0.600000 0.304167 0.024074 0.014583
0 0.555556 0.512500 0.025926 0.016667
0 0.993519 0.594792 0.011111 0.028125
0 0.996296 0.474479 0.007407 0.020833
0 0.996296 0.710417 0.005556 0.014583
0 0.995370 0.712500 0.009259 0.013542
0 0.999074 0.435937 0.000000 0.000000
0 0.991667 0.714583 0.012963 0.017708
0 0.996296 0.479167 0.003704 0.010417
0 0.993519 0.528646 0.009259 0.011458
0 0.576852 0.486458 0.024074 0.012500
0 0.517593 0.580208 0.025926 0.014583
0 0.556481 0.512500 0.027778 0.016667
0 0.564815 0.508854 0.016667 0.011458
0 0.588889 0.284375 0.024074 0.015625
0 0.575926 0.501042 0.024074 0.014583
0 0.554630 0.311458 0.024074 0.014583
0 0.996296 0.679688 0.007407 0.017708
0 0.615741 0.501563 0.024074 0.014583
0 0.575926 0.316146 0.020370 0.014583
0 0.613889 0.490104 0.025926 0.012500
0 0.576852 0.326042 0.022222 0.013542
0 0.640741 0.479167 0.022222 0.011458
0 0.653704 0.313021 0.022222 0.014583
0 0.997222 0.268229 0.005556 0.016667
0 0.745370 0.493229 0.027778 0.014583
0 0.698148 0.311458 0.024074 0.015625
0 0.990741 0.680729 0.018519 0.021875
0 0.804630 0.403646 0.031481 0.019792
0 0.748148 0.430208 0.020370 0.010417
0 0.997222 0.504167 0.003704 0.017708
0 0.990741 0.686458 0.016667 0.016667
0 0.997222 0.708333 0.003704 0.017708
0 0.989815 0.666667 0.020370 0.011458
0 0.996296 0.739583 0.007407 0.017708
0 0.993519 0.692708 0.011111 0.018750
0 0.995370 0.353646 0.009259 0.014583
0 0.992593 0.339062 0.011111 0.013542
0 0.994444 0.660417 0.011111 0.013542
0 0.995370 0.397917 0.007407 0.013542
0 0.989815 0.679688 0.009259 0.016667
