0 0.818519 0.697917 0.029630 0.019792
0 0.992593 0.791667 0.012963 0.017708
0 0.994444 0.364583 0.009259 0.022917
0 0.708333 0.468229 0.027778 0.016667
0 0.994444 0.258333 0.009259 0.014583
0 0.993519 0.650000 0.009259 0.018750
0 0.994444 0.715625 0.009259 0.017708
0 0.993519 0.422396 0.012963 0.022917
0 0.995370 0.606250 0.009259 0.020833
0 0.993519 0.781771 0.011111 0.018750
0 0.994444 0.673958 0.009259 0.019792
0 0.995370 0.644792 0.007407 0.012500
0 0.851852 0.703646 0.033333 0.018750
0 0.992593 0.524479 0.014815 0.028125
0 1.000000 0.677604 0.033333 0.014583
0 0.995370 0.637500 0.031481 0.014583
0 0.992593 0.707812 0.014815 0.019792
0 0.994444 0.479167 0.009259 0.022917
0 0.361111 0.379688 0.022222 0.012500
0 0.005556 0.296354 0.011111 0.018750
0 0.027778 0.292187 0.038889 0.020833
0 0.029630 0.687500 0.031481 0.017708
0 0.046296 0.279167 0.035185 0.018750
0 0.238889 0.292708 0.024074 0.014583
0 0.944444 0.650521 0.040741 0.019792
0 0.264815 0.481250 0.025926 0.013542
0 0.260185 0.297396 0.022222 0.012500
0 0.281481 0.473438 0.025926 0.012500
0 0.267593 0.307292 0.020370 0.013542
0 0.994444 0.800000 0.011111 0.023958
0 0.293519 0.458854 0.025926 0.013542
0 0.313889 0.293229 0.027778 0.014583
0 0.799074 0.281250 0.025926 0.016667
0 0.343519 0.473958 0.027778 0.015625
0 0.347222 0.292708 0.024074 0.014583
0 0.576852 0.665104 0.033333 0.018750
0 0.383333 0.384896 0.029630 0.018750
0 0.392593 0.402083 0.020370 0.010417
0 0.359259 0.416146 0.014815 0.008333
0 0.787963 0.521354 0.022222 0.013542
0 0.387037 0.377604 0.016667 0.010417
0 0.634259 0.688021 0.035185 0.020833
0 0.995370 0.313021 0.020370 0.011458
0 0.611111 0.712500 0.029630 0.018750
0 0.991667 0.693229 0.014815 0.029167
0 0.833333 0.575000 0.022222 0.012500
0 0.687037 0.680729 0.033333 0.017708
0 0.996296 0.697917 0.014815 0.025000
0 0.647222 0.711979 0.029630 0.017708
0 0.683333 0.688542 0.022222 0.011458
0 0.901852 0.710417 0.031481 0.015625
0 0.727778 0.348438 0.031481 0.017708
0 0.769444 0.291146 0.027778 0.015625
0 0.990741 0.677083 0.014815 0.020833
0 0.724074 0.367708 0.027778 0.015625
0 0.993519 0.727604 0.011111 0.020833
0 0.746296 0.384375 0.029630 0.015625
0 0.751852 0.659896 0.031481 0.016667
0 0.994444 0.659375 0.009259 0.023958
0 0.993519 0.549479 0.011111 0.018750
0 0.991667 0.731250 0.016667 0.026042
0 0.990741 0.754167 0.018519 0.018750
0 0.993519 0.765625 0.014815 0.008333
0 0.990741 0.231771 0.020370 0.011458
0 0.992593 0.268750 0.012963 0.018750
0 0.729630 0.495833 0.024074 0.013542
0 0.990741 0.729167 0.016667 0.022917
0 0.077778 0.545312 0.022222 0.012500
0 0.310185 0.475000 0.020370 0.012500
0 0.156481 0.494792 0.022222 0.014583
0 0.139815 0.550000 0.024074 0.010417
0 0.950926 0.390625 0.029630 0.015625
0 0.292593 0.294271 0.020370 0.012500
0 0.142593 0.558333 0.031481 0.014583
0 0.278704 0.284896 0.024074 0.013542
0 0.995370 0.633854 0.007407 0.022917
0 0.994444 0.543750 0.024074 0.011458
0 0.171296 0.491667 0.029630 0.016667
0 0.804630 0.525000 0.020370 0.011458
0 0.217593 0.466146 0.020370 0.011458
0 0.143519 0.558333 0.031481 0.014583
0 0.993519 0.698438 0.011111 0.015625
0 0.172222 0.492188 0.035185 0.016667
0 0.195370 0.487500 0.022222 0.013542
0 0.233333 0.265104 0.025926 0.014583
0 0.225926 0.480208 0.025926 0.014583
