0 0.538889 0.264062 0.033333 0.019792
0 0.630556 0.688542 0.038889 0.022917
0 0.737037 0.682292 0.029630 0.017708
0 0.711111 0.431250 0.037037 0.019792
0 0.431481 0.672396 0.027778 0.016667
0 0.634259 0.776042 0.033333 0.021875
0 0.813889 0.356250 0.040741 0.023958
0 0.987037 0.336979 0.029630 0.017708
0 0.995370 0.595313 0.007407 0.022917
0 0.972222 0.256771 0.040741 0.019792
0 0.745370 0.648958 0.037037 0.018750
0 0.987037 0.590625 0.025926 0.021875
0 1.004630 0.499479 0.068519 0.033333
0 0.738889 0.708854 0.031481 0.019792
0 0.993519 0.656771 0.011111 0.021875
0 0.840741 0.378646 0.044444 0.022917
0 0.996296 0.470833 0.005556 0.017708
0 0.858333 0.659375 0.038889 0.022917
0 0.772222 0.766667 0.029630 0.017708
0 0.993519 0.597917 0.012963 0.021875
0 0.999074 0.714583 0.011111 0.020833
0 0.996296 0.403646 0.005556 0.015625
0 1.003704 0.271354 0.029630 0.016667
0 0.824074 0.654167 0.037037 0.020833
0 0.738889 0.659896 0.031481 0.015625
0 1.005556 0.536458 0.029630 0.020833
0 0.459259 0.677083 0.029630 0.015625
0 1.009259 0.560937 0.033333 0.020833
0 1.005556 0.279687 0.027778 0.016667
0 0.993519 0.528125 0.011111 0.018750
0 0.824074 0.764583 0.022222 0.013542
0 0.989815 0.542708 0.018519 0.021875
0 0.476852 0.670833 0.020370 0.012500
0 0.995370 0.687500 0.037037 0.020833
0 0.710185 0.641146 0.024074 0.015625
0 0.991667 0.575000 0.014815 0.017708
0 0.993519 0.534896 0.031481 0.017708
0 0.725000 0.534896 0.025926 0.015625
0 1.002778 0.295833 0.022222 0.015625
0 0.928704 0.627604 0.031481 0.016667
0 0.339815 0.446875 0.027778 0.015625
0 0.990741 0.539062 0.016667 0.025000
0 0.991667 0.589583 0.012963 0.019792
0 0.331481 0.346875 0.035185 0.015625
0 0.988889 0.484896 0.020370 0.011458
0 0.629630 0.688542 0.038889 0.022917
0 0.347222 0.363021 0.027778 0.015625
0 0.367593 0.636979 0.029630 0.016667
0 0.961111 0.571354 0.048148 0.026042
0 0.994444 0.273958 0.031481 0.015625
0 0.748148 0.516146 0.040741 0.021875
0 0.662037 0.675521 0.046296 0.022917
0 0.993519 0.539062 0.011111 0.017708
0 0.993519 0.486979 0.012963 0.022917
0 0.988889 0.391667 0.020370 0.022917
0 0.806481 0.728646 0.031481 0.016667
0 0.993519 0.706771 0.011111 0.017708
0 1.000926 0.360938 0.033333 0.023958
0 0.851852 0.756771 0.029630 0.015625
0 0.986111 0.216146 0.025926 0.023958
0 0.996296 0.525521 0.007407 0.020833
0 0.991667 0.722917 0.016667 0.015625
0 0.709259 0.254167 0.029630 0.017708
0 0.372222 0.475000 0.024074 0.013542
0 0.997222 0.518229 0.024074 0.018750
0 0.892593 0.656771 0.027778 0.015625
0 0.008333 0.398958 0.016667 0.015625
0 0.451852 0.498437 0.020370 0.012500
0 0.012037 0.361979 0.024074 0.012500
0 0.194444 0.668229 0.035185 0.020833
0 0.704630 0.285938 0.024074 0.013542
0 0.197222 0.693229 0.033333 0.017708
0 0.857407 0.659375 0.038889 0.023958
0 0.450926 0.552083 0.024074 0.013542
0 0.246296 0.644792 0.024074 0.013542
0 0.246296 0.659375 0.037037 0.019792
0 1.006481 0.459896 0.027778 0.018750
0 0.825926 0.654687 0.031481 0.020833
0 0.235185 0.691667 0.031481 0.017708
0 0.253704 0.668229 0.027778 0.014583
0 0.716667 0.546875 0.020370 0.012500
0 0.522222 0.681771 0.025926 0.013542
0 0.321296 0.326562 0.031481 0.017708
0 0.397222 0.266667 0.029630 0.015625
0 0.595370 0.645312 0.044444 0.022917
0 0.000000 0.000000 0.000000 0.000000
