0 0.995370 0.544271 0.024074 0.011458
0 0.008333 0.297917 0.016667 0.019792
0 0.032407 0.293750 0.037037 0.021875
0 0.036111 0.688542 0.031481 0.017708
0 0.050926 0.280208 0.033333 0.018750
0 0.363889 0.380729 0.022222 0.012500
0 0.082407 0.546354 0.022222 0.012500
0 0.313889 0.475521 0.020370 0.012500
0 0.161111 0.495312 0.022222 0.015625
0 0.145370 0.551042 0.024074 0.010417
0 0.954630 0.391667 0.031481 0.015625
0 0.297222 0.295312 0.022222 0.012500
0 0.148148 0.558854 0.031481 0.014583
0 0.283333 0.285938 0.025926 0.014583
0 0.995370 0.630729 0.007407 0.022917
0 0.175926 0.492188 0.029630 0.016667
0 0.809259 0.525521 0.022222 0.010417
0 0.222222 0.467187 0.020370 0.011458
0 0.147222 0.559375 0.029630 0.014583
0 0.993519 0.697917 0.011111 0.015625
0 0.176852 0.493229 0.029630 0.016667
0 0.199074 0.488542 0.022222 0.013542
0 0.237037 0.266146 0.025926 0.015625
0 0.229630 0.481250 0.027778 0.014583
0 0.242593 0.293750 0.025926 0.013542
0 0.949074 0.651563 0.040741 0.019792
0 0.268519 0.482292 0.024074 0.013542
0 0.263889 0.298438 0.020370 0.013542
0 0.286111 0.474479 0.025926 0.012500
0 0.272222 0.308333 0.022222 0.013542
0 0.994444 0.798958 0.011111 0.023958
0 0.298148 0.459896 0.025926 0.013542
0 0.318519 0.294271 0.027778 0.014583
0 0.803704 0.281771 0.027778 0.017708
0 0.348148 0.474479 0.025926 0.016667
0 0.350926 0.293750 0.024074 0.014583
0 0.580556 0.666667 0.033333 0.019792
0 0.387037 0.385417 0.029630 0.017708
0 0.397222 0.403125 0.020370 0.010417
0 0.362963 0.417187 0.014815 0.008333
0 0.791667 0.521875 0.024074 0.013542
0 0.392593 0.378646 0.016667 0.010417
0 0.638889 0.688542 0.035185 0.019792
0 0.996296 0.314063 0.022222 0.011458
0 0.615741 0.713542 0.029630 0.018750
0 0.991667 0.691667 0.014815 0.029167
0 0.837037 0.576042 0.022222 0.012500
0 0.691667 0.681250 0.033333 0.019792
0 0.997222 0.698958 0.016667 0.025000
0 0.651852 0.713021 0.029630 0.017708
0 0.999074 0.679688 0.033333 0.014583
0 0.687963 0.689583 0.020370 0.011458
0 0.905556 0.711458 0.029630 0.014583
0 0.731481 0.348958 0.031481 0.017708
0 0.773148 0.291667 0.027778 0.015625
0 0.990741 0.680208 0.014815 0.020833
0 0.726852 0.368750 0.027778 0.015625
0 0.993519 0.727604 0.011111 0.020833
0 0.750000 0.385417 0.029630 0.015625
0 0.756481 0.660937 0.031481 0.017708
0 0.995370 0.658854 0.009259 0.023958
0 0.993519 0.551042 0.011111 0.018750
0 0.990741 0.732292 0.014815 0.026042
0 0.989815 0.755208 0.018519 0.018750
0 0.990741 0.765625 0.014815 0.008333
0 0.989815 0.231771 0.018519 0.011458
0 0.992593 0.269792 0.012963 0.018750
0 0.995370 0.636458 0.031481 0.014583
0 0.732407 0.496875 0.024074 0.013542
0 0.990741 0.730208 0.016667 0.022917
0 0.992593 0.707292 0.014815 0.019792
0 0.994444 0.480729 0.009259 0.022917
0 0.822222 0.698958 0.029630 0.017708
0 0.992593 0.791146 0.014815 0.017708
0 0.712037 0.469271 0.027778 0.016667
0 0.994444 0.363021 0.009259 0.022917
0 0.994444 0.258333 0.007407 0.014583
0 0.994444 0.648958 0.011111 0.018750
0 0.994444 0.715625 0.009259 0.017708
0 0.993519 0.421354 0.011111 0.022917
0 0.995370 0.607292 0.009259 0.020833
0 0.993519 0.782292 0.012963 0.019792
0 0.994444 0.676042 0.009259 0.020833
0 0.995370 0.644271 0.007407 0.012500
0 0.856481 0.704688 0.033333 0.017708
0 0.992593 0.522917 0.014815 0.028125
