0 0.053704 0.299479 0.037037 0.020833
0 0.061111 0.692187 0.031481 0.017708
0 0.071296 0.285938 0.033333 0.018750
0 0.382407 0.384896 0.022222 0.013542
0 0.104630 0.551042 0.020370 0.011458
0 0.331481 0.479687 0.022222 0.012500
0 0.180556 0.500000 0.022222 0.014583
0 0.165741 0.555208 0.024074 0.010417
0 0.977778 0.392708 0.033333 0.016667
0 0.312963 0.299479 0.022222 0.012500
0 0.166667 0.563542 0.027778 0.014583
0 0.300000 0.290625 0.024074 0.014583
0 0.995370 0.638542 0.007407 0.022917
0 0.994444 0.545312 0.024074 0.011458
0 0.195370 0.496875 0.029630 0.016667
0 0.828704 0.528125 0.020370 0.012500
0 0.241667 0.471354 0.020370 0.011458
0 0.167593 0.563542 0.029630 0.014583
0 0.993519 0.692708 0.011111 0.015625
0 0.197222 0.497917 0.027778 0.016667
0 0.218519 0.492708 0.022222 0.013542
0 0.255556 0.271354 0.025926 0.015625
0 0.248148 0.485417 0.025926 0.015625
0 0.259259 0.298438 0.025926 0.013542
0 0.974074 0.654687 0.040741 0.020833
0 0.281481 0.302604 0.022222 0.013542
0 0.304630 0.478125 0.025926 0.012500
0 0.288889 0.312500 0.022222 0.012500
0 0.994444 0.793229 0.011111 0.023958
0 0.316667 0.464062 0.025926 0.013542
0 0.335185 0.298958 0.027778 0.015625
0 0.823148 0.284375 0.027778 0.016667
0 0.368519 0.478125 0.027778 0.014583
0 0.368519 0.297396 0.024074 0.013542
0 0.604630 0.669271 0.035185 0.019792
0 0.407407 0.389062 0.029630 0.017708
0 0.413889 0.406771 0.020370 0.011458
0 0.382407 0.420833 0.014815 0.008333
0 0.812037 0.524479 0.022222 0.013542
0 0.411111 0.381250 0.016667 0.009375
0 0.663889 0.691667 0.037037 0.020833
0 0.996296 0.316667 0.022222 0.010417
0 0.639815 0.717187 0.031481 0.018750
0 0.287037 0.486458 0.024074 0.014583
0 0.002778 0.536458 0.005556 0.016667
0 0.845370 0.537500 0.020370 0.010417
0 0.688889 0.694271 0.027778 0.015625
0 0.021296 0.304167 0.033333 0.018750
0 0.991667 0.693750 0.014815 0.028125
0 0.861111 0.578646 0.020370 0.011458
0 0.716667 0.684896 0.033333 0.018750
0 0.997222 0.704688 0.016667 0.025000
0 0.675926 0.716667 0.029630 0.017708
0 0.930556 0.715104 0.031481 0.015625
0 0.752778 0.351042 0.031481 0.016667
0 0.792593 0.293750 0.027778 0.015625
0 0.990741 0.686979 0.016667 0.020833
0 0.747222 0.370312 0.027778 0.013542
0 0.993519 0.729167 0.011111 0.020833
0 0.771296 0.387500 0.029630 0.015625
0 0.780556 0.664583 0.031481 0.018750
0 0.994444 0.655729 0.009259 0.025000
0 0.993519 0.551042 0.011111 0.017708
0 0.991667 0.735938 0.016667 0.026042
0 0.990741 0.756771 0.018519 0.018750
0 0.990741 0.767188 0.014815 0.008333
0 0.990741 0.233333 0.020370 0.011458
0 0.992593 0.270833 0.012963 0.018750
0 0.752778 0.499479 0.024074 0.013542
0 0.990741 0.730208 0.016667 0.023958
0 0.991667 0.709896 0.014815 0.019792
0 0.994444 0.485938 0.009259 0.022917
0 0.994444 0.602083 0.007407 0.020833
0 0.848148 0.702604 0.029630 0.017708
0 0.992593 0.793229 0.014815 0.018750
0 0.994444 0.359375 0.009259 0.022917
0 0.994444 0.260417 0.009259 0.013542
0 0.993519 0.642188 0.009259 0.019792
0 0.994444 0.717708 0.009259 0.016667
0 0.993519 0.422917 0.012963 0.022917
0 0.993519 0.784896 0.012963 0.018750
0 0.994444 0.677604 0.009259 0.019792
0 0.995370 0.644271 0.007407 0.013542
0 0.881481 0.708333 0.035185 0.018750
0 0.992593 0.526042 0.014815 0.028125
0 0.999074 0.680729 0.033333 0.014583
0 0.731481 0.471875 0.027778 0.016667
