0 0.789815 0.730729 0.033333 0.017708
0 0.991667 0.703646 0.011111 0.017708
0 1.001852 0.365625 0.033333 0.023958
0 0.836111 0.758854 0.029630 0.015625
0 0.975000 0.215104 0.042593 0.023958
0 0.995370 0.528646 0.007407 0.020833
0 0.991667 0.722396 0.016667 0.015625
0 0.694444 0.252604 0.029630 0.018750
0 0.357407 0.475000 0.024074 0.013542
0 0.996296 0.515104 0.024074 0.018750
0 0.514815 0.263542 0.033333 0.019792
0 0.610185 0.690104 0.037037 0.022917
0 0.719444 0.683854 0.031481 0.017708
0 0.690741 0.431771 0.035185 0.020833
0 0.614815 0.777083 0.037037 0.020833
0 0.415741 0.673438 0.027778 0.016667
0 0.838889 0.661458 0.037037 0.025000
0 0.996296 0.477604 0.005556 0.018750
0 0.816667 0.378646 0.042593 0.022917
0 0.994444 0.670833 0.011111 0.020833
0 0.720370 0.709896 0.031481 0.018750
0 1.003704 0.498958 0.064815 0.032292
0 0.986111 0.591146 0.027778 0.021875
0 0.725926 0.650521 0.037037 0.019792
0 0.954630 0.255729 0.037037 0.018750
0 0.994444 0.593750 0.007407 0.023958
0 0.986111 0.335938 0.029630 0.016667
0 0.790741 0.356250 0.042593 0.023958
0 0.437963 0.498958 0.020370 0.013542
0 0.003704 0.361979 0.007407 0.011458
0 0.175926 0.669271 0.037037 0.019792
0 0.691667 0.284896 0.020370 0.013542
0 0.178704 0.693750 0.031481 0.018750
0 0.837963 0.661979 0.038889 0.025000
0 0.435185 0.553125 0.024074 0.013542
0 0.228704 0.646354 0.024074 0.013542
0 0.226852 0.660417 0.037037 0.018750
0 1.007407 0.459896 0.027778 0.017708
0 0.807407 0.656250 0.031481 0.020833
0 0.216667 0.692708 0.029630 0.017708
0 0.236111 0.669792 0.027778 0.014583
0 0.696296 0.547396 0.022222 0.012500
0 0.875000 0.658333 0.027778 0.015625
0 0.507407 0.683333 0.027778 0.014583
0 0.302778 0.326562 0.031481 0.018750
0 0.379630 0.266146 0.027778 0.015625
0 0.575000 0.646354 0.042593 0.022917
0 0.000000 0.000000 0.000000 0.000000
0 0.992593 0.588021 0.012963 0.019792
0 0.311111 0.346875 0.033333 0.016667
0 0.987963 0.484375 0.022222 0.012500
0 0.609259 0.690104 0.038889 0.022917
0 0.328704 0.363021 0.025926 0.016667
0 0.351852 0.638021 0.029630 0.017708
0 0.941667 0.572396 0.050000 0.027083
0 0.995370 0.271875 0.031481 0.015625
0 0.728704 0.517188 0.040741 0.022917
0 0.640741 0.678125 0.040741 0.022917
0 0.992593 0.541146 0.011111 0.017708
0 0.993519 0.486458 0.012963 0.022917
0 0.987963 0.390104 0.020370 0.023958
0 0.993519 0.595833 0.012963 0.020833
0 0.755556 0.768750 0.031481 0.018750
0 0.990741 0.536979 0.016667 0.026042
0 0.987963 0.717708 0.022222 0.021875
0 0.996296 0.410938 0.005556 0.015625
0 1.003704 0.267708 0.029630 0.015625
0 0.805556 0.656771 0.035185 0.020833
0 0.720370 0.661458 0.035185 0.015625
0 1.005556 0.538021 0.027778 0.020833
0 0.443519 0.678125 0.029630 0.015625
0 1.007407 0.569271 0.031481 0.018750
0 1.005556 0.280208 0.025926 0.016667
0 0.993519 0.527604 0.011111 0.019792
0 0.808333 0.766667 0.024074 0.013542
0 0.979630 0.544271 0.037037 0.021875
0 0.461111 0.671875 0.020370 0.012500
0 0.992593 0.690104 0.035185 0.020833
0 0.689815 0.643229 0.024074 0.015625
0 0.991667 0.575521 0.014815 0.018750
0 0.991667 0.535937 0.031481 0.018750
0 0.707407 0.535417 0.027778 0.015625
0 1.002778 0.292187 0.022222 0.015625
0 0.909259 0.629687 0.031481 0.014583
0 0.323148 0.447396 0.027778 0.015625
