0 0.063889 0.289583 0.025926 0.014583
0 0.047222 0.455729 0.025926 0.012500
0 0.050926 0.280208 0.024074 0.013542
0 0.036111 0.465104 0.025926 0.014583
0 0.657407 0.631771 0.029630 0.018750
0 0.028704 0.276042 0.024074 0.013542
0 0.006481 0.464583 0.012963 0.015625
0 0.007407 0.247396 0.014815 0.014583
0 0.803704 0.688542 0.050000 0.026042
0 0.994444 0.223958 0.009259 0.019792
0 0.970370 0.775000 0.024074 0.014583
0 0.994444 0.703646 0.009259 0.014583
0 0.930556 0.745833 0.031481 0.016667
0 0.987037 0.439063 0.020370 0.025000
0 0.993519 0.517188 0.012963 0.022917
0 0.992593 0.542708 0.011111 0.017708
0 0.895370 0.531771 0.040741 0.021875
0 0.994444 0.604167 0.009259 0.025000
0 0.485185 0.641667 0.027778 0.017708
0 0.484259 0.371875 0.027778 0.015625
0 0.767593 0.700000 0.037037 0.021875
0 0.991667 0.496875 0.020370 0.011458
0 0.467593 0.355208 0.031481 0.015625
0 0.991667 0.607292 0.014815 0.020833
0 0.735185 0.656771 0.040741 0.021875
0 0.530556 0.279687 0.027778 0.015625
0 0.464815 0.335938 0.031481 0.017708
0 0.633333 0.691667 0.025926 0.013542
0 1.007407 0.670312 0.027778 0.015625
0 0.865741 0.560937 0.018519 0.010417
0 0.382407 0.669792 0.025926 0.013542
0 0.361111 0.692708 0.029630 0.017708
0 0.962963 0.671875 0.035185 0.021875
0 1.007407 0.494792 0.029630 0.019792
0 0.381481 0.661458 0.035185 0.018750
0 0.383333 0.646875 0.022222 0.012500
0 0.570370 0.560417 0.024074 0.014583
0 0.988889 0.676042 0.022222 0.019792
0 0.324074 0.693229 0.031481 0.017708
0 0.847222 0.305729 0.022222 0.012500
0 0.330556 0.668229 0.035185 0.020833
0 0.143519 0.364063 0.022222 0.013542
0 0.562963 0.507292 0.024074 0.012500
0 0.129630 0.399479 0.025926 0.015625
0 0.184259 0.386458 0.018519 0.009375
0 0.122222 0.368750 0.033333 0.018750
0 0.295370 0.648438 0.027778 0.016667
0 0.120370 0.276562 0.025926 0.015625
0 0.095370 0.457813 0.029630 0.015625
0 0.550000 0.270313 0.027778 0.015625
0 0.085185 0.277083 0.027778 0.014583
0 0.069444 0.443750 0.025926 0.012500
0 0.740741 0.785417 0.035185 0.025000
0 0.962963 0.671875 0.035185 0.020833
0 0.876852 0.673958 0.031481 0.016667
0 1.011111 0.481250 0.042593 0.031250
0 0.574074 0.684375 0.027778 0.015625
0 1.008333 0.311979 0.038889 0.023958
0 0.994444 0.505208 0.011111 0.017708
0 0.942593 0.782292 0.018519 0.011458
0 0.995370 0.547396 0.009259 0.021875
0 0.593519 0.678646 0.022222 0.012500
0 0.995370 0.680729 0.037037 0.015625
0 0.853704 0.654687 0.024074 0.015625
0 0.991667 0.577083 0.012963 0.015625
0 0.991667 0.539062 0.031481 0.017708
0 0.996296 0.648958 0.031481 0.014583
0 0.462963 0.453125 0.027778 0.018750
0 0.989815 0.539583 0.016667 0.027083
0 0.995370 0.500000 0.007407 0.021875
0 0.990741 0.726042 0.016667 0.015625
0 0.875000 0.269271 0.029630 0.019792
0 0.490741 0.482292 0.024074 0.013542
0 0.997222 0.543229 0.024074 0.018750
0 0.765741 0.699479 0.038889 0.021875
0 0.867593 0.696875 0.029630 0.016667
0 0.867593 0.446875 0.037037 0.019792
0 0.545370 0.678646 0.025926 0.015625
0 0.723148 0.773958 0.031481 0.020833
0 0.984259 0.374479 0.029630 0.023958
0 0.995370 0.606771 0.009259 0.023958
0 0.994444 0.256250 0.011111 0.017708
0 0.887037 0.663542 0.037037 0.019792
0 0.987037 0.625000 0.027778 0.021875
0 1.009259 0.506771 0.088889 0.042708
0 0.863889 0.723958 0.033333 0.019792
0 0.992593 0.619271 0.012963 0.025000
0 0.994444 0.396875 0.011111 0.020833
0 0.996296 0.441667 0.005556 0.015625
0 0.998148 0.675521 0.035185 0.019792
0 0.892593 0.782813 0.031481 0.017708
0 0.992593 0.602604 0.012963 0.022917
0 0.992593 0.743229 0.012963 0.023958
0 0.996296 0.395313 0.005556 0.013542
