0 0.850926 0.508854 0.031481 0.019792
0 0.320370 0.709375 0.029630 0.018750
0 0.675926 0.685417 0.044444 0.023958
0 0.639815 0.248958 0.035185 0.017708
0 0.771296 0.430208 0.042593 0.025000
0 0.548148 0.717708 0.042593 0.020833
0 0.851852 0.558854 0.031481 0.018750
0 0.363889 0.768750 0.029630 0.018750
0 0.406481 0.662500 0.033333 0.019792
0 0.324074 0.378125 0.042593 0.021875
0 0.700926 0.500000 0.037037 0.020833
0 0.830556 0.572396 0.033333 0.018750
0 0.718519 0.273958 0.020370 0.015625
0 0.828704 0.338021 0.024074 0.014583
0 0.788889 0.574479 0.035185 0.019792
0 0.633333 0.261979 0.040741 0.026042
0 0.282407 0.649479 0.038889 0.019792
0 0.638889 0.526563 0.029630 0.017708
0 0.076852 0.257812 0.027778 0.013542
0 0.161111 0.688542 0.037037 0.018750
0 0.310185 0.682813 0.029630 0.016667
0 0.250926 0.430208 0.037037 0.020833
0 0.702778 0.485417 0.022222 0.011458
0 0.071296 0.672917 0.027778 0.014583
0 0.232407 0.774479 0.042593 0.026042
0 0.288889 0.355208 0.038889 0.022917
0 0.110185 0.288021 0.031481 0.017708
0 0.384259 0.658333 0.033333 0.018750
0 0.285185 0.660417 0.035185 0.014583
0 0.646296 0.547917 0.029630 0.017708
0 0.096296 0.677083 0.029630 0.015625
0 0.651852 0.571354 0.029630 0.015625
0 0.708333 0.281771 0.029630 0.017708
0 0.773148 0.517188 0.037037 0.020833
0 0.422222 0.765104 0.027778 0.015625
0 0.505556 0.543750 0.038889 0.021875
0 0.851852 0.538021 0.031481 0.017708
0 0.230556 0.363542 0.025926 0.012500
0 0.126852 0.645833 0.035185 0.017708
0 0.316667 0.670833 0.029630 0.014583
0 0.670370 0.698958 0.029630 0.014583
0 0.240741 0.641146 0.029630 0.016667
0 0.820370 0.568229 0.025926 0.016667
0 0.713889 0.632812 0.022222 0.013542
0 0.810185 0.556250 0.027778 0.015625
0 0.454630 0.214062 0.024074 0.013542
0 0.254630 0.365104 0.024074 0.009375
0 0.317593 0.541667 0.018519 0.011458
0 0.418519 0.446875 0.033333 0.020833
0 0.083333 0.269271 0.025926 0.012500
0 0.695370 0.288542 0.025926 0.015625
0 0.452778 0.629167 0.029630 0.015625
0 0.612963 0.548438 0.027778 0.016667
0 0.017593 0.447396 0.025926 0.013542
0 0.801852 0.351042 0.027778 0.013542
0 0.793519 0.533333 0.037037 0.019792
0 0.159259 0.686979 0.031481 0.022917
0 0.005556 0.361979 0.011111 0.014583
0 0.013889 0.636458 0.027778 0.017708
0 0.496296 0.571875 0.048148 0.027083
0 0.653704 0.270833 0.031481 0.019792
0 0.659259 0.516667 0.033333 0.018750
0 0.301852 0.516146 0.040741 0.021875
0 0.193519 0.676562 0.042593 0.025000
0 0.826852 0.526042 0.033333 0.018750
0 0.537037 0.481771 0.042593 0.025000
0 0.797222 0.377604 0.040741 0.022917
0 0.395370 0.730729 0.029630 0.016667
0 0.634259 0.713021 0.035185 0.020833
0 0.824074 0.382292 0.031481 0.018750
0 0.450000 0.757812 0.025926 0.016667
0 0.516667 0.216667 0.038889 0.023958
0 0.684259 0.539583 0.044444 0.025000
0 0.600926 0.717187 0.031481 0.019792
0 0.392593 0.254688 0.029630 0.019792
0 0.062963 0.474479 0.025926 0.013542
0 0.619444 0.281771 0.022222 0.013542
0 0.662963 0.493229 0.033333 0.016667
