0 0.978704 0.653646 0.020370 0.012500
0 0.991667 0.707812 0.014815 0.019792
0 0.984259 0.679688 0.016667 0.016667
0 0.997222 0.506250 0.003704 0.017708
0 0.042593 0.590625 0.022222 0.010417
0 0.996296 0.518229 0.020370 0.010417
0 0.654630 0.414062 0.020370 0.010417
0 0.708333 0.385937 0.029630 0.017708
0 0.950000 0.661979 0.035185 0.019792
0 0.608333 0.295833 0.022222 0.014583
0 0.655556 0.476042 0.025926 0.014583
0 0.996296 0.269271 0.003704 0.016667
0 0.563889 0.297917 0.022222 0.014583
0 0.561111 0.464062 0.022222 0.012500
0 0.492593 0.313021 0.022222 0.013542
0 0.532407 0.476042 0.024074 0.012500
0 0.489815 0.302083 0.020370 0.013542
0 0.996296 0.444271 0.005556 0.016667
0 0.450926 0.503125 0.024074 0.013542
0 0.554630 0.480208 0.022222 0.013542
0 0.379630 0.558333 0.027778 0.015625
0 0.611111 0.383333 0.022222 0.012500
0 0.373148 0.284896 0.027778 0.016667
0 0.435185 0.697396 0.029630 0.017708
0 0.368519 0.299479 0.033333 0.019792
0 0.328704 0.305208 0.031481 0.018750
0 1.000000 0.685417 0.018519 0.016667
0 0.995370 0.557813 0.005556 0.012500
0 0.300000 0.541667 0.027778 0.016667
0 0.268519 0.702604 0.029630 0.015625
0 0.292593 0.341146 0.033333 0.017708
0 0.991667 0.318750 0.012963 0.012500
0 0.563889 0.297396 0.022222 0.014583
0 0.540741 0.176042 0.011111 0.008333
0 0.397222 0.567187 0.025926 0.015625
0 0.312037 0.300000 0.024074 0.017708
0 0.983333 0.628125 0.031481 0.017708
0 0.103704 0.479167 0.031481 0.014583
0 0.580556 0.296354 0.024074 0.014583
0 0.096296 0.501042 0.033333 0.017708
0 0.975000 0.446354 0.027778 0.013542
0 0.028704 0.692708 0.040741 0.021875
0 0.349074 0.301563 0.025926 0.017708
0 0.994444 0.352083 0.009259 0.015625
0 0.993519 0.763542 0.012963 0.015625
0 0.994444 0.715104 0.009259 0.014583
0 0.996296 0.719792 0.005556 0.014583
0 0.996296 0.492188 0.007407 0.019792
0 0.994444 0.578125 0.011111 0.027083
0 0.992593 0.678125 0.012963 0.016667
0 0.996296 0.735938 0.007407 0.017708
0 0.995370 0.394271 0.007407 0.013542
0 0.937037 0.371354 0.009259 0.012500
0 0.993519 0.671354 0.011111 0.015625
0 0.992593 0.707812 0.014815 0.020833
0 0.996296 0.461979 0.007407 0.012500
0 0.991667 0.707292 0.014815 0.019792
0 0.991667 0.577604 0.014815 0.028125
0 0.992593 0.327604 0.012963 0.014583
0 0.999074 0.435937 0.000000 0.000000
0 0.513889 0.290104 0.024074 0.014583
0 0.522222 0.298438 0.022222 0.013542
0 0.468519 0.298438 0.024074 0.014583
0 0.497222 0.486458 0.024074 0.014583
0 0.496296 0.269792 0.024074 0.015625
0 0.482407 0.494271 0.016667 0.011458
0 0.471296 0.497917 0.025926 0.015625
0 0.436111 0.566667 0.025926 0.014583
0 0.494444 0.471354 0.022222 0.011458
0 0.993519 0.529687 0.009259 0.011458
0 0.471296 0.498437 0.025926 0.016667
0 0.995370 0.738021 0.007407 0.022917
0 0.437037 0.566146 0.025926 0.014583
0 0.537037 0.486458 0.024074 0.014583
0 0.995370 0.692708 0.005556 0.018750
