0 0.891667 0.570833 0.029630 0.017708
0 0.841667 0.566146 0.037037 0.020833
0 0.847222 0.382292 0.027778 0.013542
0 0.032407 0.464583 0.027778 0.016667
0 0.647222 0.577083 0.027778 0.016667
0 0.671296 0.555208 0.029630 0.017708
0 0.497222 0.657813 0.031481 0.016667
0 0.725926 0.316667 0.025926 0.017708
0 0.138889 0.293750 0.022222 0.010417
0 0.461111 0.472396 0.035185 0.021875
0 0.370370 0.560937 0.027778 0.014583
0 0.295370 0.388542 0.022222 0.009375
0 0.486111 0.241146 0.024074 0.013542
0 0.849074 0.588021 0.027778 0.015625
0 0.749074 0.664062 0.024074 0.014583
0 0.858333 0.600000 0.027778 0.017708
0 0.275926 0.668229 0.027778 0.016667
0 0.697222 0.730208 0.031481 0.016667
0 0.346296 0.698958 0.022222 0.011458
0 0.162963 0.670833 0.037037 0.018750
0 0.262963 0.385417 0.027778 0.012500
0 0.555556 0.571875 0.042593 0.022917
0 0.448148 0.796354 0.027778 0.016667
0 0.821296 0.548958 0.037037 0.020833
0 0.742593 0.311979 0.029630 0.017708
0 0.696296 0.601562 0.029630 0.015625
0 0.110185 0.701042 0.031481 0.016667
0 0.680556 0.576562 0.031481 0.016667
0 0.319444 0.688021 0.035185 0.015625
0 0.423148 0.686979 0.035185 0.018750
0 0.695370 0.280208 0.033333 0.018750
0 0.829630 0.461979 0.042593 0.023958
0 0.591667 0.750521 0.044444 0.021875
0 0.891667 0.591667 0.031481 0.018750
0 0.389815 0.799479 0.033333 0.018750
0 0.443519 0.691146 0.033333 0.019792
0 0.753704 0.530729 0.038889 0.020833
0 0.379630 0.403646 0.042593 0.021875
0 0.717593 0.718229 0.042593 0.023958
0 0.348148 0.737500 0.031481 0.017708
0 0.899074 0.542188 0.033333 0.019792
0 0.871296 0.604688 0.031481 0.017708
0 0.318519 0.676562 0.038889 0.019792
0 0.688889 0.292187 0.038889 0.025000
0 0.826852 0.606250 0.035185 0.018750
0 0.869444 0.369792 0.025926 0.014583
0 0.169444 0.309896 0.029630 0.015625
0 0.348148 0.379688 0.042593 0.022917
0 0.251852 0.804167 0.044444 0.025000
0 0.083333 0.695312 0.027778 0.014583
0 0.753704 0.515625 0.022222 0.010417
0 0.295370 0.453646 0.037037 0.019792
0 0.339815 0.709896 0.029630 0.017708
0 0.189815 0.715104 0.035185 0.020833
0 0.105556 0.277604 0.027778 0.016667
0 0.751852 0.304167 0.020370 0.014583
0 0.693519 0.545312 0.035185 0.018750
0 0.674074 0.311458 0.022222 0.013542
0 0.076852 0.493229 0.025926 0.014583
0 0.423148 0.279167 0.031481 0.018750
0 0.643519 0.750000 0.033333 0.019792
0 0.731481 0.570312 0.042593 0.025000
0 0.572222 0.245833 0.037037 0.023958
0 0.477778 0.789062 0.027778 0.016667
0 0.881481 0.413542 0.027778 0.018750
0 0.675926 0.746354 0.035185 0.020833
0 0.423148 0.760417 0.031481 0.018750
0 0.860185 0.410938 0.046296 0.023958
0 0.593519 0.510938 0.044444 0.025000
0 0.874074 0.557813 0.035185 0.018750
0 0.226852 0.703125 0.042593 0.025000
0 0.692593 0.302083 0.031481 0.015625
0 0.341667 0.540625 0.040741 0.021875
0 0.871296 0.604688 0.031481 0.018750
0 -0.001852 0.342187 0.018519 0.017708
0 0.001852 0.364063 0.025926 0.014583
0 0.712963 0.523958 0.031481 0.018750
0 0.196296 0.714063 0.035185 0.026042
0 0.019444 0.379167 0.031481 0.015625
0 0.024074 0.657813 0.033333 0.018750
0 0.539815 0.600521 0.048148 0.027083
