0 0.935185 0.452604 0.038889 0.019792
0 0.837037 0.709896 0.040741 0.021875
0 0.997222 0.537500 0.024074 0.018750
0 0.537963 0.490104 0.024074 0.013542
0 0.891667 0.277604 0.022222 0.014583
0 0.990741 0.736979 0.014815 0.015625
0 0.995370 0.494792 0.007407 0.021875
0 0.994444 0.223958 0.009259 0.018750
0 0.989815 0.757812 0.018519 0.019792
0 0.993519 0.531771 0.012963 0.022917
0 0.993519 0.535937 0.011111 0.016667
0 0.874074 0.700000 0.050000 0.025000
0 0.962963 0.539062 0.042593 0.022917
0 0.995370 0.613542 0.009259 0.023958
0 0.537963 0.651563 0.029630 0.017708
0 0.534259 0.378646 0.027778 0.014583
0 0.837037 0.710417 0.040741 0.022917
0 0.994444 0.506771 0.020370 0.011458
0 0.515741 0.363021 0.027778 0.015625
0 0.804630 0.665625 0.044444 0.021875
0 0.576852 0.286458 0.025926 0.014583
0 0.514815 0.343229 0.029630 0.017708
0 0.687963 0.702083 0.027778 0.013542
0 1.012037 0.667188 0.038889 0.021875
0 0.012037 0.480729 0.024074 0.014583
0 0.713889 0.641667 0.031481 0.019792
0 0.080556 0.474479 0.025926 0.014583
0 0.093519 0.290104 0.022222 0.015625
0 0.093519 0.465104 0.025926 0.012500
0 0.995370 0.540104 0.009259 0.020833
0 0.649074 0.689063 0.022222 0.013542
0 0.983333 0.692708 0.035185 0.015625
0 0.925926 0.664583 0.022222 0.015625
0 0.992593 0.589583 0.012963 0.014583
0 0.995370 0.652604 0.029630 0.013542
0 0.511111 0.462500 0.027778 0.015625
0 0.990741 0.525000 0.018519 0.027083
0 0.047222 0.257292 0.027778 0.014583
0 0.003704 0.488542 0.007407 0.015625
0 0.043519 0.473438 0.025926 0.015625
0 0.071296 0.285938 0.024074 0.013542
0 0.990741 0.769792 0.014815 0.008333
0 0.935185 0.707292 0.031481 0.017708
0 0.600000 0.688542 0.025926 0.016667
0 0.784259 0.786458 0.031481 0.019792
0 0.994444 0.377604 0.009259 0.021875
0 0.995370 0.594792 0.009259 0.023958
0 0.993519 0.262500 0.009259 0.016667
0 0.958333 0.673438 0.037037 0.018750
0 1.008333 0.517708 0.094444 0.045833
0 0.930556 0.734375 0.033333 0.017708
0 0.992593 0.559896 0.012963 0.025000
0 0.993519 0.398958 0.011111 0.020833
0 0.996296 0.440625 0.003704 0.015625
0 0.995370 0.675521 0.007407 0.019792
0 0.959259 0.794792 0.031481 0.018750
0 0.992593 0.608854 0.012963 0.022917
0 0.992593 0.749479 0.012963 0.025000
0 0.996296 0.394271 0.003704 0.012500
0 0.992593 0.676042 0.012963 0.020833
0 0.948148 0.684375 0.033333 0.016667
0 1.012037 0.448437 0.048148 0.036458
0 0.629630 0.694792 0.029630 0.017708
0 1.009259 0.320833 0.044444 0.028125
0 0.993519 0.505729 0.009259 0.017708
0 1.008333 0.792188 0.025926 0.014583
0 0.805556 0.797917 0.038889 0.025000
0 0.112963 0.453646 0.025926 0.011458
0 0.130556 0.286979 0.027778 0.015625
0 0.599074 0.277604 0.027778 0.015625
0 0.141667 0.466667 0.029630 0.015625
0 0.164815 0.286458 0.025926 0.014583
0 0.347222 0.657292 0.027778 0.017708
0 0.173148 0.378646 0.031481 0.018750
0 0.225926 0.395313 0.018519 0.009375
0 0.171296 0.408333 0.022222 0.013542
0 0.607407 0.515104 0.022222 0.012500
0 0.186111 0.372917 0.020370 0.013542
0 0.387963 0.677604 0.035185 0.020833
0 0.871296 0.293750 0.025926 0.012500
0 0.106481 0.300000 0.022222 0.013542
0 0.378704 0.703125 0.031481 0.017708
0 0.992593 0.676042 0.012963 0.025000
0 0.622222 0.568750 0.024074 0.013542
0 0.442593 0.655729 0.022222 0.012500
0 1.006481 0.505208 0.029630 0.019792
0 0.439815 0.670833 0.035185 0.018750
0 0.982407 0.672917 0.033333 0.021875
0 0.414815 0.702604 0.029630 0.018750
0 0.437963 0.679688 0.024074 0.012500
0 0.936111 0.569271 0.016667 0.010417
0 0.994444 0.692708 0.009259 0.014583
