0 0.232407 0.463021 0.025926 0.013542
0 0.240741 0.294792 0.027778 0.014583
0 0.731481 0.277083 0.029630 0.015625
0 0.277778 0.476562 0.027778 0.015625
0 0.275926 0.293750 0.025926 0.014583
0 0.015741 0.553125 0.020370 0.013542
0 0.251852 0.477604 0.022222 0.012500
0 0.092593 0.500521 0.022222 0.013542
0 0.081481 0.556250 0.024074 0.010417
0 0.880556 0.383854 0.033333 0.016667
0 0.224074 0.295833 0.020370 0.012500
0 0.079630 0.564063 0.025926 0.014583
0 0.208333 0.285417 0.024074 0.012500
0 0.970370 0.625000 0.029630 0.019792
0 0.923148 0.538021 0.024074 0.011458
0 0.108333 0.496875 0.029630 0.016667
0 0.748148 0.519271 0.020370 0.010417
0 0.154630 0.470313 0.022222 0.012500
0 0.094444 0.565104 0.022222 0.013542
0 0.983333 0.694792 0.024074 0.015625
0 0.118519 0.500000 0.025926 0.013542
0 0.133333 0.492708 0.022222 0.013542
0 0.159259 0.267188 0.027778 0.014583
0 0.164815 0.484896 0.025926 0.014583
0 0.169444 0.294792 0.025926 0.014583
0 0.880556 0.643229 0.038889 0.019792
0 0.202778 0.485417 0.024074 0.014583
0 0.191667 0.298958 0.022222 0.013542
0 0.220370 0.476562 0.025926 0.012500
0 0.200000 0.308854 0.022222 0.013542
0 0.984259 0.798958 0.029630 0.027083
0 0.844444 0.703646 0.029630 0.014583
0 0.513889 0.664583 0.031481 0.018750
0 0.310185 0.386979 0.029630 0.017708
0 0.331481 0.403646 0.022222 0.010417
0 0.291667 0.418229 0.016667 0.009375
0 0.730556 0.516667 0.022222 0.012500
0 0.316667 0.380208 0.018519 0.010417
0 0.567593 0.685937 0.033333 0.020833
0 1.000000 0.301042 0.022222 0.011458
0 0.550000 0.710938 0.031481 0.018750
0 0.992593 0.686979 0.014815 0.028125
0 0.770370 0.570312 0.025926 0.013542
0 0.622222 0.663542 0.018519 0.010417
0 0.621296 0.678125 0.033333 0.017708
0 0.997222 0.690625 0.014815 0.025000
0 0.586111 0.709896 0.029630 0.017708
0 0.617593 0.685937 0.022222 0.011458
0 1.087037 0.595833 0.255556 0.143750
0 0.652778 0.344792 0.029630 0.017708
0 0.697222 0.286979 0.027778 0.015625
0 0.992593 0.668229 0.014815 0.018750
0 0.651852 0.364583 0.027778 0.015625
0 0.994444 0.716146 0.009259 0.020833
0 0.674074 0.380729 0.029630 0.014583
0 0.693519 0.656250 0.029630 0.017708
0 0.994444 0.643750 0.009259 0.023958
0 0.993519 0.544271 0.011111 0.018750
0 0.991667 0.720313 0.014815 0.023958
0 0.993519 0.536979 0.011111 0.022917
0 0.989815 0.752604 0.016667 0.018750
0 0.998148 0.772917 0.014815 0.008333
0 0.989815 0.232292 0.020370 0.011458
0 0.992593 0.267188 0.012963 0.018750
0 0.667593 0.492708 0.024074 0.013542
0 0.989815 0.721875 0.016667 0.022917
0 0.991667 0.714583 0.012963 0.018750
0 0.994444 0.452083 0.009259 0.021875
0 0.761111 0.692187 0.027778 0.016667
0 0.964815 0.788021 0.033333 0.020833
0 0.994444 0.380729 0.009259 0.023958
0 0.994444 0.258333 0.009259 0.014583
0 0.994444 0.656771 0.011111 0.019792
0 0.993519 0.716146 0.009259 0.018750
0 0.993519 0.415104 0.012963 0.022917
0 0.995370 0.622396 0.009259 0.020833
0 0.990741 0.777083 0.011111 0.018750
0 0.992593 0.758333 0.012963 0.026042
0 0.994444 0.667708 0.020370 0.019792
0 0.995370 0.641667 0.005556 0.011458
0 0.793519 0.697396 0.033333 0.017708
0 0.992593 0.535937 0.012963 0.027083
0 0.999074 0.677604 0.033333 0.014583
0 0.995370 0.640625 0.031481 0.014583
0 0.643519 0.465625 0.027778 0.016667
