0 0.819444 0.554167 0.042593 0.022917
0 0.992593 0.527604 0.011111 0.019792
0 0.941667 0.285417 0.024074 0.015625
0 0.916667 0.579688 0.025926 0.015625
0 0.313889 0.682292 0.029630 0.016667
0 0.893519 0.555208 0.025926 0.018750
0 0.561111 0.670312 0.033333 0.015625
0 0.656481 0.665625 0.033333 0.020833
0 0.954630 0.254167 0.027778 0.015625
0 0.995370 0.430729 0.005556 0.017708
0 0.840741 0.730729 0.044444 0.020833
0 0.993519 0.582812 0.012963 0.020833
0 0.612037 0.779167 0.029630 0.018750
0 0.683333 0.672396 0.038889 0.021875
0 0.996296 0.510938 0.007407 0.021875
0 0.987963 0.545312 0.024074 0.025000
0 0.214815 0.446875 0.025926 0.016667
0 0.881481 0.535417 0.024074 0.013542
0 0.746296 0.640104 0.035185 0.015625
0 0.936111 0.288542 0.022222 0.014583
0 0.232407 0.304167 0.020370 0.009375
0 0.562963 0.541146 0.027778 0.015625
0 0.990741 0.556771 0.033333 0.019792
0 0.994444 0.645312 0.024074 0.014583
0 0.990741 0.579167 0.016667 0.018750
0 0.525000 0.651563 0.025926 0.015625
0 0.925000 0.708854 0.025926 0.014583
0 0.331481 0.676562 0.020370 0.012500
0 0.664815 0.776042 0.025926 0.014583
0 0.958333 0.281771 0.018519 0.014583
0 0.342593 0.262500 0.029630 0.017708
0 0.445370 0.698438 0.037037 0.021875
0 0.570370 0.692187 0.031481 0.017708
0 0.538889 0.436458 0.037037 0.020833
0 0.994444 0.495312 0.031481 0.015625
0 0.286111 0.677604 0.025926 0.015625
0 0.473148 0.785417 0.040741 0.021875
0 0.621296 0.360938 0.040741 0.023958
0 0.377778 0.283333 0.025926 0.013542
0 0.989815 0.336979 0.029630 0.016667
0 0.995370 0.592708 0.007407 0.020833
0 0.945370 0.267188 0.037037 0.025000
0 0.564815 0.658854 0.035185 0.019792
0 0.987037 0.589583 0.024074 0.019792
0 0.995370 0.509375 0.005556 0.018750
0 0.575000 0.718750 0.033333 0.017708
0 0.955556 0.698438 0.042593 0.023958
0 0.650000 0.384375 0.044444 0.023958
0 0.917593 0.726562 0.035185 0.018750
0 1.000000 0.379688 0.031481 0.021875
0 0.694444 0.769271 0.025926 0.016667
0 0.829630 0.219271 0.040741 0.023958
0 0.977778 0.550000 0.042593 0.026042
0 0.884259 0.730208 0.035185 0.017708
0 0.602778 0.254167 0.031481 0.019792
0 0.253704 0.475521 0.025926 0.013542
0 0.904630 0.523958 0.033333 0.018750
0 0.869444 0.492708 0.044444 0.025000
0 0.020370 0.671354 0.037037 0.020833
0 0.612037 0.287500 0.024074 0.012500
0 0.989815 0.380729 0.020370 0.021875
0 0.034259 0.695833 0.035185 0.018750
0 0.678704 0.669792 0.031481 0.019792
0 0.318519 0.555208 0.025926 0.015625
0 0.077778 0.647917 0.025926 0.014583
0 0.072222 0.663021 0.038889 0.020833
0 0.959259 0.439583 0.029630 0.018750
0 0.655556 0.665104 0.033333 0.020833
0 0.074074 0.694792 0.033333 0.017708
0 0.096296 0.670312 0.031481 0.017708
0 0.580556 0.556771 0.024074 0.013542
0 0.737963 0.665625 0.033333 0.017708
0 0.385185 0.688021 0.027778 0.014583
0 0.186111 0.325000 0.033333 0.017708
0 0.241667 0.254688 0.018519 0.019792
0 0.410185 0.654167 0.037037 0.020833
0 -0.075926 0.337500 0.000000 0.000000
0 0.991667 0.590104 0.012963 0.019792
0 0.195370 0.345313 0.029630 0.015625
0 0.925000 0.490104 0.022222 0.012500
0 0.443519 0.699479 0.037037 0.023958
0 0.212963 0.361458 0.029630 0.016667
0 0.225926 0.640625 0.031481 0.017708
0 0.787963 0.582292 0.048148 0.026042
0 0.950000 0.276562 0.031481 0.015625
0 0.579630 0.522917 0.040741 0.022917
0 0.477778 0.685937 0.042593 0.022917
0 0.647222 0.740625 0.031481 0.017708
0 0.992593 0.543229 0.012963 0.020833
