0 0.995370 0.565625 0.005556 0.012500
0 1.001852 0.654687 0.018519 0.015625
0 0.005556 0.518229 0.011111 0.014583
0 0.004630 0.481250 0.009259 0.019792
0 0.011111 0.417708 0.022222 0.029167
0 0.008333 0.682813 0.016667 0.020833
0 0.021296 0.516146 0.025926 0.014583
0 0.020370 0.448958 0.040741 0.026042
0 0.200000 0.688021 0.031481 0.017708
0 0.549074 0.302604 0.025926 0.017708
0 0.259259 0.586979 0.018519 0.009375
0 0.152778 0.725521 0.033333 0.020833
0 0.147222 0.281250 0.033333 0.017708
0 0.466667 0.336979 0.024074 0.015625
0 0.530556 0.304688 0.029630 0.017708
0 0.114815 0.718229 0.029630 0.015625
0 0.139815 0.630729 0.033333 0.017708
0 0.118519 0.707292 0.035185 0.021875
0 0.077778 0.548438 0.027778 0.012500
0 0.095370 0.670833 0.035185 0.020833
0 0.079630 0.450000 0.050000 0.026042
0 0.091667 0.692187 0.031481 0.017708
0 0.073148 0.578646 0.012963 0.018750
0 0.035185 0.431771 0.050000 0.029167
0 0.291667 0.499479 0.029630 0.017708
0 0.992593 0.458333 0.016667 0.011458
0 0.757407 0.299479 0.024074 0.014583
0 0.293519 0.475000 0.029630 0.015625
0 0.997222 0.640625 0.024074 0.017708
0 0.511111 0.300521 0.027778 0.018750
0 0.544444 0.570312 0.022222 0.013542
0 0.724074 0.178125 0.011111 0.007292
0 0.738889 0.301042 0.024074 0.014583
0 0.994444 0.314583 0.011111 0.009375
0 0.562963 0.343750 0.031481 0.017708
0 0.431481 0.702604 0.027778 0.015625
0 0.504630 0.541667 0.027778 0.016667
0 0.996296 0.460417 0.007407 0.020833
0 0.992593 0.700000 0.012963 0.016667
0 0.573148 0.300521 0.031481 0.019792
0 0.639815 0.702083 0.027778 0.016667
0 0.575926 0.285417 0.022222 0.014583
0 0.777778 0.386458 0.018519 0.011458
0 0.525000 0.564063 0.024074 0.012500
0 0.717593 0.483333 0.024074 0.013542
0 0.616667 0.505208 0.025926 0.015625
0 0.996296 0.480729 0.003704 0.010417
0 0.687963 0.301042 0.024074 0.013542
0 0.604630 0.569792 0.025926 0.015625
0 0.682407 0.293750 0.024074 0.013542
0 0.645370 0.501563 0.027778 0.016667
0 0.994444 0.522917 0.009259 0.010417
0 0.662963 0.476042 0.020370 0.013542
0 0.604630 0.569792 0.024074 0.014583
0 0.646296 0.501563 0.027778 0.015625
0 0.675926 0.272917 0.025926 0.015625
0 0.661111 0.490625 0.022222 0.013542
0 0.634259 0.300000 0.022222 0.015625
0 0.996296 0.675000 0.007407 0.018750
0 0.700926 0.490625 0.024074 0.014583
0 0.654630 0.305208 0.020370 0.013542
0 0.690741 0.480729 0.020370 0.013542
0 0.654630 0.315104 0.020370 0.013542
0 0.726852 0.467708 0.022222 0.011458
0 0.737963 0.301042 0.024074 0.015625
0 0.996296 0.267708 0.003704 0.016667
0 0.838889 0.481771 0.029630 0.015625
0 0.785185 0.299479 0.025926 0.015625
0 0.989815 0.675521 0.018519 0.022917
0 0.904630 0.391146 0.031481 0.018750
0 0.844444 0.418750 0.020370 0.010417
0 0.997222 0.505208 0.003704 0.017708
0 0.991667 0.670312 0.014815 0.016667
0 0.997222 0.686458 0.003704 0.016667
0 0.990741 0.664583 0.018519 0.010417
0 0.996296 0.732812 0.007407 0.016667
0 0.992593 0.671875 0.009259 0.018750
0 0.994444 0.345313 0.007407 0.014583
0 0.993519 0.346354 0.011111 0.013542
0 0.994444 0.658854 0.009259 0.012500
0 1.004630 0.383854 0.012963 0.018750
0 0.996296 0.387500 0.007407 0.012500
0 0.994444 0.676562 0.009259 0.015625
