0 0.773148 0.294271 0.018519 0.014583
0 0.134259 0.271875 0.027778 0.014583
0 0.204630 0.703125 0.033333 0.020833
0 0.352778 0.699479 0.031481 0.017708
0 0.308333 0.445833 0.037037 0.020833
0 0.761111 0.505729 0.022222 0.010417
0 0.267593 0.790625 0.044444 0.025000
0 0.357407 0.371875 0.040741 0.023958
0 0.166667 0.301563 0.031481 0.016667
0 0.883333 0.359375 0.025926 0.014583
0 0.838889 0.596354 0.035185 0.019792
0 0.700000 0.282813 0.040741 0.026042
0 0.329630 0.665625 0.037037 0.019792
0 0.879630 0.593229 0.038889 0.016667
0 0.907407 0.531771 0.033333 0.019792
0 0.361111 0.726042 0.029630 0.018750
0 0.724074 0.707812 0.042593 0.025000
0 0.388889 0.395833 0.040741 0.021875
0 0.760185 0.520833 0.037037 0.021875
0 0.451852 0.680208 0.035185 0.019792
0 0.401852 0.786979 0.031481 0.018750
0 0.903704 0.581771 0.031481 0.018750
0 0.596296 0.738542 0.042593 0.020833
0 0.836111 0.452604 0.046296 0.025000
0 0.706481 0.269271 0.033333 0.017708
0 0.108333 0.685417 0.027778 0.014583
0 0.032407 0.358333 0.025926 0.014583
0 0.882407 0.594792 0.035185 0.018750
0 0.019444 0.337500 0.031481 0.016667
0 0.722222 0.514583 0.033333 0.018750
0 0.206481 0.701562 0.033333 0.023958
0 0.049074 0.373958 0.029630 0.014583
0 0.050926 0.647917 0.031481 0.016667
0 0.548148 0.590625 0.046296 0.026042
0 0.709259 0.291667 0.033333 0.018750
0 0.354630 0.531250 0.038889 0.020833
0 0.239815 0.691667 0.044444 0.025000
0 0.882407 0.547917 0.035185 0.018750
0 0.598148 0.501042 0.042593 0.023958
0 0.863889 0.400521 0.042593 0.022917
0 0.435185 0.748958 0.029630 0.017708
0 0.680556 0.735417 0.033333 0.020833
0 0.883333 0.404167 0.025926 0.018750
0 0.488889 0.777083 0.027778 0.016667
0 0.585185 0.236458 0.038889 0.023958
0 0.738889 0.559896 0.048148 0.023958
0 0.648148 0.739062 0.033333 0.020833
0 0.448148 0.271354 0.029630 0.018750
0 0.106481 0.485938 0.025926 0.013542
0 0.684259 0.302083 0.020370 0.013542
0 0.708333 0.535937 0.035185 0.019792
0 0.362963 0.556250 0.018519 0.010417
0 0.849074 0.556250 0.037037 0.019792
0 0.860185 0.372917 0.027778 0.013542
0 0.062037 0.457813 0.025926 0.015625
0 0.659259 0.567187 0.027778 0.016667
0 0.685185 0.545833 0.029630 0.017708
0 0.503704 0.647396 0.027778 0.015625
0 0.748148 0.307812 0.024074 0.016667
0 0.138889 0.283854 0.022222 0.011458
0 0.473148 0.463542 0.035185 0.021875
0 0.304630 0.379167 0.022222 0.009375
0 0.511111 0.231771 0.024074 0.012500
0 0.859259 0.578646 0.027778 0.015625
0 0.755556 0.654167 0.025926 0.014583
0 0.869444 0.591146 0.027778 0.016667
0 0.287963 0.656250 0.027778 0.015625
0 0.710185 0.719271 0.029630 0.016667
0 0.359259 0.687500 0.024074 0.012500
0 0.175926 0.659375 0.035185 0.017708
0 0.285185 0.378125 0.027778 0.012500
0 0.902778 0.560417 0.031481 0.017708
0 0.562037 0.561979 0.038889 0.021875
0 0.459259 0.783854 0.027778 0.016667
0 0.829630 0.539062 0.037037 0.020833
0 0.763889 0.302083 0.031481 0.017708
0 0.702778 0.591146 0.029630 0.015625
0 0.133333 0.690104 0.029630 0.016667
0 0.693519 0.567187 0.031481 0.017708
0 0.330556 0.676562 0.035185 0.014583
0 0.432407 0.675000 0.035185 0.019792
