0 0.898148 0.435937 0.029630 0.019792
0 0.018519 0.668229 0.037037 0.020833
0 0.024074 0.653125 0.025926 0.014583
0 0.270370 0.557292 0.024074 0.015625
0 0.622222 0.667708 0.029630 0.019792
0 0.162963 0.256250 0.018519 0.018750
0 0.354630 0.655729 0.037037 0.019792
0 -0.075926 0.337500 0.000000 0.000000
0 0.991667 0.577604 0.012963 0.019792
0 0.139815 0.347917 0.029630 0.015625
0 0.872222 0.486458 0.020370 0.013542
0 0.267593 0.263542 0.029630 0.017708
0 0.892593 0.273438 0.018519 0.014583
0 0.850926 0.520312 0.035185 0.018750
0 0.206481 0.478125 0.025926 0.014583
0 0.545370 0.253646 0.029630 0.019792
0 0.831481 0.726562 0.035185 0.019792
0 0.919444 0.545312 0.046296 0.023958
0 0.756481 0.217708 0.042593 0.025000
0 0.649074 0.767708 0.024074 0.015625
0 0.999074 0.390104 0.029630 0.020833
0 0.863889 0.722917 0.035185 0.019792
0 0.599074 0.739583 0.031481 0.017708
0 0.988889 0.375000 0.018519 0.021875
0 0.800926 0.489063 0.044444 0.025000
0 0.991667 0.542708 0.014815 0.021875
0 0.388889 0.701042 0.037037 0.022917
0 0.424074 0.688021 0.038889 0.023958
0 0.520370 0.522917 0.038889 0.021875
0 0.876852 0.272917 0.031481 0.015625
0 0.727778 0.580208 0.050000 0.027083
0 0.178704 0.643750 0.029630 0.018750
0 0.157407 0.364063 0.029630 0.015625
0 0.510185 0.658854 0.037037 0.020833
0 0.873148 0.263542 0.040741 0.025000
0 0.987037 0.579688 0.025926 0.020833
0 0.997222 0.338542 0.029630 0.017708
0 0.316667 0.283333 0.025926 0.014583
0 0.549074 0.360417 0.040741 0.025000
0 0.427778 0.785937 0.044444 0.022917
0 0.240741 0.680208 0.025926 0.014583
0 0.948148 0.490625 0.022222 0.010417
0 0.476852 0.436458 0.037037 0.020833
0 0.519444 0.692187 0.031481 0.017708
0 0.389815 0.700000 0.035185 0.023958
0 0.126852 0.327083 0.033333 0.017708
0 0.342593 0.690104 0.025926 0.015625
0 0.691667 0.664062 0.033333 0.018750
0 0.538889 0.555729 0.024074 0.013542
0 0.046296 0.675521 0.033333 0.017708
0 0.023148 0.701042 0.031481 0.018750
0 0.604630 0.664062 0.037037 0.020833
0 0.984259 0.578646 0.024074 0.018750
0 0.993519 0.575000 0.011111 0.019792
0 0.565741 0.778125 0.029630 0.018750
0 0.632407 0.672396 0.035185 0.018750
0 0.949074 0.506250 0.037037 0.021875
0 0.579630 0.383854 0.042593 0.022917
0 0.900000 0.693750 0.042593 0.023958
0 0.525926 0.719271 0.033333 0.018750
0 0.995370 0.505729 0.005556 0.018750
0 0.987963 0.537500 0.024074 0.025000
0 1.002778 0.360417 0.027778 0.013542
0 0.163889 0.449479 0.025926 0.015625
0 0.756481 0.551562 0.040741 0.022917
0 0.619444 0.775521 0.027778 0.015625
0 0.993519 0.521875 0.012963 0.020833
0 0.879630 0.281771 0.035185 0.017708
0 0.858333 0.576042 0.024074 0.015625
0 0.268519 0.685417 0.029630 0.016667
0 0.837037 0.553125 0.025926 0.018750
0 0.508333 0.670312 0.035185 0.015625
0 0.603704 0.664583 0.035185 0.020833
0 0.879630 0.250521 0.027778 0.015625
0 0.995370 0.433854 0.007407 0.018750
0 0.785185 0.727604 0.046296 0.020833
0 0.825926 0.552604 0.025926 0.016667
0 0.287037 0.680208 0.022222 0.012500
0 0.868519 0.705208 0.024074 0.013542
0 0.469444 0.652083 0.025926 0.016667
0 0.990741 0.574479 0.018519 0.020833
0 0.937037 0.640625 0.025926 0.014583
0 1.007407 0.560417 0.031481 0.017708
0 0.506481 0.541146 0.027778 0.015625
0 0.637963 0.452083 0.040741 0.023958
0 0.172222 0.305729 0.020370 0.009375
0 0.864815 0.285938 0.024074 0.015625
0 0.689815 0.638021 0.035185 0.016667
0 0.825000 0.531250 0.027778 0.015625
