0 0.143519 0.297396 0.029630 0.014583
0 0.109259 0.311458 0.024074 0.013542
0 0.880556 0.796354 0.040741 0.026042
0 0.146296 0.466146 0.024074 0.010417
0 0.624074 0.280729 0.025926 0.014583
0 0.175000 0.478125 0.033333 0.015625
0 0.178704 0.296354 0.025926 0.014583
0 0.407407 0.666146 0.029630 0.017708
0 0.204630 0.388542 0.033333 0.018750
0 0.239815 0.406250 0.020370 0.010417
0 0.191667 0.420312 0.022222 0.012500
0 0.638889 0.517708 0.024074 0.013542
0 0.215741 0.381771 0.020370 0.011458
0 0.456481 0.685937 0.037037 0.020833
0 0.886111 0.293229 0.024074 0.012500
0 0.442593 0.711979 0.031481 0.018750
0 0.992593 0.681771 0.014815 0.027083
0 0.668519 0.570833 0.025926 0.013542
0 0.510185 0.663021 0.020370 0.011458
0 0.507407 0.678125 0.033333 0.018750
0 0.997222 0.661458 0.014815 0.023958
0 0.478704 0.710938 0.027778 0.017708
0 0.505556 0.686979 0.022222 0.012500
0 1.006481 0.564063 0.016667 0.010417
0 1.025926 0.642188 0.087037 0.048958
0 0.743519 0.702604 0.029630 0.014583
0 0.547222 0.346875 0.033333 0.017708
0 0.600000 0.289583 0.025926 0.015625
0 0.881481 0.665625 0.046296 0.022917
0 0.550000 0.367188 0.031481 0.016667
0 0.918519 0.708333 0.044444 0.026042
0 0.568519 0.382292 0.027778 0.015625
0 0.591667 0.656250 0.029630 0.017708
0 0.994444 0.624479 0.009259 0.023958
0 0.993519 0.531771 0.012963 0.019792
0 0.956481 0.696875 0.055556 0.023958
0 0.993519 0.532813 0.011111 0.022917
0 0.989815 0.752604 0.018519 0.018750
0 0.994444 0.676562 0.007407 0.013542
0 0.989815 0.767708 0.016667 0.008333
0 0.994444 0.229167 0.009259 0.018750
0 0.995370 0.497396 0.007407 0.021875
0 0.991667 0.736979 0.014815 0.014583
0 0.913889 0.275000 0.033333 0.018750
0 0.571296 0.493750 0.024074 0.013542
0 0.997222 0.528125 0.022222 0.017708
0 0.918519 0.708333 0.042593 0.021875
0 1.000926 0.703646 0.012963 0.017708
0 0.988889 0.447917 0.022222 0.021875
0 0.657407 0.691667 0.025926 0.016667
0 0.854630 0.784896 0.031481 0.019792
0 0.994444 0.379167 0.009259 0.022917
0 0.994444 0.262500 0.009259 0.015625
0 0.993519 0.668229 0.011111 0.020833
0 0.992593 0.728125 0.012963 0.020833
0 0.993519 0.545312 0.012963 0.023958
0 0.993519 0.416146 0.012963 0.022917
0 0.990741 0.522917 0.016667 0.027083
0 0.009259 0.500521 0.018519 0.014583
0 0.656481 0.520833 0.022222 0.012500
0 0.544444 0.466146 0.025926 0.014583
0 0.997222 0.655208 0.031481 0.014583
0 1.000926 0.663542 0.022222 0.015625
0 1.001852 0.679167 0.035185 0.014583
0 0.993519 0.542188 0.012963 0.025000
0 0.998148 0.789583 0.029630 0.016667
0 0.688889 0.696875 0.033333 0.017708
0 0.995370 0.656771 0.005556 0.010417
0 0.992593 0.675000 0.014815 0.022917
0 0.993519 0.748437 0.012963 0.025000
0 0.994444 0.779167 0.009259 0.016667
0 0.994444 0.657292 0.007407 0.019792
0 0.119444 0.478125 0.027778 0.011458
0 0.099074 0.301042 0.024074 0.013542
0 0.106481 0.488021 0.025926 0.014583
0 0.773148 0.642188 0.038889 0.020833
0 0.076852 0.297396 0.025926 0.015625
0 0.067593 0.487500 0.024074 0.014583
0 0.058333 0.269271 0.027778 0.014583
0 0.036111 0.495833 0.025926 0.014583
0 0.020370 0.504167 0.024074 0.014583
0 0.879630 0.693229 0.025926 0.013542
0 0.006481 0.569792 0.012963 0.013542
0 0.055556 0.473438 0.022222 0.011458
