0 0.302778 0.552604 0.022222 0.014583
0 0.881481 0.509375 0.025926 0.014583
0 0.925000 0.306250 0.024074 0.012500
0 0.879630 0.573958 0.025926 0.013542
0 0.919444 0.299479 0.022222 0.015625
0 0.925000 0.504687 0.027778 0.015625
0 0.936111 0.478125 0.016667 0.009375
0 0.878704 0.573438 0.025926 0.013542
0 0.925926 0.505208 0.027778 0.015625
0 0.940741 0.277604 0.024074 0.013542
0 0.929630 0.494271 0.018519 0.011458
0 0.896296 0.301563 0.027778 0.013542
0 0.961111 0.494792 0.025926 0.014583
0 0.905556 0.310417 0.022222 0.012500
0 0.950926 0.482292 0.025926 0.014583
0 0.888889 0.318750 0.024074 0.014583
0 0.999074 0.471354 0.018519 0.009375
0 0.993519 0.305729 0.025926 0.014583
0 0.995370 0.457813 0.005556 0.013542
0 0.992593 0.305208 0.020370 0.014583
0 0.996296 0.400521 0.005556 0.016667
0 0.736111 0.341146 0.031481 0.017708
0 0.107407 0.447917 0.025926 0.010417
0 0.342593 0.154688 0.022222 0.013542
0 0.893519 0.507292 0.024074 0.014583
0 0.087963 0.415104 0.037037 0.020833
0 0.099074 0.540625 0.029630 0.014583
0 0.120370 0.536979 0.035185 0.017708
0 0.456481 0.516146 0.016667 0.010417
0 0.150926 0.533854 0.029630 0.017708
0 0.545370 0.482292 0.024074 0.014583
0 0.475000 0.281250 0.037037 0.021875
0 0.175926 0.245312 0.033333 0.020833
0 0.177778 0.244792 0.035185 0.018750
0 0.182407 0.533333 0.035185 0.019792
0 0.987963 0.714063 0.027778 0.013542
0 0.229630 0.213542 0.035185 0.021875
0 0.973148 0.427604 0.024074 0.013542
0 0.208333 0.263021 0.031481 0.018750
0 0.337963 0.136979 0.025926 0.014583
0 0.258333 0.428646 0.033333 0.019792
0 0.260185 0.443229 0.035185 0.017708
0 0.216667 0.534375 0.033333 0.018750
0 0.299074 0.701562 0.029630 0.017708
0 0.288889 0.317188 0.033333 0.015625
0 0.262037 0.318750 0.025926 0.018750
0 0.462963 0.230208 0.031481 0.017708
0 0.454630 0.271875 0.031481 0.017708
0 0.283333 0.442188 0.027778 0.017708
0 0.230556 0.512500 0.014815 0.009375
0 0.271296 0.706250 0.031481 0.018750
0 0.330556 0.149479 0.022222 0.014583
0 0.654630 0.367188 0.038889 0.020833
0 0.294444 0.604688 0.031481 0.017708
0 0.318519 0.713021 0.033333 0.020833
0 0.331481 0.149479 0.024074 0.015625
0 0.238889 0.521354 0.022222 0.013542
0 0.262963 0.485417 0.029630 0.016667
0 0.378704 0.419792 0.046296 0.028125
0 0.327778 0.683854 0.035185 0.021875
0 0.260185 0.520312 0.024074 0.014583
0 0.390741 0.447917 0.048148 0.025000
0 0.418519 0.432292 0.046296 0.028125
0 0.377778 0.583333 0.014815 0.018750
0 0.454630 0.691146 0.033333 0.018750
0 0.454630 0.450521 0.048148 0.025000
0 0.455556 0.670312 0.033333 0.021875
0 0.391667 0.551562 0.031481 0.014583
0 0.475000 0.707292 0.033333 0.022917
0 0.420370 0.718750 0.025926 0.015625
0 0.446296 0.284375 0.025926 0.013542
0 0.435185 0.728125 0.035185 0.020833
0 0.625000 0.587500 0.018519 0.010417
0 0.893519 0.303646 0.020370 0.014583
0 0.538889 0.689063 0.024074 0.012500
0 0.610185 0.500521 0.029630 0.017708
0 0.995370 0.306250 0.005556 0.016667
0 0.603704 0.478646 0.029630 0.018750
0 0.881481 0.300000 0.040741 0.027083
0 0.829630 0.571875 0.018519 0.012500
0 0.981481 0.184375 0.011111 0.007292
0 0.990741 0.306771 0.016667 0.014583
0 0.782407 0.705729 0.018519 0.009375
0 0.888889 0.304688 0.029630 0.012500
0 0.896296 0.301042 0.027778 0.015625
0 0.990741 0.703125 0.016667 0.014583
0 0.892593 0.288542 0.022222 0.012500
0 0.997222 0.389062 0.014815 0.009375
0 0.829630 0.578646 0.012963 0.006250
