0 0.033333 0.295833 0.033333 0.015625
0 0.042593 0.741146 0.040741 0.020833
0 0.125926 0.602604 0.022222 0.010417
0 0.013889 0.646875 0.027778 0.018750
0 0.010185 0.731771 0.012963 0.023958
0 0.322222 0.352083 0.025926 0.015625
0 0.675000 0.400000 0.022222 0.012500
0 0.428704 0.317188 0.027778 0.017708
0 0.090741 0.703125 0.038889 0.020833
0 0.990741 0.460417 0.018519 0.012500
0 0.173148 0.513021 0.033333 0.016667
0 0.650000 0.313542 0.024074 0.014583
0 0.176852 0.489583 0.029630 0.016667
0 0.996296 0.654687 0.024074 0.017708
0 0.394444 0.315104 0.025926 0.017708
0 0.450926 0.582292 0.022222 0.014583
0 0.615741 0.193229 0.011111 0.007292
0 0.633333 0.315625 0.024074 0.013542
0 0.992593 0.321875 0.011111 0.011458
0 0.399074 0.357812 0.025926 0.014583
0 0.325000 0.716667 0.031481 0.016667
0 0.375926 0.555729 0.027778 0.017708
0 0.996296 0.561979 0.007407 0.012500
0 1.000926 0.673438 0.018519 0.015625
0 0.409259 0.320312 0.029630 0.018750
0 0.450926 0.315625 0.029630 0.019792
0 0.510185 0.714583 0.031481 0.016667
0 0.455556 0.300521 0.025926 0.015625
0 0.440741 0.571875 0.029630 0.014583
0 0.614815 0.495312 0.024074 0.013542
0 0.513889 0.518229 0.024074 0.013542
0 0.996296 0.452604 0.005556 0.016667
0 0.588889 0.314063 0.022222 0.013542
0 0.497222 0.581250 0.024074 0.014583
0 0.581481 0.306250 0.024074 0.014583
0 0.536111 0.513542 0.025926 0.016667
0 0.994444 0.534375 0.009259 0.011458
0 0.558333 0.488021 0.024074 0.012500
0 0.499074 0.581771 0.025926 0.013542
0 0.537963 0.514062 0.027778 0.016667
0 0.545370 0.509896 0.016667 0.011458
0 0.567593 0.286458 0.024074 0.014583
0 0.557407 0.502604 0.022222 0.014583
0 0.536111 0.314063 0.025926 0.014583
0 0.995370 0.680208 0.005556 0.017708
0 0.598148 0.502604 0.024074 0.014583
0 0.556481 0.317708 0.020370 0.013542
0 0.595370 0.491667 0.025926 0.012500
0 0.557407 0.328125 0.020370 0.013542
0 0.622222 0.480208 0.022222 0.011458
0 0.633333 0.314063 0.024074 0.014583
0 0.996296 0.268229 0.003704 0.016667
0 0.724074 0.494271 0.027778 0.015625
0 0.677778 0.313021 0.025926 0.014583
0 0.989815 0.682813 0.018519 0.022917
0 0.782407 0.405208 0.031481 0.019792
0 0.726852 0.431250 0.020370 0.010417
0 0.997222 0.503125 0.003704 0.017708
0 0.991667 0.690104 0.016667 0.016667
0 0.997222 0.707292 0.003704 0.017708
0 0.989815 0.664062 0.020370 0.012500
0 0.995370 0.739062 0.005556 0.016667
0 0.993519 0.694271 0.011111 0.018750
0 0.994444 0.356250 0.009259 0.014583
0 0.992593 0.338021 0.011111 0.013542
0 0.993519 0.664583 0.009259 0.013542
0 0.950926 0.388021 0.009259 0.013542
0 0.995370 0.398438 0.007407 0.013542
0 0.993519 0.680729 0.009259 0.017708
0 0.993519 0.592187 0.011111 0.028125
0 0.996296 0.479687 0.007407 0.020833
0 0.996296 0.713542 0.005556 0.014583
0 0.994444 0.710938 0.009259 0.013542
0 0.999074 0.435937 0.000000 0.000000
0 0.991667 0.714583 0.012963 0.017708
0 0.996296 0.479687 0.005556 0.011458
