0 0.619444 0.269792 0.025926 0.015625
0 0.647222 0.514062 0.020370 0.010417
0 0.046296 0.457813 0.024074 0.011458
0 0.001852 0.550000 0.003704 0.012500
0 0.856481 0.688021 0.031481 0.016667
0 0.011111 0.488021 0.022222 0.014583
0 0.025926 0.480208 0.025926 0.013542
0 0.055556 0.253646 0.025926 0.014583
0 0.057407 0.472396 0.025926 0.015625
0 0.076852 0.282292 0.025926 0.015625
0 0.750000 0.635417 0.038889 0.019792
0 0.096296 0.472917 0.025926 0.014583
0 0.100000 0.286979 0.024074 0.014583
0 0.108333 0.463542 0.025926 0.011458
0 0.111111 0.297396 0.024074 0.013542
0 0.845370 0.790625 0.038889 0.026042
0 0.132407 0.452083 0.025926 0.010417
0 0.138889 0.283333 0.029630 0.015625
0 0.160185 0.464583 0.033333 0.016667
0 0.175926 0.282292 0.025926 0.014583
0 0.378704 0.653646 0.025926 0.017708
0 0.192593 0.375000 0.033333 0.020833
0 0.237963 0.392708 0.018519 0.009375
0 0.185185 0.405729 0.022222 0.013542
0 0.628704 0.509896 0.024074 0.013542
0 0.993519 0.409896 0.011111 0.022917
0 0.996296 0.436979 0.003704 0.014583
0 0.995370 0.670312 0.009259 0.019792
0 0.992593 0.785417 0.014815 0.019792
0 0.992593 0.749479 0.012963 0.025000
0 0.992593 0.668229 0.012963 0.021875
0 0.987963 0.676562 0.022222 0.016667
0 1.012037 0.436458 0.053704 0.040625
0 0.662963 0.688542 0.031481 0.017708
0 1.012037 0.318750 0.051852 0.032292
0 0.997222 0.785937 0.031481 0.018750
0 0.995370 0.530729 0.009259 0.020833
0 1.007407 0.508854 0.029630 0.019792
0 0.475926 0.666667 0.035185 0.018750
0 0.478704 0.651563 0.022222 0.011458
0 0.650000 0.563542 0.024074 0.014583
0 0.992593 0.670833 0.014815 0.026042
0 0.412037 0.699479 0.031481 0.018750
0 0.887037 0.284375 0.024074 0.012500
0 0.423148 0.673958 0.035185 0.020833
0 0.632407 0.683333 0.025926 0.016667
0 0.537963 0.336979 0.031481 0.017708
0 0.557407 0.372917 0.027778 0.015625
0 0.881481 0.702604 0.040741 0.025000
0 0.538889 0.356771 0.025926 0.015625
0 0.848148 0.658333 0.044444 0.022917
0 0.596296 0.279167 0.027778 0.015625
0 0.994444 0.682813 0.035185 0.015625
0 0.971296 0.655729 0.022222 0.015625
0 0.989815 0.652604 0.029630 0.013542
0 0.533333 0.456771 0.027778 0.015625
0 0.990741 0.517708 0.018519 0.027083
0 0.202778 0.369792 0.020370 0.012500
0 0.822222 0.779167 0.033333 0.019792
0 0.994444 0.382292 0.009259 0.022917
0 0.994444 0.259896 0.009259 0.015625
0 0.993519 0.664583 0.018519 0.019792
0 1.009259 0.507292 0.098148 0.047917
0 0.970370 0.726042 0.033333 0.017708
0 0.992593 0.547396 0.012963 0.023958
0 0.449074 0.698958 0.029630 0.018750
0 0.473148 0.675521 0.024074 0.012500
0 0.979630 0.560417 0.016667 0.010417
0 1.016667 0.655208 0.050000 0.028125
0 0.719444 0.695833 0.027778 0.014583
0 0.568519 0.646875 0.029630 0.017708
0 0.994444 0.616667 0.009259 0.025000
0 0.989815 0.529167 0.018519 0.021875
0 0.919444 0.692187 0.051852 0.025000
0 0.993519 0.535417 0.012963 0.022917
0 0.989815 0.761979 0.020370 0.019792
0 0.994444 0.681250 0.009259 0.013542
0 1.000926 0.767188 0.016667 0.008333
0 0.994444 0.223958 0.009259 0.018750
0 0.995370 0.491667 0.007407 0.021875
0 0.991667 0.732292 0.016667 0.015625
0 0.917593 0.266667 0.035185 0.019792
0 0.559259 0.484896 0.024074 0.013542
0 0.998148 0.528125 0.024074 0.018750
0 0.881481 0.703125 0.044444 0.025000
0 0.977778 0.699479 0.031481 0.016667
0 0.975000 0.443229 0.038889 0.020833
0 0.991667 0.664062 0.016667 0.021875
