0 0.925000 0.481250 0.018519 0.010417
0 0.995370 0.664062 0.005556 0.010417
0 0.996296 0.402604 0.007407 0.017708
0 0.987963 0.659375 0.024074 0.028125
0 0.983333 0.314583 0.025926 0.015625
0 0.994444 0.478646 0.005556 0.013542
0 0.934259 0.316667 0.024074 0.014583
0 0.833333 0.330208 0.024074 0.014583
0 0.891667 0.490625 0.024074 0.013542
0 0.835185 0.319792 0.022222 0.013542
0 0.901852 0.503125 0.024074 0.014583
0 0.996296 0.660417 0.007407 0.019792
0 0.834259 0.313021 0.022222 0.012500
0 0.866667 0.502083 0.018519 0.012500
0 0.879630 0.288542 0.024074 0.014583
0 0.862037 0.513021 0.027778 0.015625
0 0.817593 0.580729 0.024074 0.013542
0 0.872222 0.486979 0.018519 0.009375
0 0.863889 0.513542 0.027778 0.015625
0 0.831481 0.516146 0.029630 0.013542
0 0.021296 0.425521 0.038889 0.019792
0 0.035185 0.550000 0.031481 0.013542
0 0.056481 0.545833 0.035185 0.018750
0 0.412037 0.523958 0.020370 0.011458
0 0.093519 0.543229 0.025926 0.015625
0 0.479630 0.491146 0.020370 0.013542
0 0.414815 0.294271 0.033333 0.018750
0 0.130556 0.254167 0.020370 0.018750
0 0.125926 0.257812 0.031481 0.022917
0 0.124074 0.543229 0.037037 0.019792
0 0.900926 0.720833 0.029630 0.013542
0 0.167593 0.227083 0.035185 0.020833
0 0.917593 0.435417 0.022222 0.013542
0 0.156481 0.275521 0.029630 0.017708
0 0.269444 0.152604 0.024074 0.014583
0 0.187037 0.439583 0.035185 0.020833
0 0.189815 0.453646 0.035185 0.018750
0 0.158333 0.543229 0.031481 0.017708
0 0.228704 0.710417 0.027778 0.016667
0 0.233333 0.328646 0.027778 0.015625
0 0.209259 0.330208 0.027778 0.017708
0 0.401852 0.243229 0.033333 0.016667
0 0.392593 0.284896 0.031481 0.015625
0 0.212963 0.452604 0.027778 0.016667
0 0.174074 0.522396 0.014815 0.009375
0 0.204630 0.715104 0.029630 0.018750
0 0.275926 0.169792 0.022222 0.013542
0 0.862037 0.309375 0.024074 0.013542
0 0.817593 0.581250 0.024074 0.013542
0 0.869444 0.316146 0.024074 0.013542
0 0.818519 0.517708 0.024074 0.014583
0 0.748148 0.575000 0.014815 0.007292
0 1.003704 0.397396 0.016667 0.009375
0 0.822222 0.300521 0.024074 0.012500
0 0.916667 0.710938 0.029630 0.016667
0 0.823148 0.314063 0.031481 0.017708
0 0.795370 0.316667 0.029630 0.012500
0 0.691667 0.711979 0.020370 0.010417
0 0.933333 0.315625 0.024074 0.013542
0 0.919444 0.196875 0.012963 0.008333
0 0.747222 0.579688 0.020370 0.013542
0 0.786111 0.313021 0.037037 0.023958
0 0.536111 0.487500 0.024074 0.016667
0 0.958333 0.314583 0.025926 0.014583
0 0.541667 0.510417 0.029630 0.016667
0 0.464815 0.696875 0.025926 0.012500
0 0.800926 0.315625 0.022222 0.014583
0 0.547222 0.596354 0.018519 0.010417
0 0.373148 0.735938 0.035185 0.019792
0 0.385185 0.297396 0.031481 0.015625
0 0.789815 0.347396 0.025926 0.015625
0 0.356481 0.727083 0.027778 0.016667
0 0.415741 0.639583 0.029630 0.015625
0 0.399074 0.715625 0.033333 0.022917
0 0.327778 0.560417 0.029630 0.014583
0 0.379630 0.678646 0.033333 0.020833
0 0.375926 0.460938 0.044444 0.025000
0 0.376852 0.699479 0.031481 0.017708
0 0.313889 0.591146 0.014815 0.018750
0 0.339815 0.443229 0.046296 0.027083
0 0.312963 0.459375 0.048148 0.028125
0 0.212037 0.528646 0.024074 0.014583
0 0.257407 0.692187 0.035185 0.021875
0 0.301852 0.430729 0.048148 0.027083
0 0.209259 0.495312 0.029630 0.016667
0 0.189815 0.531250 0.024074 0.013542
0 0.262963 0.165104 0.024074 0.014583
0 0.248148 0.721354 0.037037 0.020833
0 0.226852 0.614062 0.029630 0.017708
0 0.585185 0.376563 0.031481 0.017708
0 0.262037 0.164583 0.025926 0.014583
