0 0.470370 0.481771 0.024074 0.013542
0 0.993519 0.626042 0.012963 0.025000
0 0.980556 0.395833 0.037037 0.022917
0 0.996296 0.442188 0.005556 0.016667
0 0.975926 0.673958 0.040741 0.021875
0 0.871296 0.780208 0.031481 0.017708
0 0.992593 0.606250 0.012963 0.021875
0 0.993519 0.746354 0.012963 0.023958
0 0.996296 0.395833 0.005556 0.013542
0 0.938889 0.668750 0.035185 0.020833
0 0.853704 0.671354 0.033333 0.016667
0 0.847222 0.268750 0.029630 0.018750
0 0.841667 0.720833 0.033333 0.018750
0 0.996296 0.540104 0.024074 0.018750
0 0.742593 0.696875 0.037037 0.021875
0 0.845370 0.694271 0.029630 0.016667
0 0.525926 0.677604 0.025926 0.015625
0 0.841667 0.444792 0.038889 0.019792
0 0.702778 0.771875 0.031481 0.019792
0 0.987037 0.648438 0.031481 0.014583
0 0.992593 0.576562 0.014815 0.016667
0 0.973148 0.678646 0.037037 0.015625
0 0.993519 0.511458 0.009259 0.017708
0 1.007407 0.309375 0.037037 0.022917
0 0.554630 0.683333 0.029630 0.016667
0 1.010185 0.489583 0.040741 0.030208
0 0.961111 0.373437 0.042593 0.021875
0 0.995370 0.609375 0.009259 0.023958
0 0.993519 0.261458 0.011111 0.017708
0 0.862037 0.661458 0.035185 0.019792
0 0.986111 0.621875 0.027778 0.021875
0 1.006481 0.505208 0.083333 0.040625
0 0.990741 0.541667 0.018519 0.026042
0 0.442593 0.453646 0.027778 0.016667
0 0.442593 0.355208 0.029630 0.015625
0 0.991667 0.609896 0.014815 0.020833
0 0.712037 0.654687 0.042593 0.021875
0 0.507407 0.279167 0.025926 0.015625
0 0.440741 0.335938 0.031481 0.017708
0 0.613889 0.690104 0.025926 0.013542
0 1.002778 0.672396 0.025926 0.014583
0 0.840741 0.559375 0.018519 0.011458
0 0.361111 0.669271 0.025926 0.013542
0 0.339815 0.692187 0.029630 0.018750
0 0.938889 0.668750 0.037037 0.020833
0 1.007407 0.489583 0.031481 0.019792
0 0.359259 0.660937 0.037037 0.018750
0 0.361111 0.645833 0.022222 0.012500
0 0.975926 0.673438 0.038889 0.019792
0 0.303704 0.693229 0.031481 0.017708
0 0.818519 0.304688 0.022222 0.012500
0 0.309259 0.667708 0.035185 0.020833
0 0.122222 0.364063 0.024074 0.012500
0 0.543519 0.506771 0.024074 0.012500
0 0.109259 0.399479 0.024074 0.014583
0 0.163889 0.386458 0.020370 0.009375
0 0.098148 0.369271 0.033333 0.018750
0 0.274074 0.647396 0.027778 0.015625
0 0.097222 0.276562 0.025926 0.014583
0 0.072222 0.457813 0.029630 0.014583
0 0.525926 0.270313 0.027778 0.015625
0 0.828704 0.652604 0.024074 0.015625
0 0.048148 0.443750 0.025926 0.013542
0 0.720370 0.782813 0.035185 0.021875
0 0.039815 0.290625 0.024074 0.014583
0 0.026852 0.457292 0.024074 0.012500
0 0.028704 0.280729 0.024074 0.014583
0 0.014815 0.465625 0.025926 0.014583
0 0.637037 0.630729 0.029630 0.018750
0 0.009259 0.275521 0.018519 0.015625
0 0.991667 0.539583 0.031481 0.017708
0 0.062037 0.277604 0.027778 0.015625
0 0.573148 0.677604 0.020370 0.013542
0 0.994444 0.548438 0.009259 0.021875
0 0.921296 0.779167 0.018519 0.011458
0 0.990741 0.720833 0.014815 0.015625
0 0.995370 0.508333 0.007407 0.021875
0 0.549074 0.559375 0.024074 0.014583
0 0.994444 0.224479 0.009259 0.019792
0 0.947222 0.771875 0.027778 0.015625
0 0.993519 0.707812 0.009259 0.015625
0 0.908333 0.743229 0.031481 0.016667
0 0.987037 0.433854 0.022222 0.023958
0 0.993519 0.513542 0.012963 0.022917
0 0.993519 0.540625 0.011111 0.017708
0 0.778704 0.686458 0.050000 0.023958
0 0.869444 0.529167 0.040741 0.020833
0 0.994444 0.597917 0.009259 0.023958
0 0.464815 0.641146 0.029630 0.017708
0 0.462037 0.371354 0.027778 0.015625
0 0.743519 0.697917 0.035185 0.020833
0 0.994444 0.494792 0.020370 0.011458
