0 0.189815 0.479167 0.025926 0.012500
0 0.156481 0.301563 0.022222 0.013542
0 0.662963 0.286979 0.027778 0.015625
0 0.974074 0.664583 0.048148 0.020833
0 0.615741 0.364063 0.025926 0.014583
0 0.994444 0.705729 0.011111 0.020833
0 0.639815 0.380729 0.029630 0.014583
0 0.664815 0.655208 0.031481 0.017708
0 0.994444 0.635938 0.009259 0.023958
0 0.993519 0.544792 0.011111 0.017708
0 0.991667 0.703125 0.012963 0.022917
0 0.993519 0.534375 0.011111 0.021875
0 0.990741 0.752083 0.018519 0.018750
0 0.990741 0.768750 0.014815 0.008333
0 0.992593 0.232813 0.020370 0.011458
0 0.991667 0.735938 0.014815 0.014583
0 0.982407 0.269271 0.033333 0.018750
0 0.637963 0.492188 0.024074 0.013542
0 0.997222 0.523958 0.022222 0.017708
0 0.995370 0.706771 0.016667 0.022917
0 0.992593 0.706250 0.012963 0.018750
0 0.994444 0.450521 0.009259 0.022917
0 0.733333 0.690625 0.027778 0.016667
0 0.937037 0.784375 0.031481 0.019792
0 0.994444 0.382812 0.009259 0.023958
0 0.994444 0.259375 0.009259 0.014583
0 0.993519 0.658333 0.011111 0.019792
0 0.200926 0.465104 0.025926 0.012500
0 0.993519 0.415104 0.012963 0.023958
0 0.994444 0.626563 0.007407 0.020833
0 0.993519 0.775000 0.011111 0.018750
0 0.992593 0.752083 0.012963 0.026042
0 0.991667 0.663542 0.016667 0.026042
0 0.995370 0.647917 0.005556 0.010417
0 0.172222 0.488021 0.025926 0.014583
0 0.765741 0.695312 0.033333 0.017708
0 0.993519 0.544792 0.012963 0.025000
0 0.999074 0.678125 0.033333 0.014583
0 1.000926 0.672917 0.022222 0.015625
0 0.995370 0.645833 0.031481 0.014583
0 0.612037 0.465104 0.027778 0.015625
0 0.993519 0.717708 0.009259 0.018750
0 0.963889 0.795312 0.046296 0.025000
0 0.166667 0.310937 0.022222 0.013542
0 0.065741 0.568229 0.024074 0.013542
0 0.956481 0.692187 0.024074 0.013542
0 0.087037 0.503646 0.024074 0.013542
0 0.102778 0.495312 0.024074 0.014583
0 0.123148 0.269792 0.027778 0.014583
0 0.133333 0.487500 0.024074 0.015625
0 0.134259 0.297396 0.025926 0.015625
0 0.850000 0.641146 0.037037 0.020833
0 0.587037 0.685937 0.022222 0.011458
0 1.067593 0.598958 0.203704 0.114583
0 0.557407 0.709896 0.029630 0.017708
0 0.816667 0.701042 0.029630 0.014583
0 0.618519 0.344792 0.031481 0.016667
0 0.997222 0.679688 0.014815 0.023958
0 0.589815 0.678125 0.033333 0.018750
0 0.592593 0.662500 0.018519 0.010417
0 0.740741 0.568750 0.025926 0.013542
0 0.992593 0.688542 0.014815 0.027083
0 0.522222 0.711458 0.031481 0.018750
0 0.969444 0.294271 0.022222 0.011458
0 0.538889 0.685937 0.035185 0.020833
0 0.283333 0.381771 0.018519 0.010417
0 0.701852 0.516146 0.022222 0.013542
0 0.259259 0.420312 0.018519 0.009375
0 0.300000 0.405208 0.022222 0.009375
0 0.275926 0.388542 0.029630 0.017708
0 0.485185 0.665104 0.031481 0.018750
0 0.240741 0.295833 0.025926 0.014583
0 0.246296 0.478646 0.027778 0.015625
0 0.692593 0.277604 0.029630 0.014583
0 0.207407 0.297396 0.025926 0.014583
0 0.222222 0.480208 0.022222 0.013542
0 0.059259 0.504687 0.022222 0.012500
0 0.050000 0.559896 0.024074 0.010417
0 0.846296 0.382812 0.031481 0.016667
0 0.189815 0.297917 0.020370 0.012500
0 0.049074 0.567708 0.025926 0.015625
0 0.174074 0.288542 0.025926 0.013542
0 0.937963 0.621875 0.033333 0.019792
0 0.888889 0.535937 0.024074 0.011458
0 0.073148 0.500000 0.029630 0.015625
0 0.720370 0.518750 0.022222 0.010417
0 0.123148 0.473438 0.022222 0.011458
