0 0.998148 0.489063 0.022222 0.012500
0 0.003704 0.280208 0.007407 0.015625
0 0.187037 0.654687 0.024074 0.013542
0 0.006481 0.373958 0.012963 0.017708
0 0.075000 0.390104 0.018519 0.011458
0 0.019444 0.404167 0.025926 0.014583
0 0.466667 0.504687 0.022222 0.012500
0 0.027778 0.368229 0.024074 0.012500
0 0.218519 0.672396 0.033333 0.019792
0 0.718519 0.293750 0.024074 0.013542
0 0.218519 0.697396 0.031481 0.018750
0 0.880556 0.663542 0.038889 0.023958
0 0.469444 0.557292 0.024074 0.013542
0 0.271296 0.648958 0.024074 0.012500
0 0.270370 0.664062 0.035185 0.019792
0 1.007407 0.459375 0.029630 0.018750
0 0.848148 0.659375 0.033333 0.020833
0 0.256481 0.695833 0.029630 0.017708
0 0.275000 0.672396 0.027778 0.014583
0 0.741667 0.552083 0.020370 0.011458
0 0.914815 0.660937 0.025926 0.014583
0 0.538889 0.686458 0.025926 0.013542
0 0.342593 0.333854 0.031481 0.017708
0 0.413889 0.275521 0.025926 0.014583
0 0.621296 0.649479 0.044444 0.021875
0 0.000000 0.000000 0.000000 0.000000
0 0.992593 0.592708 0.014815 0.019792
0 0.345370 0.353646 0.029630 0.015625
0 0.655556 0.692187 0.037037 0.023958
0 0.366667 0.369271 0.027778 0.015625
0 0.386111 0.641667 0.029630 0.017708
0 0.979630 0.576562 0.040741 0.025000
0 0.995370 0.281771 0.031481 0.015625
0 0.770370 0.521354 0.038889 0.021875
0 0.685185 0.680208 0.042593 0.021875
0 0.992593 0.541146 0.011111 0.017708
0 0.993519 0.500000 0.011111 0.021875
0 0.987963 0.402604 0.020370 0.022917
0 0.825926 0.733333 0.031481 0.017708
0 0.993519 0.711979 0.011111 0.016667
0 0.869444 0.761458 0.027778 0.016667
0 1.000000 0.226042 0.009259 0.019792
0 0.995370 0.523958 0.007407 0.020833
0 0.990741 0.726042 0.016667 0.015625
0 0.725926 0.260417 0.029630 0.019792
0 0.388889 0.480729 0.024074 0.013542
0 0.993519 0.717708 0.011111 0.021875
0 0.998148 0.522917 0.024074 0.018750
0 0.569444 0.272396 0.033333 0.020833
0 0.653704 0.692708 0.037037 0.022917
0 0.758333 0.686458 0.029630 0.017708
0 0.737037 0.437500 0.037037 0.020833
0 0.449074 0.676562 0.027778 0.016667
0 0.654630 0.780208 0.033333 0.021875
0 0.841667 0.363542 0.042593 0.021875
0 0.986111 0.340104 0.029630 0.016667
0 0.995370 0.602604 0.007407 0.022917
0 0.985185 0.265625 0.029630 0.020833
0 0.769444 0.653646 0.035185 0.019792
0 0.986111 0.594792 0.027778 0.021875
0 1.006481 0.505729 0.070370 0.034375
0 0.758333 0.712500 0.033333 0.018750
0 0.993519 0.654167 0.012963 0.022917
0 0.867593 0.385937 0.042593 0.022917
0 0.996296 0.455208 0.005556 0.016667
0 0.880556 0.663542 0.038889 0.022917
0 0.791667 0.771354 0.031481 0.018750
0 0.993519 0.600000 0.012963 0.020833
0 0.996296 0.401042 0.005556 0.014583
0 1.003704 0.280729 0.029630 0.016667
0 0.846296 0.659375 0.038889 0.021875
0 0.762963 0.664062 0.033333 0.015625
0 1.007407 0.520312 0.031481 0.022917
0 0.477778 0.681771 0.027778 0.016667
0 1.008333 0.568750 0.033333 0.021875
0 1.006481 0.290104 0.029630 0.018750
0 0.993519 0.525521 0.011111 0.018750
0 0.843519 0.768750 0.022222 0.012500
0 0.994444 0.541667 0.009259 0.023958
0 0.495370 0.675000 0.020370 0.012500
0 0.990741 0.685937 0.035185 0.020833
0 0.734259 0.645833 0.024074 0.016667
0 0.991667 0.575521 0.014815 0.017708
0 0.992593 0.541146 0.031481 0.018750
0 0.748148 0.540104 0.025926 0.014583
0 1.003704 0.296354 0.024074 0.015625
0 0.953704 0.632812 0.029630 0.013542
0 0.356481 0.452604 0.027778 0.016667
0 0.990741 0.537500 0.016667 0.026042
