0 0.996296 0.394792 0.005556 0.013542
0 0.882407 0.781250 0.031481 0.017708
0 0.992593 0.605208 0.012963 0.022917
0 0.993519 0.745833 0.012963 0.025000
0 0.990741 0.541667 0.016667 0.027083
0 0.452778 0.453125 0.027778 0.015625
0 1.000000 0.649479 0.031481 0.014583
0 0.992593 0.539062 0.029630 0.017708
0 0.991667 0.575000 0.012963 0.016667
0 0.841667 0.653125 0.024074 0.015625
0 0.986111 0.679688 0.037037 0.015625
0 0.583333 0.678125 0.022222 0.013542
0 0.995370 0.548438 0.009259 0.020833
0 0.932407 0.780729 0.018519 0.011458
0 0.994444 0.507292 0.011111 0.017708
0 1.007407 0.311979 0.037037 0.022917
0 0.564815 0.683333 0.029630 0.015625
0 1.011111 0.484375 0.042593 0.031250
0 0.865741 0.672396 0.033333 0.016667
0 0.951852 0.670833 0.035185 0.021875
0 0.646296 0.631250 0.027778 0.018750
0 0.015741 0.275521 0.025926 0.013542
0 0.024074 0.465104 0.025926 0.014583
0 0.038889 0.279687 0.024074 0.014583
0 0.036111 0.456250 0.024074 0.013542
0 0.050926 0.290104 0.024074 0.014583
0 0.729630 0.783854 0.035185 0.023958
0 0.057407 0.443750 0.025926 0.012500
0 0.073148 0.277083 0.027778 0.015625
0 0.537963 0.269792 0.027778 0.015625
0 0.083333 0.457813 0.029630 0.015625
0 0.108333 0.276042 0.025926 0.014583
0 0.283333 0.647396 0.027778 0.015625
0 0.109259 0.368750 0.033333 0.018750
0 0.173148 0.386458 0.020370 0.009375
0 0.118519 0.399479 0.024074 0.015625
0 0.553704 0.506771 0.024074 0.013542
0 0.131481 0.363542 0.024074 0.012500
0 0.319444 0.668229 0.037037 0.020833
0 0.834259 0.304167 0.022222 0.012500
0 0.312963 0.693229 0.031481 0.018750
0 0.984259 0.675521 0.031481 0.019792
0 0.559259 0.559375 0.024074 0.014583
0 0.371296 0.646354 0.022222 0.012500
0 0.370370 0.660937 0.035185 0.018750
0 1.007407 0.489063 0.029630 0.019792
0 0.950926 0.670312 0.035185 0.021875
0 0.349074 0.692708 0.027778 0.017708
0 0.371296 0.669271 0.025926 0.013542
0 0.854630 0.560417 0.018519 0.011458
0 1.006481 0.672396 0.025926 0.014583
0 0.623148 0.690625 0.025926 0.013542
0 0.452778 0.335417 0.029630 0.017708
0 0.519444 0.279167 0.027778 0.015625
0 0.724074 0.655208 0.042593 0.020833
0 0.992593 0.609375 0.014815 0.020833
0 0.454630 0.355208 0.029630 0.015625
0 0.992593 0.496875 0.020370 0.011458
0 0.755556 0.698438 0.037037 0.020833
0 0.473148 0.371354 0.027778 0.015625
0 0.475000 0.641667 0.029630 0.017708
0 0.994444 0.602604 0.009259 0.025000
0 0.883333 0.530208 0.040741 0.021875
0 0.788889 0.687500 0.046296 0.023958
0 0.993519 0.540104 0.011111 0.017708
0 0.993519 0.517188 0.012963 0.022917
0 0.987963 0.436458 0.022222 0.025000
0 0.919444 0.744271 0.029630 0.016667
0 0.993519 0.705729 0.009259 0.015625
0 0.959259 0.773438 0.025926 0.014583
0 0.993519 0.225000 0.009259 0.019792
0 0.995370 0.503646 0.007407 0.021875
0 0.991667 0.722396 0.016667 0.015625
0 0.862037 0.268750 0.029630 0.019792
0 0.481481 0.481771 0.024074 0.013542
0 0.997222 0.541146 0.024074 0.018750
0 0.754630 0.698438 0.038889 0.022917
0 0.856481 0.695833 0.029630 0.016667
0 0.855556 0.445833 0.037037 0.020833
0 1.008333 0.505208 0.085185 0.041667
0 0.536111 0.678125 0.025926 0.015625
0 0.993519 0.257812 0.011111 0.017708
0 0.875000 0.662500 0.035185 0.019792
0 0.712963 0.772917 0.029630 0.020833
0 0.976852 0.373958 0.040741 0.022917
0 0.995370 0.611979 0.007407 0.023958
0 0.985185 0.625000 0.025926 0.021875
0 0.852778 0.722396 0.033333 0.018750
0 0.992593 0.625521 0.012963 0.025000
0 0.987963 0.396354 0.022222 0.021875
0 0.996296 0.440625 0.005556 0.015625
0 0.986111 0.675000 0.035185 0.020833
