0 0.758333 0.537500 0.029630 0.016667
0 0.750000 0.559896 0.027778 0.016667
0 0.099074 0.461458 0.027778 0.015625
0 0.931481 0.368229 0.027778 0.013542
0 0.948148 0.543750 0.037037 0.020833
0 0.784259 0.293229 0.024074 0.016667
0 0.165741 0.302604 0.020370 0.009375
0 0.617593 0.645312 0.031481 0.016667
0 0.363889 0.796875 0.044444 0.022917
0 0.562963 0.459896 0.038889 0.023958
0 0.446296 0.550000 0.027778 0.015625
0 0.936111 0.564583 0.031481 0.017708
0 0.863889 0.645312 0.025926 0.014583
0 0.950926 0.577604 0.027778 0.017708
0 0.397222 0.661979 0.027778 0.017708
0 0.796296 0.710417 0.025926 0.014583
0 0.223148 0.693229 0.022222 0.012500
0 0.676852 0.558333 0.040741 0.022917
0 0.557407 0.783333 0.027778 0.014583
0 0.928704 0.527083 0.037037 0.020833
0 0.804630 0.289583 0.033333 0.017708
0 0.784259 0.581771 0.024074 0.015625
0 0.205556 0.697396 0.031481 0.016667
0 0.767593 0.558333 0.031481 0.018750
0 0.437963 0.679688 0.035185 0.015625
0 0.539815 0.673438 0.042593 0.017708
0 0.792593 0.259375 0.029630 0.016667
0 0.946296 0.440625 0.046296 0.023958
0 0.714815 0.733854 0.044444 0.021875
0 0.985185 0.567708 0.029630 0.018750
0 0.502778 0.788021 0.029630 0.018750
0 0.561111 0.679688 0.035185 0.019792
0 0.867593 0.510938 0.038889 0.021875
0 0.496296 0.392708 0.040741 0.021875
0 0.830556 0.698958 0.042593 0.025000
0 0.460185 0.728646 0.031481 0.019792
0 0.992593 0.518750 0.011111 0.019792
0 0.965741 0.581250 0.035185 0.019792
0 0.438889 0.667708 0.037037 0.019792
0 0.786111 0.272917 0.040741 0.025000
0 0.921296 0.584375 0.035185 0.019792
0 0.939815 0.348438 0.029630 0.017708
0 0.245370 0.293229 0.027778 0.014583
0 0.463889 0.369271 0.040741 0.023958
0 0.176852 0.692708 0.027778 0.014583
0 0.865741 0.496875 0.020370 0.010417
0 0.400000 0.445312 0.037037 0.019792
0 0.452778 0.701562 0.031481 0.017708
0 0.316667 0.711458 0.033333 0.021875
0 0.180556 0.272396 0.027778 0.016667
0 0.812963 0.281771 0.018519 0.014583
0 0.781481 0.526042 0.029630 0.018750
0 0.142593 0.489063 0.025926 0.014583
0 0.476852 0.263542 0.029630 0.018750
0 0.762037 0.731771 0.033333 0.019792
0 0.841667 0.551042 0.046296 0.023958
0 0.668519 0.226042 0.040741 0.023958
0 0.587037 0.775000 0.024074 0.015625
0 0.997222 0.390104 0.027778 0.019792
0 0.794444 0.727604 0.035185 0.019792
0 0.534259 0.748437 0.031481 0.017708
0 0.975926 0.386979 0.037037 0.021875
0 0.717593 0.496354 0.042593 0.025000
0 0.977778 0.535417 0.033333 0.019792
0 0.352778 0.697917 0.040741 0.025000
0 0.447222 0.531250 0.038889 0.021875
0 0.789815 0.281771 0.031481 0.015625
0 0.654630 0.586979 0.050000 0.028125
0 0.114815 0.656771 0.033333 0.018750
0 0.087963 0.375521 0.029630 0.015625
0 0.316667 0.711458 0.035185 0.021875
0 0.824074 0.505729 0.035185 0.020833
0 0.065741 0.358854 0.031481 0.015625
0 0.967593 0.581771 0.035185 0.019792
0 -0.075926 0.337500 0.000000 0.000000
0 0.281481 0.667708 0.035185 0.019792
0 0.072222 0.266667 0.016667 0.018750
0 0.056481 0.338021 0.037037 0.017708
0 0.283333 0.701562 0.029630 0.015625
0 0.628704 0.671354 0.031481 0.019792
0 0.480556 0.564063 0.022222 0.013542
