0 0.762037 0.489063 0.044444 0.025000
0 0.987963 0.378125 0.018519 0.021875
0 0.570370 0.740625 0.033333 0.016667
0 0.831481 0.721875 0.033333 0.020833
0 1.001852 0.389583 0.029630 0.020833
0 0.621296 0.767708 0.024074 0.015625
0 0.714815 0.217188 0.042593 0.025000
0 0.882407 0.544792 0.046296 0.023958
0 0.800000 0.725521 0.033333 0.020833
0 0.512037 0.254688 0.029630 0.019792
0 0.176852 0.481250 0.025926 0.014583
0 0.817593 0.519792 0.031481 0.018750
0 0.852778 0.273438 0.020370 0.014583
0 0.227778 0.264583 0.029630 0.017708
0 0.359259 0.703125 0.033333 0.022917
0 0.490741 0.693750 0.029630 0.017708
0 0.440741 0.437500 0.037037 0.020833
0 0.909259 0.490625 0.020370 0.010417
0 0.213889 0.684375 0.025926 0.015625
0 0.400000 0.788542 0.042593 0.021875
0 0.509259 0.361458 0.040741 0.025000
0 0.283333 0.285938 0.027778 0.014583
0 0.974074 0.340104 0.029630 0.017708
0 0.959259 0.578646 0.037037 0.019792
0 0.831481 0.263542 0.040741 0.026042
0 0.478704 0.660417 0.037037 0.018750
0 1.000000 0.575521 0.024074 0.019792
0 0.868519 0.692708 0.042593 0.025000
0 0.539815 0.384896 0.042593 0.022917
0 0.910185 0.505208 0.037037 0.021875
0 0.600926 0.672917 0.035185 0.019792
0 0.537963 0.779687 0.031481 0.017708
0 0.996296 0.513542 0.007407 0.019792
0 0.497222 0.720833 0.033333 0.019792
0 0.003704 0.657813 0.007407 0.015625
0 0.003704 0.673438 0.007407 0.017708
0 0.861111 0.435417 0.029630 0.020833
0 0.587037 0.667708 0.035185 0.020833
0 0.018519 0.680729 0.031481 0.016667
0 0.005556 0.705729 0.011111 0.017708
0 0.512037 0.557292 0.024074 0.014583
0 0.662037 0.664583 0.031481 0.019792
0 0.316667 0.693229 0.029630 0.015625
0 0.093519 0.330208 0.035185 0.018750
0 0.121296 0.258854 0.018519 0.018750
0 0.322222 0.658854 0.035185 0.019792
0 -0.075926 0.337500 0.000000 0.000000
0 0.997222 0.576042 0.014815 0.020833
0 0.106481 0.351042 0.029630 0.014583
0 0.865741 0.499479 0.037037 0.020833
0 0.357407 0.703646 0.037037 0.022917
0 0.125000 0.367188 0.029630 0.015625
0 0.151852 0.647917 0.031481 0.017708
0 0.693519 0.580729 0.050000 0.028125
0 0.835185 0.272917 0.031481 0.015625
0 0.487963 0.524479 0.040741 0.022917
0 0.392593 0.689583 0.038889 0.025000
0 0.988889 0.536458 0.018519 0.019792
0 0.842593 0.281250 0.035185 0.017708
0 0.992593 0.565104 0.012963 0.022917
0 0.753704 0.727083 0.044444 0.020833
0 0.984259 0.434375 0.029630 0.025000
0 0.837037 0.251042 0.029630 0.016667
0 0.575000 0.665104 0.037037 0.019792
0 0.476852 0.671875 0.033333 0.015625
0 0.804630 0.552604 0.029630 0.018750
0 0.240741 0.689063 0.029630 0.016667
0 0.824074 0.575521 0.024074 0.015625
0 0.970370 0.521875 0.038889 0.021875
0 0.592593 0.776042 0.027778 0.015625
0 0.719444 0.552083 0.040741 0.021875
0 0.260185 0.684375 0.022222 0.012500
0 0.834259 0.704167 0.024074 0.014583
0 0.437963 0.654167 0.027778 0.016667
0 0.987037 0.571354 0.024074 0.021875
0 0.902778 0.639583 0.025926 0.014583
0 0.973148 0.558854 0.031481 0.018750
0 0.478704 0.542708 0.029630 0.015625
0 0.602778 0.453125 0.040741 0.023958
0 0.169444 0.305729 0.020370 0.009375
0 0.656481 0.638021 0.031481 0.015625
0 0.793519 0.530729 0.027778 0.015625
0 0.788889 0.552604 0.025926 0.016667
0 0.134259 0.453125 0.027778 0.015625
0 0.978704 0.360417 0.027778 0.013542
0 0.985185 0.538021 0.029630 0.022917
0 0.823148 0.285938 0.024074 0.015625
