0 0.065741 0.595313 0.022222 0.010417
0 0.997222 0.463542 0.005556 0.011458
0 0.991667 0.705208 0.014815 0.018750
0 0.991667 0.578646 0.016667 0.028125
0 0.999074 0.435937 0.000000 0.000000
0 0.994444 0.711979 0.009259 0.014583
0 0.996296 0.718229 0.005556 0.014583
0 0.995370 0.492188 0.007407 0.020833
0 0.993519 0.579688 0.011111 0.027083
0 0.992593 0.676562 0.012963 0.016667
0 0.995370 0.394271 0.007407 0.013542
0 0.932407 0.373437 0.009259 0.012500
0 0.993519 0.671354 0.011111 0.014583
0 0.992593 0.328125 0.011111 0.013542
0 0.994444 0.351042 0.009259 0.014583
0 0.992593 0.705729 0.012963 0.020833
0 0.995370 0.741146 0.005556 0.017708
0 0.988889 0.655729 0.020370 0.012500
0 0.996296 0.516146 0.020370 0.011458
0 0.997222 0.707292 0.003704 0.016667
0 0.993519 0.681771 0.014815 0.016667
0 0.997222 0.507292 0.003704 0.017708
0 0.669444 0.417187 0.020370 0.010417
0 0.723148 0.389062 0.031481 0.017708
0 0.967593 0.665104 0.033333 0.019792
0 0.621296 0.298958 0.024074 0.015625
0 0.670370 0.479687 0.027778 0.014583
0 0.997222 0.268229 0.005556 0.016667
0 0.575926 0.300521 0.022222 0.014583
0 0.574074 0.466667 0.024074 0.011458
0 0.503704 0.315104 0.020370 0.013542
0 0.546296 0.479167 0.024074 0.012500
0 0.501852 0.305208 0.020370 0.013542
0 0.549074 0.489583 0.024074 0.013542
0 0.995370 0.691146 0.005556 0.018750
0 0.480556 0.301563 0.024074 0.015625
0 0.509259 0.490104 0.022222 0.014583
0 0.510185 0.273438 0.024074 0.015625
0 0.496296 0.497917 0.016667 0.011458
0 0.486111 0.501563 0.025926 0.015625
0 0.450926 0.569792 0.025926 0.014583
0 0.507407 0.474479 0.020370 0.011458
0 0.994444 0.530208 0.009259 0.010417
0 0.486111 0.502083 0.027778 0.016667
0 0.526852 0.293750 0.024074 0.014583
0 0.450000 0.569792 0.025926 0.014583
0 0.534259 0.301042 0.022222 0.013542
0 0.996296 0.447917 0.005556 0.016667
0 0.465741 0.506250 0.024074 0.012500
0 0.566667 0.482812 0.022222 0.012500
0 0.392593 0.560417 0.031481 0.015625
0 0.623148 0.386458 0.022222 0.013542
0 0.391667 0.288542 0.029630 0.015625
0 0.457407 0.701562 0.029630 0.016667
0 0.387037 0.303646 0.031481 0.019792
0 0.346296 0.308854 0.031481 0.017708
0 1.000926 0.684896 0.018519 0.016667
0 0.995370 0.558854 0.005556 0.012500
0 0.318519 0.545312 0.027778 0.017708
0 0.283333 0.706771 0.029630 0.016667
0 0.321296 0.345313 0.031481 0.016667
0 0.991667 0.320312 0.012963 0.012500
0 0.576852 0.301563 0.022222 0.014583
0 0.553704 0.179167 0.011111 0.007292
0 0.409259 0.570833 0.025926 0.015625
0 0.331481 0.304167 0.025926 0.017708
0 0.999074 0.631250 0.022222 0.016667
0 0.122222 0.482812 0.031481 0.014583
0 0.593519 0.299479 0.024074 0.014583
0 0.114815 0.505208 0.031481 0.016667
0 0.986111 0.447917 0.027778 0.012500
0 0.045370 0.697917 0.040741 0.020833
0 0.365741 0.306250 0.027778 0.017708
