0 0.989815 0.523438 0.016667 0.027083
0 0.521296 0.461458 0.027778 0.015625
0 0.995370 0.654687 0.029630 0.013542
0 0.941667 0.663542 0.022222 0.015625
0 0.998148 0.691146 0.035185 0.015625
0 0.661111 0.688021 0.022222 0.013542
0 0.994444 0.537500 0.009259 0.021875
0 0.995370 0.791667 0.033333 0.018750
0 0.994444 0.506771 0.011111 0.017708
0 1.009259 0.323437 0.044444 0.028125
0 0.642593 0.693750 0.029630 0.017708
0 1.012037 0.443750 0.050000 0.037500
0 0.964815 0.683333 0.033333 0.016667
0 0.992593 0.673438 0.012963 0.020833
0 0.975926 0.793750 0.033333 0.018750
0 0.550000 0.651042 0.027778 0.016667
0 0.994444 0.613542 0.009259 0.023958
0 0.977778 0.536979 0.042593 0.021875
0 0.889815 0.698958 0.050000 0.025000
0 0.993519 0.531771 0.012963 0.022917
0 0.990741 0.759896 0.020370 0.019792
0 0.994444 0.690625 0.009259 0.014583
0 0.988889 0.771354 0.014815 0.008333
0 0.994444 0.223958 0.009259 0.018750
0 0.995370 0.494271 0.007407 0.021875
0 0.991667 0.735938 0.016667 0.014583
0 0.903704 0.275000 0.025926 0.017708
0 0.548148 0.489063 0.024074 0.013542
0 0.997222 0.536458 0.024074 0.018750
0 0.853704 0.709375 0.040741 0.021875
0 0.950926 0.706250 0.031481 0.016667
0 0.950000 0.451042 0.040741 0.020833
0 0.612037 0.688021 0.024074 0.017708
0 0.799074 0.785417 0.031481 0.019792
0 0.994444 0.379167 0.009259 0.022917
0 0.995370 0.595833 0.007407 0.023958
0 0.994444 0.261458 0.009259 0.015625
0 0.975926 0.672396 0.037037 0.019792
0 1.008333 0.517708 0.094444 0.046875
0 0.945370 0.733333 0.033333 0.018750
0 0.992593 0.558333 0.012963 0.025000
0 0.993519 0.404687 0.011111 0.021875
0 0.996296 0.440625 0.005556 0.015625
0 0.995370 0.669271 0.007407 0.019792
0 0.992593 0.751563 0.012963 0.025000
0 0.996296 0.394271 0.003704 0.012500
0 0.051852 0.473438 0.025926 0.014583
0 0.077778 0.285417 0.024074 0.014583
0 0.727778 0.640625 0.033333 0.020833
0 0.088889 0.473958 0.025926 0.014583
0 0.100000 0.289583 0.022222 0.014583
0 0.101852 0.465104 0.025926 0.012500
0 0.112037 0.299479 0.024074 0.014583
0 0.820370 0.797396 0.040741 0.026042
0 0.122222 0.453646 0.027778 0.011458
0 0.137037 0.286458 0.027778 0.015625
0 0.607407 0.276042 0.025926 0.015625
0 0.150926 0.466146 0.027778 0.016667
0 0.172222 0.285938 0.025926 0.014583
0 0.359259 0.656771 0.025926 0.016667
0 0.182407 0.378125 0.031481 0.018750
0 0.234259 0.395313 0.020370 0.009375
0 0.178704 0.407813 0.022222 0.013542
0 0.616667 0.514062 0.022222 0.013542
0 0.194444 0.372917 0.020370 0.014583
0 0.400926 0.677083 0.035185 0.019792
0 0.390741 0.703125 0.031481 0.018750
0 0.992593 0.671875 0.012963 0.025000
0 0.634259 0.568229 0.024074 0.014583
0 0.455556 0.655208 0.022222 0.012500
0 0.452778 0.670312 0.035185 0.019792
0 1.008333 0.506250 0.033333 0.020833
0 0.975000 0.671875 0.037037 0.019792
0 0.880556 0.291667 0.025926 0.012500
0 0.427778 0.702083 0.029630 0.018750
0 0.450926 0.679167 0.024074 0.012500
0 0.952778 0.567708 0.018519 0.010417
0 1.012037 0.663542 0.040741 0.022917
0 0.700000 0.701042 0.027778 0.014583
0 0.525000 0.342187 0.031481 0.017708
0 0.586111 0.285417 0.025926 0.014583
0 0.821296 0.665104 0.046296 0.021875
0 0.525000 0.361979 0.027778 0.014583
0 0.994444 0.508333 0.020370 0.011458
0 0.851852 0.708854 0.042593 0.023958
0 0.545370 0.377604 0.029630 0.014583
0 0.008333 0.488542 0.016667 0.014583
0 0.019444 0.480729 0.025926 0.014583
0 0.053704 0.256771 0.025926 0.014583
