0 0.693519 0.525000 0.033333 0.019792
0 0.665741 0.291146 0.020370 0.013542
0 0.844444 0.388542 0.040741 0.021875
0 0.096296 0.476042 0.025926 0.013542
0 0.577778 0.489583 0.042593 0.025000
0 0.436111 0.259896 0.029630 0.018750
0 0.630556 0.726042 0.033333 0.019792
0 0.720370 0.548958 0.042593 0.023958
0 0.566667 0.225000 0.038889 0.023958
0 0.475926 0.765104 0.027778 0.015625
0 0.867593 0.392188 0.029630 0.018750
0 0.663889 0.722396 0.033333 0.019792
0 0.422222 0.736458 0.029630 0.016667
0 0.866667 0.583333 0.033333 0.018750
0 0.011111 0.327604 0.022222 0.018750
0 0.702778 0.503125 0.033333 0.017708
0 0.191667 0.689583 0.031481 0.022917
0 0.036111 0.364063 0.029630 0.015625
0 0.040741 0.636979 0.031481 0.017708
0 0.530556 0.579167 0.046296 0.026042
0 0.695370 0.280208 0.033333 0.019792
0 0.337963 0.520833 0.040741 0.021875
0 0.225000 0.680208 0.042593 0.025000
0 0.864815 0.536979 0.033333 0.018750
0 0.741667 0.509896 0.037037 0.021875
0 0.437963 0.668229 0.033333 0.020833
0 0.388889 0.773958 0.029630 0.017708
0 0.887963 0.570312 0.033333 0.018750
0 0.578704 0.726042 0.044444 0.020833
0 0.815741 0.441146 0.042593 0.023958
0 0.687037 0.257812 0.033333 0.018750
0 0.687037 0.580208 0.029630 0.015625
0 0.750926 0.291146 0.031481 0.017708
0 0.811111 0.528125 0.037037 0.020833
0 0.160185 0.647917 0.037037 0.018750
0 0.346296 0.676042 0.027778 0.014583
0 0.697222 0.707812 0.031481 0.015625
0 0.742593 0.642188 0.024074 0.013542
0 0.458333 0.452604 0.035185 0.020833
0 0.126852 0.272917 0.022222 0.011458
0 0.737963 0.296354 0.025926 0.015625
0 0.486111 0.636458 0.027778 0.015625
0 0.830556 0.544271 0.037037 0.019792
0 0.672222 0.534896 0.029630 0.017708
0 0.864815 0.581771 0.040741 0.017708
0 0.890741 0.520312 0.035185 0.020833
0 0.348148 0.714063 0.029630 0.017708
0 0.706481 0.695312 0.042593 0.023958
0 0.369444 0.384896 0.042593 0.020833
0 0.415741 0.664062 0.033333 0.018750
0 0.316667 0.664583 0.035185 0.014583
0 0.680556 0.556771 0.031481 0.017708
0 0.123148 0.678646 0.029630 0.016667
0 0.447222 0.771354 0.027778 0.016667
0 0.544444 0.551042 0.038889 0.021875
0 0.887963 0.549479 0.031481 0.017708
0 0.271296 0.368229 0.025926 0.012500
0 0.273148 0.644792 0.027778 0.016667
0 0.856481 0.579167 0.031481 0.017708
0 0.845370 0.567187 0.027778 0.015625
0 0.499074 0.220833 0.024074 0.013542
0 0.293519 0.369271 0.024074 0.009375
0 0.350000 0.546354 0.018519 0.011458
0 0.646296 0.556771 0.027778 0.017708
0 0.051852 0.448437 0.025926 0.013542
0 0.846296 0.361458 0.027778 0.013542
0 0.743519 0.494792 0.022222 0.011458
0 0.761111 0.283333 0.020370 0.014583
0 0.121296 0.261458 0.027778 0.014583
0 0.190741 0.691146 0.033333 0.020833
0 0.338889 0.687500 0.029630 0.016667
0 0.291667 0.434896 0.038889 0.020833
0 0.099074 0.673958 0.027778 0.013542
0 0.256481 0.778125 0.042593 0.026042
0 0.336111 0.361458 0.040741 0.022917
0 0.151852 0.291667 0.031481 0.016667
0 0.869444 0.348438 0.025926 0.014583
0 0.823148 0.585417 0.035185 0.019792
0 0.680556 0.270833 0.038889 0.025000
0 0.314815 0.653646 0.037037 0.018750
