0 0.025926 0.277083 0.035185 0.018750
0 0.012963 0.290625 0.025926 0.020833
0 0.014815 0.684375 0.029630 0.016667
0 0.344444 0.376563 0.020370 0.012500
0 0.063889 0.543229 0.022222 0.011458
0 0.297222 0.472396 0.024074 0.012500
0 0.140741 0.492708 0.020370 0.013542
0 0.127778 0.547396 0.024074 0.010417
0 0.937963 0.385417 0.033333 0.015625
0 0.275926 0.291146 0.020370 0.011458
0 0.127778 0.555729 0.025926 0.013542
0 0.261111 0.280729 0.024074 0.013542
0 0.995370 0.627604 0.007407 0.020833
0 0.981481 0.541146 0.024074 0.011458
0 0.156481 0.489583 0.027778 0.015625
0 0.794444 0.520312 0.020370 0.011458
0 0.202778 0.463542 0.020370 0.012500
0 0.137037 0.556771 0.020370 0.012500
0 0.993519 0.698438 0.011111 0.015625
0 0.166667 0.493229 0.022222 0.012500
0 0.180556 0.484896 0.022222 0.014583
0 0.213889 0.261979 0.025926 0.016667
0 0.212037 0.478125 0.024074 0.015625
0 0.221296 0.289062 0.024074 0.014583
0 0.930556 0.646354 0.038889 0.019792
0 0.250000 0.478646 0.024074 0.014583
0 0.243519 0.293750 0.022222 0.013542
0 0.266667 0.470833 0.025926 0.012500
0 0.250926 0.303646 0.022222 0.013542
0 0.993519 0.797396 0.009259 0.025000
0 0.279630 0.456771 0.025926 0.014583
0 0.296296 0.290104 0.027778 0.014583
0 0.784259 0.276562 0.029630 0.015625
0 0.326852 0.471354 0.025926 0.014583
0 0.329630 0.289583 0.025926 0.014583
0 0.561111 0.661979 0.033333 0.019792
0 0.363889 0.382292 0.031481 0.018750
0 0.378704 0.398958 0.020370 0.010417
0 0.341667 0.413542 0.014815 0.008333
0 0.776852 0.517188 0.022222 0.012500
0 0.370370 0.375521 0.016667 0.010417
0 0.616667 0.684375 0.035185 0.020833
0 0.996296 0.310417 0.022222 0.011458
0 0.595370 0.708854 0.031481 0.018750
0 0.991667 0.690625 0.014815 0.028125
0 0.819444 0.571354 0.024074 0.012500
0 0.674074 0.661979 0.018519 0.009375
0 0.670370 0.677083 0.033333 0.017708
0 0.997222 0.686458 0.014815 0.025000
0 0.631481 0.708854 0.029630 0.017708
0 0.665741 0.684896 0.020370 0.011458
0 0.889815 0.706250 0.029630 0.014583
0 0.711111 0.344271 0.031481 0.017708
0 0.753704 0.285417 0.027778 0.015625
0 0.990741 0.673958 0.014815 0.019792
0 0.706481 0.363542 0.027778 0.014583
0 0.993519 0.726042 0.009259 0.019792
0 0.729630 0.380729 0.029630 0.015625
0 0.738889 0.656250 0.031481 0.017708
0 0.994444 0.655208 0.009259 0.023958
0 0.993519 0.547917 0.011111 0.018750
0 0.990741 0.732812 0.014815 0.025000
0 0.990741 0.757292 0.018519 0.018750
0 0.990741 0.765104 0.014815 0.008333
0 0.990741 0.232292 0.020370 0.010417
0 0.992593 0.266146 0.012963 0.018750
0 0.715741 0.492188 0.024074 0.013542
0 0.990741 0.725000 0.016667 0.022917
0 0.991667 0.708854 0.014815 0.019792
0 0.995370 0.644792 0.007407 0.011458
0 0.839815 0.699479 0.033333 0.017708
0 0.992593 0.525000 0.014815 0.028125
0 1.000000 0.674479 0.033333 0.014583
0 0.995370 0.639062 0.031481 0.014583
0 0.693519 0.464062 0.027778 0.016667
0 0.994444 0.669271 0.009259 0.019792
0 0.805556 0.693750 0.027778 0.018750
0 0.992593 0.793229 0.012963 0.017708
0 0.994444 0.371875 0.009259 0.023958
0 0.994444 0.256250 0.009259 0.014583
0 0.994444 0.652083 0.011111 0.019792
0 0.994444 0.719271 0.009259 0.017708
0 0.993519 0.421354 0.012963 0.022917
0 0.995370 0.608854 0.009259 0.020833
0 0.993519 0.780729 0.012963 0.019792
0 0.992593 0.755208 0.012963 0.026042
0 0.994444 0.468229 0.009259 0.022917
