0 0.065741 0.267708 0.031481 0.017708
0 0.156481 0.145313 0.022222 0.014583
0 0.082407 0.433854 0.037037 0.019792
0 0.088889 0.448437 0.035185 0.017708
0 0.070370 0.536979 0.033333 0.017708
0 0.137963 0.703646 0.027778 0.016667
0 0.121296 0.322396 0.027778 0.018750
0 0.147222 0.320833 0.029630 0.015625
0 0.303704 0.234896 0.031481 0.016667
0 0.294444 0.277083 0.029630 0.015625
0 0.113889 0.446875 0.029630 0.017708
0 0.089815 0.518229 0.016667 0.010417
0 0.116667 0.707812 0.031481 0.017708
0 0.148148 0.158333 0.024074 0.014583
0 0.499074 0.370833 0.027778 0.019792
0 0.135185 0.607812 0.029630 0.017708
0 0.156481 0.714063 0.035185 0.020833
0 0.163889 0.162500 0.022222 0.014583
0 0.112037 0.524479 0.024074 0.013542
0 0.123148 0.489063 0.035185 0.017708
0 0.192593 0.425521 0.048148 0.028125
0 0.166667 0.684375 0.033333 0.021875
0 0.134259 0.521875 0.025926 0.013542
0 0.205556 0.453646 0.050000 0.026042
0 0.230556 0.438021 0.046296 0.028125
0 0.226852 0.583854 0.014815 0.018750
0 0.280556 0.691667 0.031481 0.018750
0 0.268519 0.455729 0.044444 0.026042
0 0.281481 0.670833 0.033333 0.020833
0 0.237963 0.553125 0.029630 0.013542
0 0.302778 0.706250 0.035185 0.021875
0 0.319444 0.631771 0.029630 0.015625
0 0.270370 0.717187 0.027778 0.016667
0 0.668519 0.342187 0.025926 0.015625
0 0.287963 0.290104 0.033333 0.016667
0 0.292593 0.726042 0.035185 0.019792
0 0.444444 0.588021 0.018519 0.010417
0 0.689815 0.309896 0.037037 0.015625
0 0.370370 0.687500 0.027778 0.013542
0 0.996296 0.457813 0.014815 0.011458
0 0.789815 0.707292 0.029630 0.013542
0 0.035185 0.536979 0.037037 0.019792
0 0.034259 0.249479 0.029630 0.020833
0 0.037963 0.246354 0.020370 0.017708
0 0.322222 0.285417 0.035185 0.019792
0 0.387963 0.483854 0.020370 0.013542
0 0.010185 0.536979 0.020370 0.017708
0 0.341667 0.515104 0.020370 0.011458
0 0.063889 0.219792 0.037037 0.021875
0 0.835185 0.425521 0.024074 0.014583
0 0.780556 0.477604 0.018519 0.010417
0 0.448148 0.503125 0.031481 0.017708
0 0.865741 0.304688 0.025926 0.014583
0 0.445370 0.479167 0.031481 0.016667
0 0.997222 0.628125 0.024074 0.017708
0 0.669444 0.307292 0.033333 0.020833
0 0.651852 0.570312 0.018519 0.012500
0 0.826852 0.185938 0.011111 0.008333
0 0.842593 0.306771 0.024074 0.013542
0 0.580556 0.701042 0.022222 0.011458
0 0.678704 0.541146 0.024074 0.015625
0 0.684259 0.310417 0.029630 0.013542
0 0.996296 0.390104 0.005556 0.017708
0 0.988889 0.664062 0.022222 0.026042
0 0.889815 0.304167 0.024074 0.014583
0 0.962963 0.482292 0.029630 0.014583
0 0.841667 0.306250 0.024074 0.014583
0 0.837037 0.470313 0.020370 0.011458
0 0.747222 0.319271 0.020370 0.013542
0 0.803704 0.481771 0.022222 0.013542
0 0.750000 0.309896 0.018519 0.013542
0 0.813889 0.492188 0.024074 0.013542
0 0.996296 0.664062 0.007407 0.019792
0 0.735185 0.306771 0.020370 0.012500
0 0.775926 0.491667 0.020370 0.013542
0 0.787037 0.279167 0.024074 0.014583
0 0.770370 0.502604 0.027778 0.015625
0 0.729630 0.569792 0.024074 0.013542
0 0.771296 0.503125 0.027778 0.015625
0 0.776852 0.298958 0.025926 0.014583
0 0.729630 0.569792 0.024074 0.014583
0 0.781481 0.306771 0.022222 0.013542
0 0.738889 0.506250 0.029630 0.014583
0 0.828704 0.484896 0.024074 0.014583
0 0.654630 0.565104 0.016667 0.008333
0 0.904630 0.388542 0.016667 0.010417
0 0.722222 0.293229 0.024074 0.012500
0 0.810185 0.696354 0.029630 0.015625
0 0.722222 0.307292 0.031481 0.019792
0 0.997222 0.470833 0.003704 0.008333
0 0.993519 0.683333 0.011111 0.014583
0 0.995370 0.664062 0.007407 0.012500
0 0.993519 0.645833 0.007407 0.014583
0 0.997222 0.665625 0.003704 0.015625
