0 0.992593 0.714063 0.011111 0.021875
0 0.993519 0.540625 0.016667 0.026042
0 0.352778 0.450000 0.027778 0.015625
0 0.947222 0.631250 0.029630 0.013542
0 1.004630 0.297396 0.024074 0.015625
0 0.743519 0.538021 0.025926 0.014583
0 0.991667 0.539583 0.031481 0.018750
0 0.990741 0.575000 0.014815 0.017708
0 0.728704 0.643750 0.024074 0.015625
0 0.991667 0.686458 0.037037 0.020833
0 0.491667 0.672917 0.020370 0.012500
0 0.994444 0.541667 0.009259 0.023958
0 0.838889 0.767188 0.022222 0.013542
0 0.994444 0.528125 0.011111 0.018750
0 1.004630 0.285417 0.027778 0.017708
0 1.008333 0.568750 0.033333 0.020833
0 0.473148 0.679167 0.029630 0.015625
0 1.006481 0.527604 0.029630 0.021875
0 0.756481 0.662500 0.033333 0.015625
0 0.839815 0.657292 0.037037 0.020833
0 1.003704 0.276042 0.029630 0.016667
0 0.996296 0.402083 0.005556 0.014583
0 0.993519 0.598958 0.012963 0.021875
0 0.787037 0.769271 0.031481 0.018750
0 0.875000 0.661458 0.038889 0.022917
0 0.996296 0.458333 0.005556 0.017708
0 0.861111 0.382812 0.042593 0.022917
0 0.993519 0.653646 0.011111 0.022917
0 0.753704 0.710938 0.033333 0.018750
0 1.006481 0.506250 0.070370 0.034375
0 0.985185 0.592708 0.027778 0.021875
0 0.762963 0.651563 0.037037 0.019792
0 0.995370 0.600521 0.007407 0.022917
0 0.976852 0.574479 0.046296 0.025000
0 0.983333 0.261458 0.031481 0.018750
0 0.995370 0.278125 0.031481 0.015625
0 0.764815 0.518750 0.038889 0.021875
0 0.679630 0.678125 0.048148 0.022917
0 0.992593 0.542188 0.011111 0.017708
0 0.993519 0.501042 0.011111 0.022917
0 0.987963 0.398958 0.020370 0.022917
0 0.821296 0.731250 0.031481 0.016667
0 0.993519 0.710417 0.011111 0.016667
0 0.381481 0.639062 0.029630 0.016667
0 0.362037 0.366146 0.027778 0.015625
0 0.648148 0.690625 0.037037 0.023958
0 0.991667 0.486458 0.020370 0.011458
0 0.341667 0.350000 0.027778 0.016667
0 0.991667 0.591667 0.012963 0.019792
0 0.000000 0.000000 0.000000 0.000000
0 0.613889 0.647396 0.042593 0.021875
0 0.412963 0.270833 0.031481 0.017708
0 0.337037 0.330729 0.033333 0.018750
0 0.536111 0.684375 0.027778 0.013542
0 0.908333 0.658854 0.025926 0.014583
0 0.736111 0.550000 0.020370 0.012500
0 0.269444 0.670312 0.027778 0.014583
0 0.250926 0.693229 0.029630 0.017708
0 0.842593 0.657292 0.031481 0.020833
0 1.007407 0.460417 0.027778 0.018750
0 0.263889 0.661458 0.037037 0.020833
0 0.264815 0.646875 0.024074 0.012500
0 0.464815 0.555208 0.024074 0.013542
0 0.875926 0.661979 0.040741 0.022917
0 0.212963 0.694792 0.033333 0.018750
0 0.715741 0.290104 0.024074 0.013542
0 0.212963 0.669792 0.037037 0.020833
0 0.024074 0.365104 0.025926 0.012500
0 0.462963 0.501563 0.022222 0.012500
0 0.015741 0.401562 0.027778 0.014583
0 0.072222 0.386458 0.020370 0.010417
0 0.003704 0.370312 0.007407 0.014583
0 1.000926 0.355729 0.035185 0.023958
0 0.864815 0.759375 0.025926 0.016667
0 0.995370 0.221875 0.009259 0.019792
0 0.995370 0.528125 0.007407 0.020833
0 0.990741 0.724479 0.014815 0.015625
0 0.722222 0.257812 0.029630 0.017708
0 0.385185 0.477604 0.024074 0.013542
0 0.562037 0.268229 0.033333 0.019792
0 0.999074 0.527083 0.024074 0.018750
0 0.649074 0.690625 0.040741 0.021875
0 0.752778 0.684896 0.031481 0.017708
0 0.730556 0.434896 0.038889 0.021875
0 0.444444 0.674479 0.027778 0.015625
0 0.650926 0.778125 0.033333 0.021875
0 0.835185 0.359896 0.042593 0.022917
0 0.987037 0.338021 0.029630 0.017708
