0 0.185185 0.316667 0.029630 0.015625
0 0.161111 0.317708 0.027778 0.017708
0 0.349074 0.231771 0.029630 0.016667
0 0.338889 0.272396 0.027778 0.016667
0 0.157407 0.442188 0.027778 0.017708
0 0.125926 0.512500 0.016667 0.009375
0 0.153704 0.703646 0.029630 0.017708
0 0.201852 0.152604 0.025926 0.014583
0 0.534259 0.367708 0.033333 0.017708
0 0.174074 0.603646 0.029630 0.017708
0 0.194444 0.710417 0.035185 0.020833
0 0.216667 0.157292 0.022222 0.014583
0 0.145370 0.520312 0.022222 0.013542
0 0.160185 0.484896 0.031481 0.016667
0 0.241667 0.421354 0.046296 0.028125
0 0.205556 0.680729 0.035185 0.021875
0 0.167593 0.518229 0.024074 0.014583
0 0.254630 0.449479 0.050000 0.027083
0 0.279630 0.433854 0.044444 0.026042
0 0.263889 0.580729 0.014815 0.018750
0 0.321296 0.689063 0.031481 0.018750
0 0.316667 0.452083 0.046296 0.026042
0 0.323148 0.667708 0.033333 0.020833
0 0.275926 0.550000 0.029630 0.013542
0 0.344444 0.704167 0.033333 0.021875
0 0.361111 0.629167 0.029630 0.015625
0 0.306481 0.715104 0.025926 0.015625
0 0.725000 0.341146 0.025926 0.015625
0 0.332407 0.286458 0.033333 0.016667
0 0.325000 0.723958 0.033333 0.019792
0 0.488889 0.586458 0.018519 0.010417
0 0.741667 0.308854 0.022222 0.014583
0 0.409259 0.685937 0.027778 0.013542
0 0.997222 0.460938 0.014815 0.010417
0 0.487963 0.501042 0.029630 0.017708
0 0.908333 0.306250 0.025926 0.014583
0 0.485185 0.478125 0.027778 0.016667
0 0.996296 0.625521 0.024074 0.017708
0 0.725000 0.306250 0.037037 0.022917
0 0.692593 0.570833 0.020370 0.013542
0 0.871296 0.186979 0.011111 0.007292
0 0.885185 0.307812 0.024074 0.013542
0 0.627778 0.701562 0.020370 0.011458
0 0.732407 0.309375 0.031481 0.012500
0 0.769444 0.306771 0.031481 0.019792
0 0.852778 0.698438 0.029630 0.015625
0 0.770370 0.292708 0.024074 0.012500
0 0.950000 0.390104 0.016667 0.010417
0 0.694444 0.565104 0.016667 0.007292
0 0.865741 0.486458 0.024074 0.013542
0 0.780556 0.507292 0.025926 0.012500
0 0.822222 0.306771 0.024074 0.014583
0 0.766667 0.571354 0.024074 0.013542
0 0.812963 0.299479 0.024074 0.013542
0 0.812037 0.504167 0.027778 0.015625
0 0.820370 0.478646 0.018519 0.010417
0 0.766667 0.570833 0.025926 0.013542
0 0.811111 0.504167 0.027778 0.015625
0 0.829630 0.279687 0.024074 0.014583
0 0.815741 0.492188 0.018519 0.012500
0 0.780556 0.305208 0.022222 0.012500
0 0.996296 0.661979 0.007407 0.019792
0 0.851852 0.493750 0.024074 0.014583
0 0.789815 0.311458 0.022222 0.014583
0 0.841667 0.481771 0.022222 0.013542
0 0.787963 0.320312 0.024074 0.014583
0 0.875000 0.471875 0.020370 0.011458
0 0.884259 0.307292 0.024074 0.014583
0 0.995370 0.484896 0.005556 0.013542
0 0.933333 0.305729 0.024074 0.015625
0 0.987963 0.663021 0.022222 0.027083
0 0.996296 0.391667 0.005556 0.017708
0 0.997222 0.670312 0.003704 0.015625
0 0.994444 0.639062 0.007407 0.013542
0 0.995370 0.661979 0.005556 0.011458
0 0.993519 0.681771 0.011111 0.013542
0 0.997222 0.473958 0.003704 0.008333
0 0.075926 0.244792 0.031481 0.021875
0 0.073148 0.532292 0.037037 0.018750
0 0.872222 0.427083 0.022222 0.015625
0 0.106481 0.263021 0.029630 0.018750
0 0.210185 0.140104 0.024074 0.014583
0 0.128704 0.429167 0.035185 0.019792
0 0.133333 0.443750 0.035185 0.018750
0 0.108333 0.532813 0.033333 0.018750
0 0.175926 0.699479 0.027778 0.016667
0 0.428704 0.481771 0.020370 0.012500
0 0.111111 0.214583 0.037037 0.021875
0 0.363889 0.282292 0.035185 0.021875
0 0.079630 0.241146 0.020370 0.017708
0 0.043519 0.532813 0.027778 0.015625
0 0.371296 0.513542 0.020370 0.012500
0 0.010185 0.535937 0.020370 0.016667
0 0.835185 0.709375 0.027778 0.013542
