0 0.211111 0.359896 0.025926 0.012500
0 0.462037 0.570833 0.046296 0.026042
0 0.637963 0.266667 0.033333 0.019792
0 0.270370 0.513021 0.040741 0.022917
0 0.153704 0.673958 0.044444 0.025000
0 0.803704 0.526563 0.035185 0.018750
0 0.499074 0.479687 0.044444 0.025000
0 0.767593 0.375000 0.044444 0.022917
0 0.363889 0.730729 0.029630 0.017708
0 0.601852 0.716146 0.035185 0.021875
0 0.807407 0.380208 0.035185 0.019792
0 0.421296 0.758854 0.027778 0.017708
0 0.490741 0.209375 0.038889 0.023958
0 0.656481 0.539062 0.046296 0.025000
0 0.567593 0.719271 0.035185 0.019792
0 0.384259 0.249479 0.031481 0.018750
0 0.049074 0.469271 0.025926 0.013542
0 0.594444 0.277083 0.022222 0.013542
0 0.641667 0.517188 0.033333 0.016667
0 0.712037 0.270313 0.024074 0.013542
0 0.064815 0.252083 0.025926 0.015625
0 0.126852 0.686979 0.033333 0.019792
0 0.276852 0.681771 0.029630 0.017708
0 0.218519 0.426042 0.038889 0.020833
0 0.679630 0.483854 0.027778 0.015625
0 0.046296 0.668750 0.025926 0.014583
0 0.200926 0.772917 0.042593 0.025000
0 0.248148 0.348958 0.038889 0.021875
0 0.096296 0.282292 0.035185 0.017708
0 0.823148 0.335417 0.025926 0.013542
0 0.768519 0.576042 0.035185 0.019792
0 0.609259 0.257812 0.040741 0.026042
0 0.245370 0.647396 0.038889 0.018750
0 0.811111 0.573958 0.035185 0.018750
0 0.827778 0.509896 0.033333 0.018750
0 0.288889 0.708854 0.031481 0.018750
0 0.646296 0.688021 0.044444 0.023958
0 0.285185 0.372917 0.042593 0.021875
0 0.671296 0.499479 0.037037 0.022917
0 0.371296 0.662500 0.035185 0.020833
0 0.332407 0.768229 0.031481 0.017708
0 0.833333 0.560417 0.033333 0.019792
0 0.512037 0.718750 0.040741 0.020833
0 0.742593 0.429167 0.044444 0.025000
0 0.617593 0.243750 0.033333 0.019792
0 0.346296 0.657813 0.033333 0.018750
0 0.248148 0.658854 0.033333 0.014583
0 0.628704 0.548438 0.031481 0.017708
0 0.071296 0.673438 0.031481 0.016667
0 0.630556 0.571875 0.027778 0.016667
0 0.700000 0.277604 0.031481 0.017708
0 0.747222 0.517708 0.037037 0.021875
0 0.393519 0.766146 0.029630 0.017708
0 0.470370 0.542188 0.042593 0.022917
0 0.831481 0.540104 0.029630 0.017708
0 0.239815 0.360938 0.025926 0.010417
0 0.697222 0.634896 0.024074 0.014583
0 0.789815 0.558333 0.027778 0.016667
0 0.446296 0.208854 0.024074 0.013542
0 0.302778 0.540104 0.022222 0.013542
0 0.767593 0.534375 0.037037 0.019792
0 0.787963 0.346875 0.024074 0.013542
0 0.006481 0.443229 0.012963 0.012500
0 0.591667 0.547917 0.027778 0.016667
0 0.618519 0.526563 0.031481 0.019792
0 0.415741 0.628125 0.031481 0.017708
0 0.688889 0.284375 0.024074 0.014583
0 0.072222 0.263021 0.025926 0.014583
0 0.391667 0.443229 0.031481 0.018750
0 0.088889 0.644271 0.038889 0.017708
0 0.281481 0.669271 0.027778 0.014583
0 0.648148 0.701562 0.031481 0.015625
0 0.203704 0.637500 0.031481 0.017708
0 0.800926 0.569792 0.027778 0.017708
