0 0.012963 0.241146 0.018519 0.017708
0 0.012963 0.245833 0.025926 0.017708
0 0.016667 0.533333 0.033333 0.019792
0 0.767593 0.698958 0.027778 0.013542
0 0.034259 0.214062 0.037037 0.021875
0 0.817593 0.417708 0.024074 0.014583
0 0.040741 0.262500 0.031481 0.018750
0 0.124074 0.138542 0.025926 0.013542
0 0.057407 0.429688 0.037037 0.020833
0 0.063889 0.443750 0.037037 0.017708
0 0.050926 0.533333 0.033333 0.018750
0 0.118519 0.698958 0.025926 0.016667
0 0.123148 0.315625 0.029630 0.016667
0 0.097222 0.316667 0.024074 0.016667
0 0.276852 0.228646 0.029630 0.017708
0 0.272222 0.270313 0.027778 0.017708
0 0.088889 0.442708 0.029630 0.016667
0 0.071296 0.514583 0.016667 0.010417
0 0.100926 0.703125 0.027778 0.018750
0 0.115741 0.152083 0.025926 0.015625
0 0.472222 0.364583 0.027778 0.019792
0 0.114815 0.603125 0.029630 0.017708
0 0.137963 0.709375 0.035185 0.020833
0 0.095370 0.520312 0.024074 0.013542
0 0.164815 0.420833 0.050000 0.028125
0 0.104630 0.484896 0.033333 0.016667
0 0.132407 0.155208 0.022222 0.014583
0 0.664815 0.301563 0.035185 0.015625
0 0.278704 0.720833 0.035185 0.020833
0 0.263889 0.284375 0.031481 0.015625
0 0.638889 0.335417 0.025926 0.015625
0 0.254630 0.712500 0.025926 0.015625
0 0.299074 0.626563 0.031481 0.016667
0 0.284259 0.701042 0.033333 0.022917
0 0.216667 0.548438 0.029630 0.013542
0 0.261111 0.665625 0.033333 0.020833
0 0.243519 0.450521 0.044444 0.026042
0 0.260185 0.686458 0.031481 0.017708
0 0.208333 0.579167 0.014815 0.018750
0 0.204630 0.432292 0.046296 0.026042
0 0.180556 0.448437 0.050000 0.026042
0 0.117593 0.517708 0.025926 0.014583
0 0.148148 0.680208 0.035185 0.022917
0 0.997222 0.470313 0.003704 0.008333
0 0.993519 0.683333 0.011111 0.014583
0 0.995370 0.663021 0.007407 0.012500
0 0.993519 0.646875 0.007407 0.015625
0 0.997222 0.665104 0.003704 0.015625
0 0.997222 0.383854 0.005556 0.016667
0 0.988889 0.664583 0.022222 0.026042
0 0.869444 0.295312 0.024074 0.014583
0 0.943519 0.473438 0.029630 0.014583
0 0.822222 0.297917 0.024074 0.013542
0 0.818519 0.461979 0.018519 0.010417
0 0.728704 0.311458 0.022222 0.014583
0 0.784259 0.472396 0.022222 0.013542
0 0.730556 0.302083 0.020370 0.013542
0 0.796296 0.483854 0.025926 0.013542
0 0.996296 0.665104 0.007407 0.019792
0 0.713889 0.298438 0.022222 0.012500
0 0.757407 0.483854 0.020370 0.013542
0 0.765741 0.269792 0.024074 0.013542
0 0.751852 0.494792 0.027778 0.015625
0 0.712037 0.563021 0.024074 0.014583
0 0.762037 0.469792 0.020370 0.011458
0 0.752778 0.495312 0.027778 0.014583
0 0.761111 0.290104 0.020370 0.010417
0 0.712037 0.561979 0.024074 0.014583
0 0.762963 0.298438 0.022222 0.012500
0 0.720370 0.498437 0.031481 0.013542
0 0.810185 0.477083 0.024074 0.014583
0 0.635185 0.558333 0.016667 0.008333
0 0.883333 0.380208 0.016667 0.010417
0 0.698148 0.285417 0.025926 0.013542
0 0.788889 0.688542 0.027778 0.016667
0 0.698148 0.298958 0.031481 0.019792
0 0.659259 0.302083 0.031481 0.013542
0 0.654630 0.533854 0.025926 0.015625
0 0.557407 0.694271 0.022222 0.011458
0 0.822222 0.297396 0.024074 0.013542
0 0.803704 0.177083 0.011111 0.007292
0 0.636111 0.563021 0.020370 0.014583
0 0.639815 0.299479 0.033333 0.020833
0 0.996296 0.623437 0.024074 0.017708
0 0.424074 0.473438 0.031481 0.017708
0 0.844444 0.295833 0.024074 0.014583
0 0.426852 0.496354 0.029630 0.016667
0 0.989815 0.451042 0.016667 0.011458
0 0.350926 0.681771 0.027778 0.013542
0 0.422222 0.582292 0.018519 0.010417
