0 0.997222 0.663542 0.003704 0.015625
0 0.993519 0.647396 0.007407 0.014583
0 0.995370 0.663021 0.007407 0.012500
0 0.993519 0.682292 0.011111 0.014583
0 0.997222 0.470313 0.003704 0.008333
0 0.996296 0.388021 0.005556 0.017708
0 0.988889 0.666667 0.022222 0.026042
0 0.881481 0.300521 0.025926 0.014583
0 0.953704 0.479167 0.027778 0.015625
0 0.655556 0.339062 0.025926 0.015625
0 0.262963 0.715625 0.025926 0.016667
0 0.311111 0.629687 0.029630 0.015625
0 0.294444 0.704688 0.035185 0.021875
0 0.228704 0.551042 0.029630 0.013542
0 0.272222 0.668229 0.033333 0.019792
0 0.257407 0.453646 0.044444 0.025000
0 0.271296 0.689583 0.031481 0.018750
0 0.218519 0.582292 0.014815 0.018750
0 0.218519 0.435937 0.044444 0.027083
0 0.109259 0.705729 0.029630 0.017708
0 0.134259 0.155729 0.024074 0.014583
0 0.487963 0.368229 0.027778 0.019792
0 0.125926 0.605729 0.029630 0.017708
0 0.147222 0.711979 0.033333 0.019792
0 0.151852 0.159896 0.022222 0.014583
0 0.104630 0.522917 0.024074 0.013542
0 0.113889 0.486979 0.033333 0.016667
0 0.180556 0.424479 0.050000 0.028125
0 0.158333 0.682813 0.035185 0.021875
0 0.126852 0.520312 0.025926 0.013542
0 0.195370 0.451562 0.053704 0.027083
0 0.833333 0.303125 0.024074 0.014583
0 0.828704 0.466667 0.020370 0.010417
0 0.737037 0.316667 0.020370 0.013542
0 0.793519 0.477083 0.022222 0.013542
0 0.740741 0.306771 0.020370 0.013542
0 0.805556 0.488542 0.024074 0.013542
0 0.996296 0.665104 0.007407 0.019792
0 0.725926 0.303646 0.020370 0.012500
0 0.767593 0.488021 0.020370 0.012500
0 0.776852 0.275521 0.024074 0.013542
0 0.762037 0.499479 0.027778 0.015625
0 0.721296 0.567187 0.024074 0.014583
0 0.772222 0.473958 0.020370 0.010417
0 0.762963 0.500000 0.025926 0.015625
0 0.766667 0.295312 0.025926 0.013542
0 0.720370 0.566667 0.024074 0.014583
0 0.773148 0.303125 0.022222 0.014583
0 0.729630 0.502604 0.029630 0.013542
0 0.819444 0.481771 0.024074 0.014583
0 0.646296 0.562500 0.016667 0.008333
0 0.895370 0.384896 0.016667 0.010417
0 0.712963 0.290104 0.024074 0.012500
0 0.800926 0.693229 0.029630 0.016667
0 0.712037 0.304167 0.031481 0.019792
0 0.674074 0.307292 0.031481 0.013542
0 0.668519 0.538021 0.024074 0.015625
0 0.570370 0.697917 0.022222 0.011458
0 0.834259 0.303125 0.024074 0.013542
0 0.816667 0.182812 0.009259 0.008333
0 0.644444 0.567187 0.018519 0.013542
0 0.656481 0.304167 0.033333 0.020833
0 0.996296 0.625521 0.024074 0.017708
0 0.436111 0.477083 0.031481 0.016667
0 0.855556 0.301042 0.024074 0.014583
0 0.438889 0.500521 0.029630 0.017708
0 0.996296 0.455208 0.014815 0.010417
0 0.361111 0.685417 0.027778 0.013542
0 0.677778 0.306250 0.037037 0.015625
0 0.434259 0.585938 0.018519 0.010417
0 0.286111 0.724479 0.035185 0.019792
0 0.277778 0.288021 0.033333 0.016667
0 0.050926 0.217708 0.037037 0.020833
0 0.779630 0.703646 0.027778 0.013542
0 0.026852 0.535417 0.037037 0.019792
0 0.024074 0.246875 0.031481 0.019792
0 0.027778 0.244271 0.020370 0.017708
0 0.312037 0.282292 0.031481 0.017708
0 0.378704 0.482292 0.020370 0.013542
0 0.062037 0.535937 0.033333 0.017708
0 0.077778 0.446354 0.035185 0.017708
0 0.071296 0.432292 0.035185 0.020833
0 0.143519 0.142708 0.024074 0.014583
0 0.103704 0.445312 0.029630 0.017708
0 0.285185 0.273958 0.029630 0.016667
0 0.292593 0.232292 0.031481 0.017708
0 0.111111 0.320312 0.024074 0.017708
0 0.137963 0.318229 0.031481 0.015625
0 0.129630 0.702083 0.027778 0.016667
0 0.081481 0.516667 0.016667 0.010417
0 0.055556 0.265625 0.031481 0.018750
0 0.826852 0.422396 0.022222 0.014583
