0 0.518519 0.461979 0.027778 0.015625
0 0.995370 0.377604 0.009259 0.022917
0 0.995370 0.596875 0.009259 0.023958
0 0.994444 0.261979 0.009259 0.016667
0 0.970370 0.672396 0.038889 0.019792
0 1.003704 0.517188 0.094444 0.045833
0 0.940741 0.733854 0.035185 0.017708
0 0.992593 0.557813 0.012963 0.025000
0 0.993519 0.402604 0.011111 0.020833
0 0.996296 0.440104 0.003704 0.015625
0 0.994444 0.671875 0.007407 0.019792
0 0.970370 0.794792 0.031481 0.018750
0 0.992593 0.606771 0.012963 0.022917
0 0.992593 0.750521 0.012963 0.023958
0 0.996296 0.394271 0.003704 0.012500
0 0.992593 0.675000 0.012963 0.020833
0 0.959259 0.683854 0.033333 0.016667
0 1.011111 0.445312 0.048148 0.036458
0 0.638889 0.694271 0.029630 0.017708
0 1.011111 0.320312 0.044444 0.028125
0 0.994444 0.505729 0.011111 0.017708
0 1.011111 0.792708 0.033333 0.018750
0 0.995370 0.537500 0.009259 0.020833
0 0.656481 0.688542 0.022222 0.013542
0 0.993519 0.692187 0.035185 0.015625
0 0.937037 0.663542 0.024074 0.015625
0 0.995370 0.653125 0.029630 0.013542
0 0.990741 0.523438 0.016667 0.027083
0 0.354630 0.656771 0.025926 0.016667
0 0.006481 0.488542 0.012963 0.013542
0 0.016667 0.481250 0.024074 0.014583
0 0.050926 0.257292 0.027778 0.014583
0 0.049074 0.473958 0.024074 0.015625
0 0.075926 0.285938 0.024074 0.013542
0 0.724074 0.641146 0.033333 0.019792
0 0.086111 0.474479 0.025926 0.014583
0 0.097222 0.290104 0.022222 0.014583
0 0.099074 0.465104 0.024074 0.011458
0 0.110185 0.300000 0.024074 0.013542
0 0.815741 0.797396 0.038889 0.026042
0 0.119444 0.453646 0.027778 0.011458
0 0.135185 0.286979 0.027778 0.015625
0 0.604630 0.276562 0.025926 0.015625
0 0.148148 0.466146 0.029630 0.015625
0 0.169444 0.285938 0.024074 0.014583
0 0.178704 0.378125 0.031481 0.019792
0 0.231481 0.395313 0.018519 0.009375
0 0.176852 0.407813 0.022222 0.013542
0 0.613889 0.514583 0.022222 0.013542
0 0.191667 0.373437 0.020370 0.013542
0 0.396296 0.677604 0.035185 0.020833
0 0.884259 0.307812 0.022222 0.012500
0 0.386111 0.703125 0.031481 0.017708
0 0.992593 0.673438 0.012963 0.025000
0 0.629630 0.568229 0.022222 0.013542
0 0.451852 0.655729 0.022222 0.011458
0 0.449074 0.670312 0.037037 0.019792
0 1.008333 0.504687 0.031481 0.020833
0 0.970370 0.672917 0.037037 0.019792
0 0.424074 0.702604 0.029630 0.018750
0 0.446296 0.679167 0.024074 0.012500
0 0.947222 0.568229 0.018519 0.010417
0 1.012037 0.664583 0.040741 0.021875
0 0.695370 0.702083 0.027778 0.014583
0 0.521296 0.342708 0.029630 0.017708
0 0.583333 0.285417 0.027778 0.013542
0 0.815741 0.665625 0.044444 0.021875
0 0.521296 0.362500 0.027778 0.015625
0 0.994444 0.507292 0.020370 0.011458
0 0.847222 0.709896 0.042593 0.023958
0 0.541667 0.378125 0.029630 0.014583
0 0.546296 0.651563 0.029630 0.017708
0 0.994444 0.610938 0.009259 0.023958
0 0.973148 0.538021 0.044444 0.022917
0 0.885185 0.699479 0.051852 0.025000
0 0.993519 0.536458 0.011111 0.017708
0 0.993519 0.532813 0.012963 0.022917
0 1.000926 0.757812 0.020370 0.020833
0 0.994444 0.691667 0.009259 0.014583
0 0.986111 0.770833 0.016667 0.008333
0 0.994444 0.224479 0.009259 0.018750
0 0.995370 0.494792 0.007407 0.021875
0 0.991667 0.737500 0.016667 0.015625
0 0.897222 0.276562 0.022222 0.015625
0 0.544444 0.489583 0.024074 0.013542
0 0.997222 0.537500 0.024074 0.017708
0 0.848148 0.709896 0.038889 0.022917
0 0.945370 0.706771 0.031481 0.016667
0 0.945370 0.452083 0.038889 0.020833
0 0.608333 0.688542 0.025926 0.016667
0 0.793519 0.785937 0.029630 0.019792
