0 0.064815 0.534375 0.037037 0.018750
0 0.066667 0.246875 0.029630 0.021875
0 0.071296 0.243229 0.020370 0.017708
0 0.354630 0.283854 0.035185 0.019792
0 0.418519 0.483333 0.020370 0.013542
0 0.035185 0.534896 0.027778 0.015625
0 0.363889 0.514062 0.020370 0.012500
0 0.005556 0.538021 0.011111 0.016667
0 0.922222 0.306771 0.024074 0.015625
0 0.987963 0.663542 0.022222 0.027083
0 0.995370 0.663021 0.005556 0.011458
0 0.994444 0.640104 0.007407 0.014583
0 0.997222 0.670833 0.003704 0.015625
0 0.995370 0.393750 0.005556 0.017708
0 0.997222 0.474479 0.003704 0.008333
0 0.989815 0.485417 0.020370 0.015625
0 0.993519 0.681250 0.011111 0.013542
0 0.823148 0.709896 0.029630 0.013542
0 0.100926 0.216667 0.035185 0.021875
0 0.862963 0.427604 0.024074 0.014583
0 0.097222 0.265104 0.029630 0.017708
0 0.198148 0.142187 0.024074 0.014583
0 0.118519 0.431250 0.037037 0.019792
0 0.123148 0.445833 0.035185 0.018750
0 0.099074 0.534896 0.031481 0.018750
0 0.166667 0.701042 0.027778 0.016667
0 0.176852 0.318750 0.029630 0.014583
0 0.153704 0.319792 0.027778 0.018750
0 0.338889 0.233333 0.031481 0.016667
0 0.329630 0.275000 0.029630 0.016667
0 0.148148 0.444271 0.027778 0.016667
0 0.117593 0.514583 0.016667 0.009375
0 0.145370 0.705208 0.029630 0.018750
0 0.189815 0.155208 0.025926 0.014583
0 0.539815 0.371354 0.025926 0.018750
0 0.164815 0.605729 0.033333 0.017708
0 0.186111 0.711458 0.035185 0.020833
0 0.680556 0.571875 0.018519 0.013542
0 0.205556 0.159375 0.022222 0.014583
0 0.137037 0.521875 0.022222 0.013542
0 0.151852 0.486979 0.031481 0.016667
0 0.230556 0.422917 0.048148 0.029167
0 0.196296 0.682292 0.035185 0.022917
0 0.159259 0.519792 0.024074 0.013542
0 0.242593 0.451562 0.046296 0.026042
0 0.268519 0.435937 0.048148 0.028125
0 0.254630 0.582812 0.014815 0.019792
0 0.312037 0.690104 0.031481 0.018750
0 0.305556 0.453646 0.046296 0.025000
0 0.312037 0.669792 0.033333 0.020833
0 0.266667 0.551562 0.029630 0.013542
0 0.334259 0.705208 0.035185 0.021875
0 0.350926 0.630729 0.031481 0.015625
0 0.297222 0.716667 0.027778 0.015625
0 0.711111 0.342708 0.025926 0.015625
0 0.323148 0.288542 0.033333 0.016667
0 0.317593 0.725521 0.033333 0.020833
0 0.477778 0.588021 0.018519 0.010417
0 0.730556 0.309896 0.022222 0.014583
0 0.400000 0.687500 0.027778 0.013542
0 0.997222 0.458333 0.014815 0.010417
0 0.478704 0.502604 0.029630 0.017708
0 0.897222 0.307292 0.025926 0.014583
0 0.475000 0.479687 0.027778 0.016667
0 0.997222 0.627083 0.024074 0.017708
0 0.711111 0.308333 0.035185 0.022917
0 0.873148 0.308333 0.024074 0.013542
0 0.864815 0.472917 0.020370 0.011458
0 0.776852 0.321354 0.022222 0.014583
0 0.832407 0.482292 0.022222 0.012500
0 0.780556 0.311979 0.018519 0.013542
0 0.841667 0.494271 0.024074 0.014583
0 0.996296 0.664062 0.007407 0.019792
0 0.768519 0.306250 0.022222 0.012500
0 0.804630 0.493229 0.018519 0.012500
0 0.819444 0.280729 0.024074 0.014583
0 0.800000 0.504687 0.027778 0.015625
0 0.755556 0.571354 0.024074 0.013542
0 0.809259 0.479687 0.018519 0.010417
0 0.800926 0.504687 0.027778 0.015625
0 0.807407 0.301042 0.025926 0.013542
0 0.756481 0.572396 0.024074 0.014583
0 0.812037 0.307292 0.024074 0.013542
0 0.767593 0.507812 0.033333 0.013542
0 0.855556 0.486979 0.024074 0.013542
0 0.683333 0.566146 0.014815 0.007292
0 0.937963 0.390625 0.016667 0.009375
0 0.758333 0.294271 0.024074 0.012500
0 0.841667 0.699479 0.029630 0.016667
0 0.757407 0.308333 0.031481 0.019792
0 0.719444 0.311458 0.031481 0.013542
0 0.614815 0.702604 0.020370 0.011458
0 0.874074 0.308854 0.024074 0.014583
0 0.861111 0.188542 0.011111 0.007292
