0 0.778704 0.771354 0.024074 0.014583
0 0.990741 0.537500 0.016667 0.026042
0 0.299074 0.450000 0.029630 0.015625
0 0.875000 0.633854 0.035185 0.015625
0 1.002778 0.295312 0.022222 0.015625
0 0.324074 0.307812 0.018519 0.009375
0 0.675926 0.538542 0.027778 0.015625
0 0.992593 0.536979 0.033333 0.018750
0 0.990741 0.575521 0.016667 0.018750
0 0.655556 0.646875 0.024074 0.015625
0 0.989815 0.693750 0.035185 0.020833
0 0.433333 0.675521 0.020370 0.013542
0 0.949074 0.548438 0.042593 0.022917
0 0.993519 0.522917 0.011111 0.018750
0 0.985185 0.278125 0.025926 0.015625
0 0.687037 0.665625 0.035185 0.016667
0 1.003704 0.266667 0.027778 0.015625
0 0.996296 0.417708 0.005556 0.015625
0 0.967593 0.722917 0.042593 0.022917
0 0.992593 0.597396 0.011111 0.020833
0 0.725926 0.773438 0.031481 0.018750
0 0.805556 0.665104 0.038889 0.023958
0 0.995370 0.485417 0.005556 0.018750
0 0.782407 0.381771 0.042593 0.022917
0 0.994444 0.681250 0.011111 0.020833
0 0.690741 0.714583 0.031481 0.018750
0 1.004630 0.503125 0.055556 0.027083
0 0.986111 0.590625 0.025926 0.020833
0 0.691667 0.654687 0.037037 0.019792
0 0.992593 0.262500 0.012963 0.022917
0 0.995370 0.594792 0.007407 0.022917
0 0.986111 0.335938 0.029630 0.017708
0 0.754630 0.358854 0.040741 0.022917
0 0.585185 0.781250 0.038889 0.021875
0 0.387037 0.677083 0.025926 0.016667
0 0.658333 0.434896 0.037037 0.020833
0 0.687963 0.688021 0.029630 0.018750
0 0.574074 0.694271 0.037037 0.022917
0 0.477778 0.265104 0.031481 0.019792
0 1.000926 0.520312 0.024074 0.018750
0 0.334259 0.477604 0.025926 0.013542
0 0.675000 0.255208 0.031481 0.018750
0 0.999074 0.723958 0.016667 0.016667
0 0.995370 0.530729 0.007407 0.020833
0 0.943519 0.218229 0.040741 0.025000
0 0.806481 0.763021 0.029630 0.015625
0 1.000000 0.370312 0.033333 0.023958
0 0.993519 0.714063 0.012963 0.018750
0 0.760185 0.734896 0.031481 0.016667
0 0.988889 0.392188 0.020370 0.022917
0 0.990741 0.487500 0.018519 0.025000
0 0.992593 0.550000 0.011111 0.017708
0 0.606481 0.681250 0.044444 0.025000
0 0.696296 0.520312 0.042593 0.022917
0 0.992593 0.270833 0.031481 0.015625
0 0.910185 0.576562 0.048148 0.027083
0 0.323148 0.641146 0.031481 0.016667
0 0.302778 0.364583 0.027778 0.015625
0 0.574074 0.694271 0.040741 0.021875
0 0.990741 0.483333 0.022222 0.011458
0 0.286111 0.351042 0.033333 0.018750
0 0.991667 0.588542 0.012963 0.019792
0 0.000000 0.000000 0.000000 0.000000
0 0.540741 0.651563 0.040741 0.022917
0 0.381481 0.258854 0.018519 0.020833
0 0.276852 0.328646 0.033333 0.016667
0 0.480556 0.686979 0.025926 0.014583
0 0.848148 0.661458 0.027778 0.016667
0 0.672222 0.549479 0.022222 0.012500
0 0.202778 0.671875 0.035185 0.017708
0 0.184259 0.696875 0.029630 0.017708
0 0.775000 0.660937 0.033333 0.020833
0 0.992593 0.450521 0.027778 0.017708
0 0.191667 0.664062 0.037037 0.019792
0 0.194444 0.649479 0.024074 0.012500
0 0.409259 0.555208 0.022222 0.013542
0 0.806481 0.665625 0.040741 0.023958
0 0.145370 0.697917 0.033333 0.019792
0 1.007407 0.569792 0.029630 0.017708
0 0.414815 0.681771 0.029630 0.016667
0 1.005556 0.539583 0.025926 0.019792
0 0.774074 0.660937 0.037037 0.020833
0 0.023148 0.386979 0.016667 0.013542
0 0.139815 0.673438 0.035185 0.019792
0 0.675000 0.288021 0.022222 0.013542
