0 0.947222 0.583854 0.025926 0.016667
0 0.972222 0.291667 0.024074 0.015625
0 0.992593 0.529167 0.011111 0.019792
0 0.695370 0.782813 0.025926 0.014583
0 0.854630 0.558854 0.040741 0.021875
0 0.356481 0.681771 0.020370 0.012500
0 0.958333 0.714063 0.025926 0.015625
0 0.560185 0.656771 0.025926 0.017708
0 0.990741 0.584896 0.016667 0.019792
0 1.002778 0.647917 0.027778 0.015625
0 0.992593 0.553646 0.033333 0.019792
0 0.592593 0.546354 0.027778 0.016667
0 0.258333 0.310417 0.018519 0.009375
0 0.967593 0.294792 0.022222 0.014583
0 0.781481 0.643750 0.035185 0.015625
0 0.913889 0.540625 0.022222 0.012500
0 0.992593 0.553125 0.016667 0.023958
0 0.237037 0.453125 0.027778 0.015625
0 0.594444 0.675000 0.033333 0.015625
0 0.927778 0.558333 0.025926 0.019792
0 0.337963 0.688021 0.029630 0.016667
0 0.917593 0.734896 0.033333 0.017708
0 0.050000 0.677083 0.037037 0.019792
0 0.628704 0.294271 0.024074 0.011458
0 0.061111 0.702083 0.033333 0.019792
0 0.712963 0.674479 0.031481 0.019792
0 0.342593 0.559896 0.025926 0.014583
0 0.107407 0.653125 0.025926 0.014583
0 0.102778 0.668229 0.037037 0.019792
0 0.989815 0.444271 0.029630 0.018750
0 0.688889 0.670312 0.033333 0.019792
0 0.100926 0.701042 0.033333 0.018750
0 0.123148 0.676042 0.031481 0.017708
0 0.600926 0.559375 0.022222 0.013542
0 0.774074 0.670833 0.037037 0.019792
0 0.409259 0.693229 0.027778 0.014583
0 0.212963 0.330729 0.037037 0.017708
0 0.283333 0.261979 0.018519 0.019792
0 0.445370 0.658854 0.038889 0.021875
0 -0.075926 0.337500 0.000000 0.000000
0 0.991667 0.596354 0.012963 0.019792
0 0.222222 0.351562 0.033333 0.015625
0 0.950926 0.494792 0.022222 0.012500
0 0.478704 0.703646 0.035185 0.019792
0 0.238889 0.367708 0.029630 0.015625
0 0.250926 0.645833 0.031481 0.017708
0 0.821296 0.586979 0.050000 0.027083
0 0.980556 0.282813 0.031481 0.015625
0 0.611111 0.528125 0.040741 0.022917
0 0.510185 0.690625 0.040741 0.023958
0 0.992593 0.550000 0.012963 0.018750
0 0.907407 0.496875 0.048148 0.025000
0 0.988889 0.398438 0.020370 0.022917
0 0.676852 0.745833 0.031481 0.017708
0 0.950926 0.731771 0.035185 0.019792
0 1.001852 0.381771 0.031481 0.021875
0 0.724074 0.774479 0.025926 0.016667
0 0.861111 0.226042 0.042593 0.023958
0 0.993519 0.553646 0.011111 0.023958
0 0.622222 0.260937 0.029630 0.018750
0 0.275000 0.480729 0.024074 0.014583
0 0.931481 0.528646 0.033333 0.017708
0 0.981481 0.289583 0.018519 0.014583
0 0.382407 0.269271 0.031481 0.018750
0 0.479630 0.703646 0.037037 0.021875
0 0.601852 0.697396 0.031481 0.017708
0 0.572222 0.441667 0.038889 0.021875
0 0.311111 0.682813 0.024074 0.016667
0 0.498148 0.790104 0.042593 0.022917
0 0.659259 0.366667 0.042593 0.023958
0 0.407407 0.292708 0.025926 0.014583
0 0.985185 0.339583 0.029630 0.017708
0 0.995370 0.598958 0.007407 0.021875
0 0.976852 0.274479 0.038889 0.022917
0 0.599074 0.664062 0.035185 0.020833
0 0.987037 0.593750 0.025926 0.020833
0 1.000926 0.506771 0.048148 0.022917
0 0.604630 0.723958 0.031481 0.018750
0 0.983333 0.702604 0.033333 0.023958
0 0.687963 0.390104 0.042593 0.022917
0 0.996296 0.499479 0.007407 0.019792
0 0.714815 0.676562 0.040741 0.023958
0 0.641667 0.784375 0.031481 0.018750
0 0.993519 0.588021 0.012963 0.020833
0 0.875000 0.735417 0.042593 0.021875
0 0.995370 0.428125 0.005556 0.016667
0 0.987037 0.261458 0.027778 0.015625
0 0.687963 0.670312 0.033333 0.020833
