0 0.835185 0.553125 0.027778 0.016667
0 0.833333 0.531771 0.027778 0.015625
0 0.698148 0.638542 0.035185 0.015625
0 1.003704 0.366667 0.027778 0.013542
0 0.991667 0.540104 0.024074 0.025000
0 0.171296 0.448958 0.025926 0.016667
0 0.349074 0.689583 0.027778 0.014583
0 0.567593 0.286979 0.024074 0.012500
0 0.003704 0.700521 0.007407 0.019792
0 0.276852 0.557292 0.024074 0.015625
0 0.629630 0.668229 0.029630 0.019792
0 0.031481 0.652604 0.027778 0.014583
0 0.025926 0.667708 0.038889 0.020833
0 0.906481 0.436458 0.031481 0.019792
0 0.611111 0.665104 0.035185 0.020833
0 0.030556 0.700000 0.033333 0.017708
0 0.053704 0.675000 0.031481 0.016667
0 0.545370 0.555729 0.024074 0.012500
0 0.697222 0.664583 0.033333 0.018750
0 0.876852 0.705729 0.024074 0.014583
0 0.989815 0.575000 0.018519 0.020833
0 0.945370 0.641146 0.025926 0.014583
0 1.011111 0.558854 0.035185 0.020833
0 0.514815 0.541146 0.029630 0.016667
0 0.646296 0.452083 0.038889 0.023958
0 0.181481 0.305729 0.020370 0.009375
0 0.136111 0.326562 0.033333 0.017708
0 0.174074 0.256250 0.016667 0.018750
0 0.362037 0.655729 0.037037 0.020833
0 0.891667 0.251042 0.027778 0.015625
0 0.611111 0.664583 0.037037 0.021875
0 0.515741 0.670312 0.035185 0.015625
0 0.845370 0.553125 0.025926 0.018750
0 0.275000 0.684896 0.029630 0.016667
0 0.865741 0.576562 0.024074 0.015625
0 0.888889 0.282292 0.031481 0.017708
0 0.993519 0.523958 0.012963 0.020833
0 0.625926 0.775521 0.027778 0.015625
0 0.765741 0.551562 0.040741 0.021875
0 0.293519 0.680208 0.022222 0.012500
0 0.477778 0.652083 0.027778 0.017708
0 0.875000 0.285938 0.024074 0.015625
0 -0.075926 0.337500 0.000000 0.000000
0 0.991667 0.578125 0.012963 0.018750
0 0.148148 0.347396 0.029630 0.014583
0 0.880556 0.486979 0.022222 0.013542
0 0.396296 0.700521 0.037037 0.022917
0 0.166667 0.363542 0.027778 0.015625
0 0.186111 0.643229 0.031481 0.018750
0 0.737037 0.580208 0.050000 0.027083
0 0.887963 0.272917 0.029630 0.015625
0 0.528704 0.522917 0.038889 0.021875
0 0.431481 0.687500 0.038889 0.023958
0 0.992593 0.541667 0.014815 0.021875
0 0.811111 0.489583 0.046296 0.025000
0 0.987963 0.374479 0.018519 0.021875
0 0.605556 0.739583 0.029630 0.017708
0 0.870370 0.723437 0.035185 0.019792
0 1.000000 0.389062 0.029630 0.020833
0 0.655556 0.767708 0.025926 0.015625
0 0.767593 0.217188 0.040741 0.025000
0 0.928704 0.546354 0.048148 0.025000
0 0.838889 0.727083 0.035185 0.018750
0 0.554630 0.253646 0.029630 0.019792
0 0.212963 0.477604 0.025926 0.014583
0 0.858333 0.520833 0.035185 0.017708
0 0.903704 0.273958 0.020370 0.014583
0 0.278704 0.262500 0.029630 0.017708
0 0.398148 0.699479 0.035185 0.022917
0 0.526852 0.692187 0.031481 0.017708
0 0.486111 0.435937 0.037037 0.020833
0 0.957407 0.491146 0.022222 0.010417
0 0.247222 0.679688 0.025926 0.014583
0 0.434259 0.785937 0.044444 0.022917
0 0.560185 0.360417 0.040741 0.023958
0 0.325926 0.283333 0.025926 0.014583
0 0.986111 0.338021 0.031481 0.017708
0 0.990741 0.580208 0.016667 0.020833
0 0.883333 0.264062 0.040741 0.025000
0 0.517593 0.658854 0.037037 0.020833
0 0.987963 0.579167 0.024074 0.018750
0 0.995370 0.509896 0.005556 0.018750
0 0.533333 0.719271 0.033333 0.018750
0 0.908333 0.694271 0.044444 0.025000
0 0.589815 0.383854 0.042593 0.022917
0 0.958333 0.506771 0.038889 0.021875
0 0.639815 0.672917 0.033333 0.018750
0 0.572222 0.778646 0.029630 0.018750
0 0.992593 0.576562 0.011111 0.019792
0 0.793519 0.728125 0.046296 0.020833
0 0.995370 0.430208 0.005556 0.017708
