0 0.172222 0.579688 0.014815 0.018750
0 0.220370 0.688542 0.031481 0.017708
0 0.198148 0.450521 0.046296 0.025000
0 0.222222 0.667708 0.033333 0.020833
0 0.179630 0.549479 0.029630 0.012500
0 0.246296 0.703125 0.035185 0.021875
0 0.261111 0.627604 0.033333 0.016667
0 0.222222 0.714583 0.027778 0.016667
0 0.589815 0.332813 0.025926 0.015625
0 0.225926 0.284375 0.031481 0.017708
0 0.249074 0.722396 0.035185 0.020833
0 0.381481 0.582812 0.018519 0.010417
0 0.622222 0.299479 0.038889 0.015625
0 0.313889 0.683333 0.027778 0.013542
0 0.979630 0.448958 0.016667 0.011458
0 0.389815 0.496354 0.029630 0.016667
0 0.811111 0.293229 0.024074 0.014583
0 0.387963 0.473438 0.031481 0.016667
0 0.594444 0.296875 0.029630 0.018750
0 0.610185 0.562500 0.024074 0.014583
0 0.769444 0.173958 0.011111 0.008333
0 0.788889 0.295833 0.024074 0.013542
0 0.528704 0.693750 0.022222 0.011458
0 0.618519 0.533333 0.025926 0.015625
0 0.997222 0.624479 0.024074 0.017708
0 0.789815 0.415625 0.024074 0.013542
0 0.007407 0.263021 0.014815 0.017708
0 0.072222 0.136979 0.024074 0.013542
0 0.015741 0.430729 0.031481 0.020833
0 0.020370 0.444792 0.037037 0.018750
0 0.015741 0.535417 0.031481 0.018750
0 0.081481 0.701562 0.027778 0.016667
0 0.087037 0.315625 0.035185 0.016667
0 0.062037 0.316667 0.027778 0.017708
0 0.234259 0.226562 0.031481 0.016667
0 0.231481 0.268750 0.029630 0.017708
0 0.046296 0.443750 0.031481 0.016667
0 0.038889 0.517188 0.018519 0.010417
0 0.066667 0.705729 0.029630 0.017708
0 0.062963 0.150521 0.025926 0.015625
0 0.432407 0.364063 0.033333 0.020833
0 0.076852 0.605729 0.029630 0.017708
0 0.100926 0.711979 0.035185 0.020833
0 0.082407 0.154167 0.024074 0.014583
0 0.064815 0.521875 0.024074 0.014583
0 0.069444 0.485938 0.035185 0.016667
0 0.117593 0.420833 0.050000 0.029167
0 0.111111 0.682292 0.037037 0.022917
0 0.087037 0.519271 0.025926 0.014583
0 0.133333 0.449479 0.050000 0.025000
0 0.157407 0.433333 0.046296 0.027083
0 0.617593 0.299479 0.037037 0.015625
0 0.658333 0.297396 0.031481 0.018750
0 0.756481 0.688021 0.027778 0.015625
0 0.658333 0.282813 0.024074 0.012500
0 0.849074 0.378125 0.016667 0.010417
0 0.602778 0.557813 0.016667 0.008333
0 0.780556 0.475521 0.024074 0.013542
0 0.689815 0.497396 0.031481 0.013542
0 0.732407 0.296354 0.022222 0.013542
0 0.682407 0.561458 0.024074 0.013542
0 0.729630 0.288542 0.022222 0.011458
0 0.721296 0.493750 0.027778 0.015625
0 0.731481 0.468229 0.022222 0.011458
0 0.681481 0.561458 0.025926 0.013542
0 0.721296 0.493750 0.027778 0.015625
0 0.731481 0.267188 0.025926 0.013542
0 0.726852 0.482292 0.020370 0.013542
0 0.679630 0.296875 0.022222 0.012500
0 0.996296 0.666146 0.007407 0.019792
0 0.766667 0.482292 0.024074 0.013542
0 0.700000 0.300521 0.020370 0.012500
0 0.754630 0.470833 0.022222 0.013542
0 0.698148 0.310937 0.022222 0.013542
0 0.789815 0.460417 0.020370 0.010417
0 0.790741 0.295312 0.024074 0.013542
0 0.911111 0.471875 0.027778 0.015625
0 0.837963 0.292708 0.025926 0.015625
0 0.989815 0.667708 0.022222 0.026042
0 0.975926 0.381771 0.033333 0.017708
0 0.997222 0.495833 0.003704 0.016667
0 0.992593 0.654687 0.014815 0.016667
0 0.997222 0.664583 0.003704 0.015625
0 0.995370 0.726562 0.005556 0.016667
0 0.994444 0.647917 0.009259 0.015625
0 0.994444 0.664583 0.007407 0.013542
0 0.996296 0.448958 0.007407 0.020833
0 0.992593 0.686979 0.011111 0.014583
0 0.997222 0.470833 0.003704 0.009375
