0 0.010185 0.735938 0.020370 0.021875
0 0.070370 0.595833 0.022222 0.010417
0 0.371296 0.306771 0.027778 0.017708
0 0.049074 0.697917 0.040741 0.021875
0 0.987963 0.449479 0.027778 0.012500
0 0.118519 0.505729 0.031481 0.017708
0 0.596296 0.300521 0.022222 0.014583
0 0.125926 0.482812 0.031481 0.014583
0 1.002778 0.632292 0.022222 0.016667
0 0.336111 0.304688 0.025926 0.017708
0 0.412037 0.571354 0.025926 0.014583
0 0.557407 0.179688 0.012963 0.007292
0 0.579630 0.302083 0.022222 0.015625
0 0.992593 0.321354 0.012963 0.012500
0 0.325926 0.346875 0.029630 0.016667
0 0.287037 0.707292 0.031481 0.017708
0 0.322222 0.545833 0.029630 0.017708
0 0.996296 0.559896 0.007407 0.012500
0 1.000926 0.685417 0.018519 0.016667
0 0.350926 0.309375 0.031481 0.017708
0 0.391667 0.304167 0.031481 0.019792
0 0.461111 0.702604 0.029630 0.017708
0 0.396296 0.289583 0.027778 0.015625
0 0.626852 0.387500 0.022222 0.013542
0 0.397222 0.560937 0.031481 0.015625
0 0.570370 0.483854 0.024074 0.013542
0 0.469444 0.507292 0.024074 0.012500
0 0.996296 0.449479 0.005556 0.016667
0 0.537963 0.302083 0.022222 0.013542
0 0.453704 0.570833 0.025926 0.014583
0 0.528704 0.294271 0.024074 0.014583
0 0.489815 0.502604 0.027778 0.015625
0 0.994444 0.531250 0.009259 0.010417
0 0.511111 0.475521 0.020370 0.011458
0 0.454630 0.570833 0.025926 0.013542
0 0.489815 0.502083 0.025926 0.015625
0 0.499074 0.498437 0.016667 0.011458
0 0.513889 0.274479 0.025926 0.015625
0 0.512963 0.490625 0.024074 0.014583
0 0.485185 0.302083 0.025926 0.015625
0 0.996296 0.690104 0.007407 0.018750
0 0.552778 0.490625 0.024074 0.013542
0 0.505556 0.305729 0.020370 0.013542
0 0.550000 0.480208 0.025926 0.012500
0 0.507407 0.316667 0.020370 0.013542
0 0.576852 0.467708 0.022222 0.012500
0 0.579630 0.301563 0.022222 0.014583
0 0.997222 0.268229 0.005556 0.016667
0 0.673148 0.480729 0.025926 0.015625
0 0.624074 0.300000 0.024074 0.015625
0 0.971296 0.666146 0.033333 0.019792
0 0.727778 0.390625 0.031481 0.018750
0 0.673148 0.418229 0.020370 0.010417
0 0.997222 0.508333 0.003704 0.017708
0 0.997222 0.683333 0.014815 0.016667
0 0.997222 0.707812 0.005556 0.017708
0 0.996296 0.515104 0.020370 0.011458
0 0.990741 0.656771 0.020370 0.012500
0 0.995370 0.740104 0.005556 0.017708
0 0.992593 0.703646 0.011111 0.020833
0 0.995370 0.351042 0.009259 0.015625
0 0.992593 0.329167 0.011111 0.013542
0 0.993519 0.671354 0.011111 0.014583
0 0.934259 0.375000 0.009259 0.013542
0 0.995370 0.394792 0.007407 0.013542
0 0.992593 0.678125 0.012963 0.016667
0 0.993519 0.581250 0.011111 0.027083
0 0.995370 0.492708 0.007407 0.020833
0 0.996296 0.718229 0.005556 0.014583
0 0.994444 0.711979 0.009259 0.013542
0 0.999074 0.435937 0.000000 0.000000
0 0.991667 0.579688 0.014815 0.028125
0 0.991667 0.708854 0.014815 0.018750
0 0.997222 0.461458 0.005556 0.012500
