0 0.363889 0.458333 0.044444 0.026042
0 0.347222 0.722917 0.029630 0.015625
0 0.405556 0.635938 0.029630 0.015625
0 0.388889 0.711458 0.033333 0.021875
0 0.318519 0.556771 0.029630 0.013542
0 0.368519 0.675521 0.033333 0.020833
0 0.366667 0.696354 0.031481 0.018750
0 0.303704 0.588021 0.014815 0.018750
0 0.327778 0.440104 0.044444 0.028125
0 0.301852 0.455729 0.046296 0.026042
0 0.203704 0.526042 0.024074 0.014583
0 0.249074 0.688542 0.035185 0.020833
0 0.289815 0.427604 0.046296 0.028125
0 0.200000 0.492188 0.029630 0.015625
0 0.181481 0.527604 0.024074 0.013542
0 0.251852 0.160938 0.024074 0.014583
0 0.237963 0.717708 0.035185 0.020833
0 0.216667 0.610938 0.031481 0.017708
0 0.574074 0.372917 0.031481 0.016667
0 0.250000 0.160417 0.024074 0.014583
0 0.195370 0.711458 0.027778 0.018750
0 0.164815 0.519271 0.016667 0.009375
0 0.202778 0.449479 0.027778 0.017708
0 0.382407 0.281250 0.031481 0.016667
0 0.391667 0.239063 0.031481 0.015625
0 0.200000 0.326042 0.027778 0.017708
0 0.225000 0.324479 0.029630 0.014583
0 0.218519 0.706771 0.027778 0.016667
0 0.149074 0.540104 0.033333 0.017708
0 0.178704 0.450521 0.035185 0.017708
0 0.175926 0.436458 0.035185 0.020833
0 0.257407 0.147917 0.024074 0.013542
0 0.147222 0.271875 0.031481 0.018750
0 0.908333 0.432292 0.022222 0.014583
0 0.156481 0.222396 0.035185 0.020833
0 0.886111 0.716667 0.029630 0.013542
0 0.113889 0.540104 0.035185 0.019792
0 0.115741 0.253646 0.031481 0.022917
0 0.121296 0.250521 0.020370 0.018750
0 0.264815 0.165625 0.022222 0.014583
0 0.820370 0.513021 0.027778 0.014583
0 0.014815 0.422917 0.029630 0.020833
0 0.024074 0.546875 0.027778 0.014583
0 0.046296 0.543229 0.037037 0.017708
0 0.403704 0.520833 0.020370 0.012500
0 0.084259 0.540625 0.027778 0.016667
0 0.470370 0.488021 0.022222 0.012500
0 0.404630 0.290625 0.031481 0.020833
0 0.525000 0.484375 0.024074 0.016667
0 0.996296 0.401042 0.007407 0.017708
0 0.987963 0.660417 0.022222 0.028125
0 0.973148 0.310937 0.025926 0.014583
0 0.992593 0.481771 0.005556 0.013542
0 0.924074 0.313021 0.024074 0.014583
0 0.913889 0.477083 0.018519 0.010417
0 0.823148 0.327604 0.022222 0.014583
0 0.880556 0.487500 0.024074 0.014583
0 0.826852 0.316667 0.024074 0.014583
0 0.890741 0.500000 0.024074 0.014583
0 0.996296 0.660937 0.007407 0.019792
0 0.823148 0.309896 0.022222 0.012500
0 0.855556 0.498958 0.018519 0.012500
0 0.869444 0.285417 0.022222 0.015625
0 0.851852 0.509896 0.027778 0.015625
0 0.806481 0.577604 0.024074 0.013542
0 0.861111 0.483854 0.018519 0.009375
0 0.852778 0.509896 0.027778 0.015625
0 0.853704 0.305729 0.024074 0.013542
0 0.806481 0.578125 0.024074 0.014583
0 0.860185 0.313021 0.024074 0.014583
0 0.808333 0.514062 0.022222 0.014583
0 0.737037 0.571875 0.014815 0.007292
0 0.993519 0.394792 0.016667 0.009375
0 0.812037 0.297396 0.024074 0.012500
0 0.901852 0.706771 0.029630 0.015625
0 0.812037 0.310937 0.031481 0.017708
0 0.782407 0.313542 0.029630 0.012500
0 0.676852 0.708333 0.018519 0.010417
0 0.923148 0.313021 0.024074 0.013542
0 0.910185 0.192708 0.012963 0.007292
0 0.735185 0.576562 0.018519 0.012500
0 0.775000 0.309896 0.037037 0.023958
0 0.995370 0.663542 0.005556 0.010417
0 0.948148 0.311458 0.024074 0.014583
0 0.530556 0.507292 0.029630 0.016667
0 0.997222 0.465104 0.014815 0.010417
0 0.453704 0.693229 0.025926 0.012500
0 0.787963 0.312500 0.022222 0.014583
0 0.535185 0.592708 0.018519 0.009375
0 0.364815 0.732292 0.035185 0.019792
0 0.374074 0.293750 0.031481 0.014583
0 0.775926 0.344792 0.024074 0.015625
