0 0.962037 0.583854 0.033333 0.018750
0 0.094444 0.463542 0.025926 0.014583
0 0.743519 0.561458 0.025926 0.016667
0 0.752778 0.538542 0.027778 0.016667
0 0.611111 0.646875 0.029630 0.015625
0 0.779630 0.294792 0.024074 0.016667
0 0.163889 0.303125 0.020370 0.010417
0 0.557407 0.461458 0.040741 0.023958
0 0.441667 0.551562 0.027778 0.015625
0 0.930556 0.566667 0.031481 0.017708
0 0.857407 0.647396 0.025926 0.014583
0 0.947222 0.579167 0.031481 0.018750
0 0.391667 0.662500 0.027778 0.017708
0 0.790741 0.711458 0.025926 0.014583
0 0.218519 0.694271 0.022222 0.012500
0 0.671296 0.559896 0.038889 0.022917
0 0.552778 0.784896 0.025926 0.014583
0 0.922222 0.529167 0.037037 0.021875
0 0.800000 0.291146 0.029630 0.018750
0 0.778704 0.582812 0.024074 0.015625
0 0.200000 0.698958 0.029630 0.016667
0 0.762963 0.559896 0.031481 0.018750
0 0.432407 0.680729 0.033333 0.015625
0 0.534259 0.674479 0.042593 0.018750
0 0.787037 0.261458 0.029630 0.016667
0 0.939815 0.442188 0.044444 0.025000
0 0.708333 0.735417 0.042593 0.020833
0 0.981481 0.569271 0.033333 0.018750
0 0.497222 0.789583 0.031481 0.018750
0 0.556481 0.681250 0.035185 0.020833
0 0.861111 0.513021 0.037037 0.021875
0 0.489815 0.394271 0.042593 0.022917
0 0.824074 0.700521 0.040741 0.025000
0 0.455556 0.730208 0.033333 0.018750
0 0.989815 0.519792 0.018519 0.019792
0 0.960185 0.582812 0.035185 0.019792
0 0.433333 0.669271 0.037037 0.019792
0 0.062037 0.360417 0.031481 0.015625
0 0.779630 0.273958 0.038889 0.025000
0 0.916667 0.585938 0.037037 0.019792
0 0.934259 0.350000 0.029630 0.017708
0 0.240741 0.294792 0.027778 0.014583
0 0.458333 0.370312 0.040741 0.023958
0 0.358333 0.797917 0.044444 0.023958
0 0.172222 0.694271 0.025926 0.014583
0 0.859259 0.498437 0.020370 0.010417
0 0.393519 0.446875 0.037037 0.020833
0 0.447222 0.702604 0.031481 0.016667
0 0.310185 0.713021 0.033333 0.022917
0 0.175000 0.273438 0.027778 0.017708
0 0.808333 0.282813 0.020370 0.014583
0 0.776852 0.527604 0.031481 0.018750
0 0.137963 0.490625 0.025926 0.014583
0 0.471296 0.265104 0.029630 0.018750
0 0.755556 0.733333 0.033333 0.019792
0 0.835185 0.552604 0.046296 0.025000
0 0.663889 0.228125 0.042593 0.025000
0 0.581481 0.776563 0.024074 0.015625
0 0.989815 0.391667 0.027778 0.019792
0 0.787963 0.728646 0.033333 0.020833
0 0.528704 0.750000 0.029630 0.017708
0 0.969444 0.389062 0.037037 0.022917
0 0.711111 0.497396 0.044444 0.025000
0 0.972222 0.536979 0.033333 0.018750
0 0.347222 0.699479 0.040741 0.025000
0 0.442593 0.532813 0.038889 0.022917
0 0.784259 0.283333 0.031481 0.015625
0 0.648148 0.588021 0.048148 0.028125
0 0.109259 0.658333 0.031481 0.018750
0 0.083333 0.376563 0.031481 0.015625
0 0.311111 0.713021 0.035185 0.021875
0 0.816667 0.507812 0.037037 0.021875
0 0.051852 0.340104 0.037037 0.017708
0 0.066667 0.268229 0.016667 0.018750
0 0.275000 0.668750 0.035185 0.018750
0 -0.075926 0.337500 0.000000 0.000000
0 0.941667 0.545833 0.037037 0.020833
0 0.924074 0.369792 0.027778 0.013542
0 0.278704 0.702604 0.029630 0.015625
0 0.623148 0.672917 0.031481 0.019792
