0 0.097222 0.553646 0.024074 0.010417
0 0.248148 0.460938 0.027778 0.014583
0 0.260185 0.294792 0.027778 0.014583
0 0.749074 0.278125 0.029630 0.014583
0 0.294444 0.476042 0.027778 0.015625
0 0.293519 0.293750 0.025926 0.014583
0 0.528704 0.664062 0.033333 0.018750
0 0.326852 0.386458 0.029630 0.017708
0 0.991667 0.800521 0.014815 0.023958
0 0.346296 0.403125 0.020370 0.010417
0 0.308333 0.417708 0.016667 0.009375
0 0.095370 0.562500 0.024074 0.014583
0 0.240741 0.295833 0.018519 0.012500
0 0.897222 0.385417 0.031481 0.016667
0 0.311111 0.380729 0.020370 0.012500
0 0.030556 0.550521 0.022222 0.012500
0 0.267593 0.476042 0.022222 0.012500
0 0.108333 0.498437 0.020370 0.012500
0 0.216667 0.308333 0.022222 0.012500
0 0.236111 0.476042 0.025926 0.012500
0 0.208333 0.298438 0.022222 0.012500
0 0.218519 0.483854 0.024074 0.014583
0 0.896296 0.644792 0.038889 0.020833
0 0.187037 0.294271 0.024074 0.013542
0 0.180556 0.483333 0.025926 0.014583
0 0.177778 0.267188 0.027778 0.015625
0 0.149074 0.491146 0.022222 0.013542
0 0.133333 0.497917 0.025926 0.015625
0 0.993519 0.696875 0.011111 0.015625
0 0.110185 0.562500 0.022222 0.013542
0 0.171296 0.468750 0.022222 0.011458
0 0.762963 0.520312 0.022222 0.011458
0 0.125000 0.495312 0.029630 0.015625
0 0.939815 0.539583 0.024074 0.011458
0 0.986111 0.626042 0.027778 0.019792
0 0.225926 0.285938 0.025926 0.013542
0 0.989815 0.753646 0.018519 0.018750
0 0.992593 0.770833 0.014815 0.008333
0 0.988889 0.232292 0.020370 0.011458
0 0.993519 0.268229 0.012963 0.017708
0 0.682407 0.493229 0.024074 0.013542
0 0.990741 0.716667 0.016667 0.022917
0 0.992593 0.711979 0.014815 0.019792
0 0.993519 0.458333 0.009259 0.022917
0 0.775000 0.693229 0.027778 0.017708
0 0.979630 0.790104 0.033333 0.020833
0 0.994444 0.378125 0.009259 0.022917
0 0.994444 0.257292 0.009259 0.014583
0 0.993519 0.655729 0.009259 0.019792
0 0.994444 0.713542 0.009259 0.018750
0 0.993519 0.420312 0.012963 0.023958
0 0.995370 0.617188 0.009259 0.019792
0 0.989815 0.770312 0.011111 0.018750
0 1.114815 0.589583 0.338889 0.190625
0 0.994444 0.668750 0.009259 0.019792
0 0.995370 0.641146 0.005556 0.011458
0 0.808333 0.698438 0.035185 0.017708
0 0.992593 0.533333 0.012963 0.027083
0 0.998148 0.676562 0.033333 0.014583
0 0.995370 0.640625 0.031481 0.014583
0 0.659259 0.465625 0.027778 0.016667
0 0.992593 0.759375 0.012963 0.026042
0 0.858333 0.704688 0.029630 0.014583
0 0.671296 0.345833 0.031481 0.017708
0 0.714815 0.287500 0.027778 0.015625
0 0.991667 0.668750 0.014815 0.018750
0 0.667593 0.365625 0.027778 0.015625
0 0.994444 0.709896 0.011111 0.019792
0 0.689815 0.381771 0.027778 0.015625
0 0.707407 0.656771 0.031481 0.017708
0 0.994444 0.643750 0.009259 0.023958
0 0.993519 0.544271 0.011111 0.018750
0 0.990741 0.729688 0.014815 0.023958
0 0.993519 0.535417 0.012963 0.022917
0 0.632407 0.685937 0.022222 0.011458
0 0.600000 0.710417 0.029630 0.017708
0 0.996296 0.689063 0.014815 0.023958
0 0.636111 0.678125 0.033333 0.017708
0 0.638889 0.663542 0.018519 0.010417
0 0.785185 0.570833 0.025926 0.013542
0 0.991667 0.685937 0.014815 0.028125
0 0.563889 0.710938 0.029630 0.018750
0 0.997222 0.306771 0.022222 0.011458
0 0.583333 0.685937 0.035185 0.020833
0 0.333333 0.379688 0.016667 0.010417
0 0.745370 0.517188 0.022222 0.012500
