0 0.963889 0.665625 0.025926 0.013542
0 0.583333 0.686979 0.025926 0.013542
0 0.400000 0.334896 0.029630 0.017708
0 0.470370 0.277083 0.022222 0.014583
0 0.674074 0.650521 0.042593 0.021875
0 0.991667 0.600521 0.014815 0.020833
0 0.404630 0.354687 0.025926 0.015625
0 0.989815 0.491146 0.020370 0.011458
0 0.705556 0.694271 0.037037 0.020833
0 0.423148 0.369792 0.027778 0.015625
0 0.434259 0.640625 0.029630 0.017708
0 0.994444 0.585417 0.009259 0.025000
0 0.827778 0.525000 0.042593 0.021875
0 0.739815 0.681771 0.048148 0.022917
0 0.993519 0.539583 0.011111 0.016667
0 0.992593 0.502083 0.011111 0.022917
0 0.987037 0.419271 0.020370 0.023958
0 0.874074 0.736979 0.031481 0.016667
0 0.994444 0.711458 0.011111 0.016667
0 0.916667 0.765625 0.025926 0.015625
0 0.994444 0.225521 0.009259 0.019792
0 0.995370 0.508854 0.007407 0.021875
0 0.991667 0.717708 0.014815 0.015625
0 0.796296 0.265104 0.029630 0.019792
0 0.437037 0.480208 0.024074 0.013542
0 0.996296 0.531250 0.024074 0.018750
0 0.641667 0.275000 0.035185 0.020833
0 0.705556 0.693750 0.037037 0.021875
0 0.808333 0.689583 0.029630 0.017708
0 0.797222 0.440625 0.037037 0.019792
0 0.495370 0.675521 0.025926 0.016667
0 0.671296 0.768750 0.027778 0.019792
0 0.995370 0.606250 0.007407 0.023958
0 0.993519 0.272396 0.011111 0.018750
0 0.006481 0.292187 0.012963 0.014583
0 0.688889 0.779687 0.033333 0.019792
0 0.012037 0.446875 0.024074 0.012500
0 0.020370 0.279167 0.025926 0.015625
0 0.485185 0.268750 0.025926 0.013542
0 0.034259 0.459896 0.029630 0.015625
0 0.055556 0.278125 0.025926 0.015625
0 0.240741 0.649479 0.027778 0.014583
0 0.057407 0.371354 0.033333 0.018750
0 0.127778 0.388021 0.020370 0.010417
0 0.073148 0.401562 0.024074 0.014583
0 0.511111 0.504687 0.022222 0.012500
0 0.083333 0.365625 0.024074 0.012500
0 0.274074 0.668750 0.037037 0.020833
0 0.769444 0.301042 0.022222 0.013542
0 0.270370 0.693750 0.031481 0.018750
0 0.936111 0.667188 0.040741 0.022917
0 0.516667 0.557813 0.024074 0.014583
0 0.325000 0.646354 0.022222 0.012500
0 0.324074 0.660937 0.035185 0.018750
0 1.007407 0.474479 0.029630 0.018750
0 0.900926 0.663021 0.035185 0.020833
0 0.306481 0.692708 0.029630 0.017708
0 0.326852 0.669792 0.025926 0.014583
0 0.799074 0.555208 0.018519 0.011458
0 0.823148 0.656250 0.037037 0.019792
0 0.911111 0.367708 0.044444 0.021875
0 0.935185 0.667188 0.040741 0.021875
0 0.986111 0.610938 0.027778 0.021875
0 1.007407 0.497396 0.081481 0.039583
0 0.807407 0.715625 0.031481 0.018750
0 0.993519 0.636458 0.012963 0.023958
0 0.936111 0.390625 0.044444 0.021875
0 0.996296 0.445833 0.005556 0.016667
0 0.837963 0.773958 0.029630 0.017708
0 0.993519 0.599479 0.012963 0.021875
0 0.992593 0.731250 0.011111 0.022917
0 0.996296 0.400521 0.005556 0.013542
0 0.899074 0.663021 0.038889 0.021875
0 0.814815 0.666667 0.031481 0.016667
0 1.008333 0.503646 0.035185 0.027083
0 0.524074 0.681250 0.029630 0.015625
0 1.010185 0.567187 0.038889 0.025000
0 1.007407 0.300521 0.033333 0.020833
0 0.994444 0.510938 0.011111 0.018750
0 0.888889 0.772917 0.020370 0.012500
0 0.994444 0.537500 0.009259 0.021875
0 0.542593 0.675521 0.022222 0.013542
0 1.004630 0.701562 0.031481 0.015625
0 0.789815 0.647917 0.024074 0.015625
0 0.991667 0.579688 0.012963 0.016667
0 0.993519 0.538542 0.031481 0.017708
0 1.002778 0.302604 0.024074 0.016667
0 0.988889 0.636979 0.029630 0.013542
0 0.407407 0.452604 0.027778 0.017708
0 0.991667 0.534896 0.016667 0.026042
