0 1.011111 0.488021 0.040741 0.030208
0 0.857407 0.671875 0.033333 0.016667
0 0.943519 0.669792 0.037037 0.021875
0 0.996296 0.395313 0.005556 0.013542
0 0.992593 0.749479 0.012963 0.023958
0 0.992593 0.606771 0.012963 0.022917
0 0.875000 0.780729 0.031481 0.018750
0 0.979630 0.673958 0.037037 0.019792
0 0.996296 0.440625 0.005556 0.015625
0 0.983333 0.395833 0.033333 0.021875
0 0.990741 0.542188 0.016667 0.026042
0 0.445370 0.453646 0.025926 0.015625
0 0.991667 0.648958 0.031481 0.014583
0 0.993519 0.540104 0.031481 0.017708
0 0.992593 0.575000 0.014815 0.016667
0 0.832407 0.653125 0.022222 0.015625
0 0.977778 0.678646 0.037037 0.015625
0 0.576852 0.677604 0.022222 0.012500
0 0.995370 0.547396 0.009259 0.021875
0 0.925926 0.779687 0.020370 0.011458
0 0.994444 0.510938 0.011111 0.017708
0 1.008333 0.313021 0.037037 0.022917
0 0.558333 0.683333 0.029630 0.015625
0 0.994444 0.597917 0.009259 0.023958
0 0.552778 0.559375 0.024074 0.014583
0 0.979630 0.673438 0.038889 0.019792
0 0.306481 0.693229 0.031481 0.018750
0 0.823148 0.304688 0.022222 0.012500
0 0.312037 0.667708 0.035185 0.021875
0 0.125000 0.363542 0.024074 0.012500
0 0.547222 0.506771 0.024074 0.013542
0 0.112037 0.399479 0.025926 0.015625
0 0.166667 0.386458 0.020370 0.009375
0 0.100926 0.368750 0.033333 0.018750
0 0.277778 0.647396 0.029630 0.015625
0 0.100000 0.276562 0.025926 0.015625
0 0.075926 0.457813 0.029630 0.015625
0 0.530556 0.269792 0.027778 0.015625
0 0.064815 0.277083 0.027778 0.015625
0 0.050000 0.443229 0.025926 0.013542
0 0.724074 0.783333 0.035185 0.023958
0 0.043519 0.290625 0.024074 0.014583
0 0.029630 0.456250 0.024074 0.012500
0 0.031481 0.279687 0.025926 0.014583
0 0.017593 0.465104 0.025926 0.014583
0 0.639815 0.630729 0.029630 0.018750
0 0.010185 0.275521 0.020370 0.014583
0 0.992593 0.627604 0.012963 0.025000
0 0.844444 0.721354 0.031481 0.018750
0 1.009259 0.505729 0.085185 0.041667
0 0.985185 0.623437 0.025926 0.021875
0 0.866667 0.661979 0.037037 0.019792
0 0.993519 0.261979 0.011111 0.018750
0 0.995370 0.610938 0.009259 0.023958
0 0.965741 0.373437 0.042593 0.022917
0 0.706481 0.771875 0.029630 0.018750
0 0.529630 0.677604 0.025926 0.015625
0 0.846296 0.445312 0.037037 0.019792
0 0.848148 0.695312 0.029630 0.016667
0 0.747222 0.697917 0.038889 0.022917
0 0.997222 0.541667 0.024074 0.018750
0 0.474074 0.481771 0.024074 0.013542
0 0.850926 0.269271 0.029630 0.019792
0 0.990741 0.721354 0.016667 0.015625
0 0.995370 0.506771 0.007407 0.021875
0 0.993519 0.224479 0.009259 0.019792
0 0.951852 0.772917 0.025926 0.014583
0 0.993519 0.707812 0.009259 0.015625
0 0.912037 0.743750 0.029630 0.016667
0 0.987037 0.435417 0.020370 0.025000
0 0.992593 0.515104 0.011111 0.022917
0 0.993519 0.540625 0.011111 0.017708
0 0.781481 0.686979 0.046296 0.022917
0 0.875000 0.529687 0.038889 0.021875
0 0.364815 0.645833 0.024074 0.012500
0 0.468519 0.641146 0.029630 0.016667
0 0.464815 0.371354 0.027778 0.015625
0 0.748148 0.697917 0.037037 0.021875
0 0.998148 0.495312 0.020370 0.011458
0 0.445370 0.355208 0.027778 0.015625
0 0.991667 0.610417 0.014815 0.020833
0 0.716667 0.654687 0.042593 0.021875
0 0.844444 0.559896 0.018519 0.011458
0 0.363889 0.669271 0.025926 0.013542
0 0.343519 0.692187 0.029630 0.017708
0 0.941667 0.669271 0.035185 0.020833
0 1.007407 0.489583 0.029630 0.019792
0 0.362963 0.660937 0.037037 0.018750
0 0.511111 0.279167 0.025926 0.015625
0 0.444444 0.335938 0.029630 0.017708
0 0.616667 0.690104 0.025926 0.013542
0 1.006481 0.672917 0.025926 0.014583
