0 0.431481 0.666146 0.033333 0.018750
0 0.219444 0.389583 0.035185 0.018750
0 0.250000 0.407292 0.022222 0.011458
0 0.205556 0.421875 0.020370 0.011458
0 0.651852 0.516667 0.022222 0.013542
0 0.228704 0.382292 0.018519 0.010417
0 0.481481 0.685937 0.035185 0.020833
0 0.896296 0.295312 0.024074 0.012500
0 0.467593 0.711979 0.031481 0.018750
0 0.992593 0.684896 0.014815 0.028125
0 0.687037 0.569271 0.025926 0.013542
0 0.535185 0.663021 0.020370 0.010417
0 0.533333 0.678125 0.035185 0.018750
0 0.997222 0.647396 0.014815 0.023958
0 0.502778 0.710417 0.027778 0.017708
0 0.529630 0.686458 0.022222 0.012500
0 1.031481 0.631250 0.107407 0.060417
0 0.763889 0.700521 0.031481 0.014583
0 0.562037 0.346354 0.029630 0.016667
0 0.611111 0.288021 0.025926 0.015625
0 0.909259 0.661979 0.048148 0.022917
0 0.562037 0.365625 0.027778 0.015625
0 0.945370 0.705208 0.040741 0.023958
0 0.584259 0.381250 0.027778 0.015625
0 0.612963 0.655208 0.029630 0.016667
0 0.005556 0.571354 0.011111 0.014583
0 0.992593 0.538542 0.011111 0.019792
0 0.977778 0.693750 0.040741 0.023958
0 0.993519 0.534896 0.012963 0.022917
0 0.990741 0.754687 0.018519 0.018750
0 0.994444 0.666667 0.007407 0.013542
0 0.994444 0.628125 0.009259 0.025000
0 0.122222 0.290104 0.024074 0.012500
0 0.874074 0.619792 0.031481 0.017708
0 0.835185 0.537500 0.024074 0.012500
0 0.017593 0.502604 0.029630 0.015625
0 0.670370 0.519271 0.022222 0.012500
0 0.069444 0.475521 0.022222 0.011458
0 0.014815 0.572396 0.022222 0.014583
0 0.900000 0.690625 0.024074 0.013542
0 0.034259 0.506250 0.025926 0.013542
0 0.050000 0.498437 0.025926 0.014583
0 0.066667 0.271354 0.027778 0.014583
0 0.081481 0.490625 0.025926 0.015625
0 0.083333 0.298958 0.025926 0.014583
0 0.794444 0.640104 0.037037 0.019792
0 0.120370 0.490104 0.025926 0.014583
0 0.106481 0.303125 0.024074 0.013542
0 0.132407 0.480208 0.025926 0.011458
0 0.115741 0.313542 0.022222 0.013542
0 0.905556 0.793229 0.042593 0.026042
0 0.150000 0.466667 0.025926 0.012500
0 0.153704 0.298958 0.027778 0.015625
0 0.634259 0.279167 0.027778 0.014583
0 0.190741 0.480208 0.033333 0.016667
0 0.187963 0.297396 0.025926 0.014583
0 0.711111 0.694792 0.033333 0.017708
0 0.997222 0.800521 0.029630 0.016667
0 0.993519 0.542708 0.012963 0.025000
0 0.998148 0.678125 0.033333 0.014583
0 1.000926 0.663021 0.024074 0.014583
0 0.994444 0.652083 0.031481 0.014583
0 0.559259 0.465625 0.025926 0.015625
0 0.994444 0.656771 0.011111 0.019792
0 0.994444 0.262500 0.009259 0.015625
0 0.994444 0.372396 0.009259 0.022917
0 0.878704 0.781771 0.031481 0.019792
0 0.679630 0.690625 0.027778 0.015625
0 0.992593 0.442708 0.009259 0.020833
0 0.992593 0.712500 0.012963 0.018750
0 0.944444 0.705208 0.044444 0.022917
0 0.998148 0.529687 0.024074 0.017708
0 0.586111 0.493229 0.024074 0.013542
0 0.924074 0.271875 0.033333 0.018750
0 0.991667 0.733854 0.016667 0.014583
0 0.995370 0.494792 0.007407 0.021875
0 0.934259 0.235937 0.018519 0.012500
0 0.990741 0.767188 0.014815 0.008333
0 0.993519 0.725000 0.009259 0.019792
0 0.993519 0.536458 0.012963 0.023958
0 0.992593 0.415625 0.011111 0.022917
0 0.995370 0.641146 0.009259 0.019792
0 0.996296 0.779167 0.011111 0.017708
0 0.992593 0.749479 0.012963 0.025000
0 0.992593 0.669792 0.014815 0.023958
0 0.995370 0.652604 0.005556 0.010417
