0 0.237963 0.430729 0.035185 0.019792
0 0.285185 0.555208 0.022222 0.012500
0 0.720370 0.345833 0.031481 0.018750
0 0.087963 0.449479 0.025926 0.010417
0 0.326852 0.157812 0.022222 0.013542
0 0.877778 0.513021 0.025926 0.013542
0 0.068519 0.416146 0.038889 0.019792
0 0.079630 0.541667 0.031481 0.015625
0 0.101852 0.538542 0.033333 0.017708
0 0.445370 0.518750 0.016667 0.010417
0 0.134259 0.535937 0.029630 0.016667
0 0.527778 0.485417 0.022222 0.013542
0 0.461111 0.285938 0.037037 0.019792
0 0.164815 0.247917 0.033333 0.020833
0 0.163889 0.246875 0.035185 0.021875
0 0.165741 0.535417 0.037037 0.018750
0 0.962037 0.718750 0.027778 0.013542
0 0.214815 0.215625 0.035185 0.021875
0 0.960185 0.433333 0.022222 0.013542
0 0.196296 0.265625 0.029630 0.018750
0 0.322222 0.140625 0.024074 0.014583
0 0.238889 0.445833 0.035185 0.018750
0 0.199074 0.536458 0.031481 0.018750
0 0.275926 0.703646 0.029630 0.017708
0 0.275000 0.320312 0.031481 0.015625
0 0.250000 0.321354 0.027778 0.016667
0 0.448148 0.234375 0.031481 0.017708
0 0.438889 0.275521 0.027778 0.015625
0 0.263889 0.444792 0.027778 0.016667
0 0.214815 0.515104 0.014815 0.009375
0 0.250000 0.708333 0.029630 0.018750
0 0.315741 0.153125 0.024074 0.014583
0 0.637963 0.369792 0.033333 0.016667
0 0.272222 0.606771 0.031481 0.017708
0 0.296296 0.715625 0.035185 0.020833
0 0.314815 0.153125 0.024074 0.015625
0 0.225926 0.524479 0.024074 0.013542
0 0.249074 0.488542 0.031481 0.016667
0 0.357407 0.422917 0.048148 0.029167
0 0.304630 0.685417 0.033333 0.021875
0 0.247222 0.522917 0.025926 0.015625
0 0.367593 0.451042 0.048148 0.027083
0 0.396296 0.435417 0.046296 0.028125
0 0.358333 0.585417 0.014815 0.018750
0 0.430556 0.694271 0.033333 0.018750
0 0.430556 0.454167 0.044444 0.026042
0 0.431481 0.672917 0.033333 0.019792
0 0.373148 0.554688 0.031481 0.014583
0 0.450926 0.709896 0.033333 0.022917
0 0.400000 0.721875 0.027778 0.016667
0 0.860185 0.340625 0.025926 0.015625
0 0.431481 0.288542 0.025926 0.014583
0 0.414815 0.730208 0.035185 0.019792
0 0.601852 0.591146 0.018519 0.010417
0 0.868519 0.309375 0.022222 0.014583
0 0.515741 0.692187 0.025926 0.012500
0 0.591667 0.504167 0.029630 0.017708
0 0.997222 0.309375 0.005556 0.015625
0 0.585185 0.482812 0.027778 0.018750
0 0.855556 0.305729 0.040741 0.026042
0 0.807407 0.578125 0.020370 0.013542
0 0.969444 0.190625 0.012963 0.007292
0 0.982407 0.311458 0.025926 0.014583
0 0.752778 0.709375 0.018519 0.010417
0 0.862037 0.309896 0.029630 0.012500
0 0.877778 0.307292 0.029630 0.016667
0 0.972222 0.707812 0.031481 0.014583
0 0.875926 0.294271 0.022222 0.012500
0 0.999074 0.391146 0.014815 0.009375
0 0.809259 0.578125 0.014815 0.007292
0 0.863889 0.514062 0.025926 0.014583
0 0.913889 0.311979 0.024074 0.013542
0 0.862963 0.578646 0.025926 0.014583
0 0.906481 0.304167 0.024074 0.013542
0 0.910185 0.510417 0.029630 0.016667
0 0.918519 0.483333 0.016667 0.009375
0 0.862963 0.578646 0.025926 0.013542
0 0.909259 0.509896 0.027778 0.015625
0 0.927778 0.283333 0.024074 0.013542
0 0.913889 0.499479 0.018519 0.011458
0 0.877778 0.306771 0.029630 0.015625
0 0.945370 0.500000 0.025926 0.014583
0 0.888889 0.314583 0.022222 0.012500
0 0.936111 0.487500 0.024074 0.014583
0 0.876852 0.325000 0.024074 0.014583
0 0.977778 0.477083 0.018519 0.009375
0 0.980556 0.311458 0.024074 0.014583
0 0.995370 0.464062 0.007407 0.014583
0 1.001852 0.309896 0.016667 0.015625
0 0.996296 0.403125 0.005556 0.017708
