0 0.525926 0.489583 0.024074 0.013542
0 0.005556 0.479687 0.011111 0.014583
0 0.035185 0.255729 0.025926 0.014583
0 0.030556 0.472396 0.024074 0.014583
0 0.060185 0.283854 0.024074 0.013542
0 0.699074 0.641146 0.033333 0.019792
0 0.067593 0.472917 0.025926 0.014583
0 0.082407 0.288542 0.024074 0.014583
0 0.079630 0.464062 0.025926 0.012500
0 0.095370 0.298438 0.024074 0.012500
0 0.786111 0.796354 0.037037 0.025000
0 0.100926 0.453125 0.025926 0.011458
0 0.118519 0.284896 0.025926 0.014583
0 0.587037 0.277083 0.025926 0.015625
0 0.128704 0.465104 0.029630 0.015625
0 0.152778 0.284896 0.025926 0.014583
0 0.331481 0.656250 0.025926 0.016667
0 0.159259 0.376563 0.031481 0.017708
0 0.214815 0.394271 0.018519 0.009375
0 0.160185 0.407292 0.024074 0.014583
0 0.595370 0.515104 0.022222 0.013542
0 0.175926 0.371875 0.022222 0.012500
0 0.372222 0.677083 0.037037 0.020833
0 0.867593 0.309375 0.022222 0.014583
0 0.362963 0.702083 0.031481 0.017708
0 0.991667 0.682292 0.012963 0.025000
0 0.608333 0.568750 0.024074 0.013542
0 0.425000 0.654687 0.022222 0.011458
0 0.423148 0.670312 0.035185 0.019792
0 1.008333 0.503646 0.031481 0.020833
0 0.989815 0.678125 0.031481 0.019792
0 0.399074 0.701562 0.027778 0.018750
0 0.422222 0.678646 0.024074 0.013542
0 0.918519 0.569271 0.018519 0.010417
0 1.009259 0.671354 0.035185 0.019792
0 0.671296 0.701042 0.027778 0.014583
0 0.503704 0.343229 0.033333 0.017708
0 0.564815 0.286458 0.027778 0.014583
0 0.786111 0.665625 0.042593 0.021875
0 0.991667 0.602604 0.014815 0.020833
0 0.503704 0.362500 0.027778 0.016667
0 0.994444 0.504687 0.020370 0.011458
0 0.817593 0.709896 0.037037 0.021875
0 0.522222 0.378646 0.025926 0.015625
0 0.523148 0.650521 0.029630 0.016667
0 0.994444 0.606250 0.009259 0.023958
0 0.945370 0.539583 0.042593 0.022917
0 0.852778 0.698958 0.046296 0.025000
0 0.992593 0.543750 0.011111 0.017708
0 0.993519 0.531250 0.012963 0.022917
0 0.987037 0.456250 0.022222 0.025000
0 0.979630 0.756771 0.033333 0.017708
0 0.994444 0.695312 0.009259 0.014583
0 1.009259 0.777083 0.014815 0.008333
0 0.994444 0.223438 0.009259 0.018750
0 0.995370 0.490104 0.007407 0.021875
0 0.990741 0.735417 0.014815 0.015625
0 0.927778 0.275000 0.027778 0.018750
0 0.998148 0.541667 0.024074 0.018750
0 0.816667 0.709896 0.040741 0.021875
0 0.917593 0.706771 0.029630 0.016667
0 0.918519 0.453646 0.038889 0.019792
0 0.584259 0.688021 0.025926 0.016667
0 0.766667 0.784896 0.029630 0.019792
0 0.994444 0.375521 0.009259 0.021875
0 0.995370 0.591146 0.009259 0.023958
0 0.993519 0.261979 0.009259 0.016667
0 0.938889 0.673438 0.037037 0.019792
0 0.985185 0.631250 0.027778 0.021875
0 1.006481 0.516667 0.090741 0.043750
0 0.912037 0.733854 0.031481 0.017708
0 0.992593 0.582812 0.012963 0.025000
0 0.993519 0.399479 0.011111 0.020833
0 0.996296 0.441146 0.003704 0.015625
0 0.994444 0.679688 0.007407 0.019792
0 0.991667 0.793750 0.018519 0.010417
0 0.990741 0.531250 0.018519 0.027083
0 0.498148 0.461458 0.025926 0.015625
0 0.995370 0.651563 0.029630 0.013542
0 0.992593 0.591146 0.012963 0.014583
0 0.905556 0.664062 0.022222 0.015625
0 0.988889 0.692187 0.035185 0.015625
0 0.633333 0.688021 0.022222 0.013542
0 0.994444 0.545312 0.007407 0.020833
0 0.993519 0.503125 0.009259 0.017708
0 1.011111 0.318229 0.044444 0.027083
0 0.613889 0.693750 0.027778 0.017708
0 1.011111 0.455208 0.046296 0.035417
0 0.928704 0.684375 0.033333 0.015625
0 0.992593 0.680208 0.012963 0.020833
0 0.996296 0.396875 0.003704 0.013542
0 0.993519 0.750000 0.012963 0.023958
0 0.992593 0.606250 0.012963 0.022917
0 0.940741 0.794792 0.033333 0.018750
