0 0.999074 0.435937 0.000000 0.000000
0 0.997222 0.470833 0.003704 0.012500
0 0.992593 0.680208 0.012963 0.016667
0 0.994444 0.579688 0.011111 0.027083
0 0.996296 0.502083 0.007407 0.020833
0 0.996296 0.720833 0.005556 0.014583
0 0.994444 0.717187 0.009259 0.014583
0 0.993519 0.765625 0.012963 0.016667
0 0.991667 0.709896 0.014815 0.019792
0 0.992593 0.578646 0.016667 0.029167
0 0.950000 0.663542 0.035185 0.019792
0 0.437963 0.566146 0.025926 0.014583
0 0.527778 0.298438 0.022222 0.014583
0 0.996296 0.445312 0.005556 0.016667
0 0.453704 0.503125 0.027778 0.013542
0 0.556481 0.480208 0.020370 0.011458
0 0.381481 0.558333 0.025926 0.015625
0 0.615741 0.383854 0.024074 0.012500
0 0.375926 0.285417 0.027778 0.016667
0 0.431481 0.696875 0.027778 0.017708
0 0.369444 0.300000 0.033333 0.019792
0 0.329630 0.305208 0.029630 0.017708
0 1.001852 0.688021 0.018519 0.016667
0 0.996296 0.558333 0.007407 0.012500
0 0.299074 0.541667 0.025926 0.016667
0 0.269444 0.701562 0.029630 0.015625
0 0.281481 0.344271 0.033333 0.017708
0 0.991667 0.319271 0.012963 0.012500
0 0.566667 0.297917 0.022222 0.014583
0 0.544444 0.176563 0.011111 0.007292
0 0.400000 0.567708 0.024074 0.015625
0 0.313889 0.300521 0.024074 0.016667
0 0.984259 0.629687 0.029630 0.018750
0 0.106481 0.478125 0.029630 0.014583
0 0.981481 0.447396 0.027778 0.012500
0 0.584259 0.296875 0.024074 0.014583
0 0.099074 0.500521 0.033333 0.017708
0 0.040741 0.589063 0.020370 0.009375
0 0.350000 0.302083 0.025926 0.017708
0 0.033333 0.691146 0.038889 0.020833
0 0.995370 0.395313 0.007407 0.014583
0 0.952778 0.372396 0.007407 0.012500
0 0.993519 0.672917 0.011111 0.015625
0 0.993519 0.325521 0.012963 0.014583
0 0.994444 0.354167 0.009259 0.015625
0 0.991667 0.709896 0.014815 0.020833
0 0.995370 0.734896 0.005556 0.017708
0 0.984259 0.655729 0.020370 0.012500
0 0.996296 0.522396 0.020370 0.011458
0 0.991667 0.708854 0.016667 0.018750
0 0.988889 0.682292 0.014815 0.017708
0 0.997222 0.506250 0.003704 0.018750
0 0.655556 0.414062 0.020370 0.010417
0 0.709259 0.385937 0.031481 0.017708
0 0.612963 0.296354 0.024074 0.015625
0 0.656481 0.476562 0.025926 0.015625
0 0.997222 0.269792 0.005556 0.015625
0 0.568519 0.297917 0.022222 0.014583
0 0.564815 0.464062 0.022222 0.011458
0 0.991667 0.742708 0.016667 0.040625
0 0.498148 0.313542 0.022222 0.013542
0 0.536111 0.476042 0.024074 0.012500
0 0.495370 0.303125 0.022222 0.013542
0 0.539815 0.486458 0.024074 0.014583
0 0.995370 0.694271 0.005556 0.018750
0 0.474074 0.298958 0.025926 0.014583
0 0.499074 0.486458 0.024074 0.014583
0 0.500926 0.270313 0.024074 0.015625
0 0.484259 0.494792 0.018519 0.012500
0 0.473148 0.498437 0.025926 0.016667
0 0.993519 0.695833 0.011111 0.015625
0 0.437963 0.566146 0.025926 0.014583
0 0.497222 0.471875 0.022222 0.011458
0 0.994444 0.528125 0.009259 0.011458
0 0.472222 0.498437 0.027778 0.016667
0 0.995370 0.739583 0.007407 0.022917
0 0.517593 0.290625 0.025926 0.014583
