0 0.366667 0.702604 0.031481 0.018750
0 0.992593 0.682813 0.012963 0.025000
0 0.611111 0.568750 0.024074 0.013542
0 0.428704 0.655208 0.022222 0.011458
0 0.427778 0.670312 0.037037 0.019792
0 1.008333 0.503125 0.031481 0.019792
0 0.984259 0.677083 0.033333 0.020833
0 0.402778 0.702083 0.027778 0.018750
0 0.425926 0.679688 0.024074 0.013542
0 0.923148 0.569792 0.018519 0.010417
0 1.011111 0.671354 0.037037 0.020833
0 0.675926 0.701562 0.027778 0.013542
0 0.505556 0.343229 0.029630 0.017708
0 0.568519 0.286979 0.027778 0.013542
0 0.790741 0.666146 0.044444 0.021875
0 0.991667 0.603646 0.014815 0.020833
0 0.507407 0.362500 0.029630 0.015625
0 0.994444 0.505208 0.020370 0.011458
0 0.822222 0.709896 0.038889 0.021875
0 0.525926 0.378646 0.027778 0.014583
0 0.131481 0.465625 0.031481 0.015625
0 0.589815 0.277604 0.027778 0.016667
0 0.103704 0.453125 0.025926 0.011458
0 0.121296 0.285938 0.025926 0.015625
0 0.084259 0.464583 0.025926 0.012500
0 0.162963 0.377083 0.031481 0.018750
0 0.335185 0.656771 0.027778 0.015625
0 0.070370 0.473438 0.025926 0.014583
0 0.701852 0.641146 0.031481 0.018750
0 0.062963 0.284896 0.024074 0.013542
0 0.032407 0.472396 0.025926 0.015625
0 0.037963 0.255729 0.025926 0.014583
0 0.006481 0.480208 0.012963 0.014583
0 0.084259 0.289062 0.022222 0.014583
0 0.791667 0.797396 0.038889 0.026042
0 0.096296 0.298958 0.022222 0.013542
0 0.155556 0.285417 0.025926 0.014583
0 0.217593 0.394792 0.018519 0.009375
0 0.162037 0.407292 0.022222 0.013542
0 0.598148 0.515104 0.022222 0.012500
0 0.177778 0.372396 0.022222 0.013542
0 0.375000 0.677083 0.035185 0.020833
0 0.871296 0.309375 0.024074 0.014583
0 0.934259 0.684375 0.033333 0.017708
0 0.992593 0.678125 0.012963 0.020833
0 0.996296 0.396354 0.003704 0.013542
0 0.992593 0.750521 0.012963 0.023958
0 0.992593 0.607812 0.012963 0.022917
0 0.945370 0.794792 0.031481 0.018750
0 0.994444 0.679167 0.007407 0.019792
0 0.996296 0.441146 0.005556 0.015625
0 0.994444 0.398958 0.011111 0.020833
0 0.992593 0.577083 0.012963 0.025000
0 0.983333 0.757812 0.031481 0.018750
0 0.994444 0.694271 0.009259 0.014583
0 0.998148 0.770833 0.014815 0.008333
0 0.994444 0.223958 0.009259 0.018750
0 0.995370 0.489583 0.007407 0.021875
0 0.990741 0.735938 0.016667 0.015625
0 0.931481 0.275000 0.027778 0.018750
0 0.528704 0.490104 0.024074 0.013542
0 0.997222 0.543750 0.024074 0.018750
0 0.820370 0.709896 0.040741 0.021875
0 0.921296 0.707292 0.031481 0.017708
0 0.923148 0.453646 0.038889 0.019792
0 0.993519 0.262500 0.009259 0.016667
0 0.994444 0.593750 0.007407 0.025000
0 0.995370 0.377604 0.009259 0.021875
0 0.771296 0.785417 0.029630 0.019792
0 0.526852 0.651042 0.029630 0.016667
0 0.950000 0.539583 0.042593 0.022917
0 0.857407 0.700000 0.046296 0.025000
0 1.006481 0.517188 0.092593 0.044792
0 0.985185 0.631771 0.027778 0.021875
0 0.994444 0.608333 0.009259 0.023958
0 0.993519 0.542188 0.011111 0.016667
0 0.993519 0.533333 0.012963 0.022917
0 0.588889 0.688021 0.025926 0.016667
0 0.944444 0.673438 0.037037 0.018750
0 0.990741 0.528646 0.018519 0.027083
0 0.501852 0.461979 0.027778 0.015625
0 0.994444 0.652083 0.029630 0.013542
0 0.916667 0.733854 0.033333 0.017708
0 0.992593 0.590104 0.012963 0.014583
0 0.911111 0.664062 0.024074 0.015625
0 0.993519 0.691667 0.035185 0.014583
0 0.637037 0.688542 0.022222 0.013542
0 0.995370 0.546354 0.009259 0.020833
0 0.995370 0.793750 0.018519 0.010417
0 0.994444 0.504687 0.011111 0.017708
0 1.008333 0.319271 0.042593 0.027083
0 0.617593 0.694271 0.027778 0.017708
0 1.012963 0.452083 0.048148 0.035417
