0 0.996296 0.461979 0.007407 0.012500
0 0.990741 0.706771 0.014815 0.019792
0 0.579630 0.296354 0.022222 0.014583
0 0.978704 0.653125 0.020370 0.012500
0 0.995370 0.518229 0.018519 0.011458
0 0.991667 0.707292 0.014815 0.019792
0 0.983333 0.679688 0.014815 0.016667
0 0.997222 0.504687 0.003704 0.017708
0 0.654630 0.414062 0.020370 0.010417
0 0.709259 0.385937 0.031481 0.017708
0 0.950926 0.661458 0.035185 0.019792
0 0.608333 0.295833 0.022222 0.015625
0 0.655556 0.476042 0.025926 0.014583
0 0.997222 0.269271 0.005556 0.016667
0 0.563889 0.297917 0.022222 0.015625
0 0.561111 0.464062 0.022222 0.012500
0 0.492593 0.313021 0.022222 0.013542
0 0.533333 0.476042 0.025926 0.012500
0 0.489815 0.302083 0.022222 0.013542
0 0.537037 0.486458 0.024074 0.014583
0 0.995370 0.692187 0.005556 0.018750
0 0.468519 0.298438 0.025926 0.014583
0 0.497222 0.486458 0.024074 0.014583
0 0.496296 0.269792 0.024074 0.015625
0 0.483333 0.494271 0.018519 0.011458
0 0.470370 0.497917 0.025926 0.015625
0 0.436111 0.566667 0.025926 0.014583
0 0.495370 0.471875 0.022222 0.012500
0 0.994444 0.529687 0.009259 0.011458
0 0.472222 0.498437 0.027778 0.016667
0 0.513889 0.290104 0.024074 0.014583
0 0.437037 0.566667 0.025926 0.013542
0 0.522222 0.297917 0.022222 0.013542
0 0.996296 0.443750 0.005556 0.015625
0 0.451852 0.503125 0.025926 0.013542
0 0.553704 0.479687 0.022222 0.012500
0 0.379630 0.558333 0.027778 0.015625
0 0.611111 0.383333 0.024074 0.013542
0 0.374074 0.284896 0.027778 0.016667
0 0.437037 0.697396 0.029630 0.017708
0 0.368519 0.299479 0.031481 0.019792
0 0.328704 0.305208 0.031481 0.018750
0 1.001852 0.685937 0.018519 0.016667
0 0.996296 0.557813 0.007407 0.012500
0 0.300000 0.541667 0.027778 0.016667
0 0.268519 0.703125 0.029630 0.015625
0 0.295370 0.341667 0.033333 0.018750
0 0.992593 0.318229 0.012963 0.012500
0 0.562963 0.297396 0.022222 0.014583
0 0.540741 0.176042 0.011111 0.008333
0 0.397222 0.567708 0.025926 0.014583
0 0.312963 0.300000 0.024074 0.017708
0 0.983333 0.628125 0.031481 0.017708
0 0.104630 0.479687 0.031481 0.014583
0 0.995370 0.735938 0.005556 0.017708
0 0.097222 0.501563 0.033333 0.017708
0 0.975000 0.446354 0.027778 0.012500
0 0.030556 0.693229 0.042593 0.021875
0 0.349074 0.301563 0.025926 0.017708
0 0.043519 0.591146 0.022222 0.010417
0 0.991667 0.577604 0.016667 0.028125
0 0.999074 0.435937 0.000000 0.000000
0 0.993519 0.763021 0.012963 0.015625
0 0.994444 0.714583 0.009259 0.014583
0 0.996296 0.719792 0.005556 0.014583
0 0.995370 0.492188 0.007407 0.019792
0 0.993519 0.577604 0.011111 0.028125
0 0.993519 0.677604 0.012963 0.016667
0 0.995370 0.392708 0.007407 0.013542
0 0.934259 0.371875 0.007407 0.012500
0 0.993519 0.670833 0.011111 0.014583
0 0.993519 0.327604 0.012963 0.014583
0 0.994444 0.352604 0.009259 0.015625
0 0.992593 0.707292 0.014815 0.019792
