0 0.843519 0.530729 0.033333 0.018750
0 0.682407 0.497396 0.031481 0.015625
0 0.174074 0.687500 0.031481 0.022917
0 0.017593 0.361979 0.031481 0.015625
0 0.026852 0.635938 0.031481 0.017708
0 0.512037 0.575000 0.046296 0.027083
0 0.674074 0.275521 0.029630 0.018750
0 0.319444 0.517708 0.040741 0.021875
0 0.208333 0.677604 0.044444 0.025000
0 0.803704 0.579167 0.033333 0.019792
0 0.655556 0.266667 0.038889 0.027083
0 0.297222 0.650521 0.037037 0.018750
0 0.845370 0.577083 0.035185 0.018750
0 0.868519 0.514062 0.033333 0.019792
0 0.333333 0.710938 0.029630 0.017708
0 0.689815 0.689583 0.042593 0.023958
0 0.344444 0.380729 0.040741 0.021875
0 0.719444 0.504167 0.037037 0.020833
0 0.420370 0.664062 0.033333 0.019792
0 0.375000 0.770833 0.029630 0.018750
0 0.867593 0.564063 0.033333 0.018750
0 0.561111 0.720833 0.042593 0.019792
0 0.791667 0.434896 0.042593 0.025000
0 0.662037 0.253125 0.033333 0.017708
0 0.399074 0.660417 0.033333 0.019792
0 0.299074 0.661979 0.033333 0.013542
0 0.662037 0.551562 0.029630 0.016667
0 0.109259 0.677083 0.029630 0.016667
0 0.667593 0.575000 0.027778 0.014583
0 0.729630 0.286458 0.031481 0.017708
0 0.788889 0.522396 0.037037 0.019792
0 0.433333 0.767188 0.031481 0.015625
0 0.555556 0.484896 0.042593 0.025000
0 0.817593 0.382812 0.042593 0.022917
0 0.407407 0.732812 0.029630 0.016667
0 0.647222 0.717187 0.035185 0.020833
0 0.842593 0.386979 0.031481 0.019792
0 0.462037 0.760938 0.025926 0.016667
0 0.539815 0.220312 0.038889 0.022917
0 0.700926 0.543750 0.044444 0.023958
0 0.614815 0.720833 0.033333 0.019792
0 0.414815 0.256771 0.029630 0.019792
0 0.079630 0.474479 0.025926 0.013542
0 0.640741 0.285938 0.022222 0.012500
0 0.676852 0.519792 0.037037 0.019792
0 0.737963 0.278646 0.020370 0.014583
0 0.100000 0.258854 0.027778 0.013542
0 0.175926 0.689583 0.037037 0.019792
0 0.324074 0.684375 0.029630 0.016667
0 0.270370 0.432292 0.038889 0.020833
0 0.720370 0.489583 0.022222 0.011458
0 0.085185 0.672917 0.027778 0.014583
0 0.243519 0.775000 0.042593 0.026042
0 0.311111 0.358333 0.038889 0.023958
0 0.134259 0.289062 0.033333 0.017708
0 0.845370 0.342708 0.025926 0.014583
0 0.809259 0.538542 0.037037 0.019792
0 0.726852 0.636979 0.024074 0.014583
0 0.825000 0.561458 0.027778 0.015625
0 0.476852 0.217188 0.024074 0.013542
0 0.274074 0.366667 0.024074 0.009375
0 0.333333 0.543229 0.018519 0.011458
0 0.437037 0.448958 0.033333 0.020833
0 0.107407 0.270313 0.024074 0.011458
0 0.714815 0.291667 0.024074 0.015625
0 0.468519 0.632292 0.029630 0.016667
0 0.654630 0.530208 0.029630 0.016667
0 0.628704 0.552083 0.027778 0.017708
0 0.034259 0.447396 0.025926 0.014583
0 0.822222 0.355729 0.027778 0.013542
0 0.523148 0.546875 0.038889 0.022917
0 0.867593 0.543229 0.031481 0.017708
0 0.250926 0.365104 0.025926 0.012500
0 0.142593 0.645833 0.035185 0.017708
0 0.330556 0.672396 0.029630 0.014583
0 0.682407 0.702604 0.029630 0.015625
0 0.255556 0.642708 0.027778 0.016667
0 0.837963 0.572917 0.031481 0.016667
