0 0.060185 0.479687 0.024074 0.015625
0 0.074074 0.288542 0.025926 0.015625
0 0.756481 0.638542 0.037037 0.019792
0 0.099074 0.479687 0.025926 0.014583
0 0.097222 0.293229 0.022222 0.013542
0 0.117593 0.471354 0.025926 0.011458
0 0.107407 0.303646 0.022222 0.014583
0 0.855556 0.793229 0.038889 0.025000
0 0.135185 0.458333 0.024074 0.011458
0 0.139815 0.289583 0.029630 0.015625
0 0.619444 0.274479 0.025926 0.015625
0 0.048148 0.464583 0.022222 0.012500
0 0.054630 0.260937 0.027778 0.015625
0 0.002778 0.559375 0.005556 0.013542
0 0.863889 0.690625 0.027778 0.015625
0 0.012037 0.495312 0.022222 0.014583
0 0.027778 0.486979 0.024074 0.014583
0 0.648148 0.517188 0.020370 0.010417
0 0.596296 0.283854 0.025926 0.016667
0 0.860185 0.661458 0.046296 0.021875
0 0.543519 0.361458 0.031481 0.015625
0 0.893519 0.705208 0.038889 0.023958
0 0.561111 0.376563 0.027778 0.014583
0 0.575000 0.651042 0.029630 0.017708
0 0.994444 0.621354 0.009259 0.025000
0 0.994444 0.530208 0.012963 0.021875
0 0.931481 0.694792 0.050000 0.025000
0 0.993519 0.535937 0.012963 0.022917
0 0.989815 0.756250 0.020370 0.019792
0 0.995370 0.681771 0.009259 0.013542
0 0.997222 0.766667 0.016667 0.008333
0 0.994444 0.225000 0.009259 0.018750
0 0.995370 0.494792 0.007407 0.021875
0 0.991667 0.733854 0.016667 0.014583
0 0.913889 0.270313 0.033333 0.018750
0 0.562037 0.488542 0.024074 0.013542
0 0.997222 0.528646 0.024074 0.017708
0 0.893519 0.705208 0.038889 0.022917
0 0.986111 0.701562 0.025926 0.016667
0 0.980556 0.445312 0.037037 0.019792
0 0.640741 0.687500 0.027778 0.016667
0 0.832407 0.781250 0.031481 0.017708
0 0.994444 0.380208 0.009259 0.022917
0 0.994444 0.259375 0.009259 0.015625
0 0.993519 0.664062 0.011111 0.020833
0 1.011111 0.509375 0.100000 0.048958
0 0.981481 0.727604 0.033333 0.018750
0 0.992593 0.548438 0.012963 0.025000
0 0.993519 0.411979 0.012963 0.022917
0 0.996296 0.435937 0.003704 0.014583
0 0.994444 0.667188 0.007407 0.019792
0 0.999074 0.787500 0.011111 0.016667
0 0.993519 0.750000 0.012963 0.025000
0 0.992593 0.673958 0.014815 0.021875
0 0.993519 0.678646 0.011111 0.020833
0 1.012037 0.439063 0.053704 0.040625
0 0.671296 0.692708 0.033333 0.017708
0 1.012037 0.320833 0.053704 0.033333
0 0.995370 0.786458 0.029630 0.017708
0 0.994444 0.531250 0.011111 0.021875
0 1.000926 0.684375 0.035185 0.014583
0 0.982407 0.657813 0.022222 0.015625
0 0.994444 0.653646 0.031481 0.014583
0 0.536111 0.460938 0.027778 0.015625
0 0.990741 0.520312 0.018519 0.027083
0 0.540741 0.341146 0.031481 0.016667
0 0.725926 0.698958 0.027778 0.014583
0 1.020370 0.647917 0.062963 0.035417
0 0.988889 0.562500 0.016667 0.010417
0 0.484259 0.680729 0.024074 0.012500
0 0.459259 0.704167 0.029630 0.017708
0 0.994444 0.664583 0.014815 0.022917
0 1.009259 0.513542 0.033333 0.021875
0 0.487037 0.671354 0.033333 0.019792
0 0.489815 0.656250 0.022222 0.011458
0 0.655556 0.567187 0.024074 0.014583
0 0.992593 0.684375 0.014815 0.028125
0 0.422222 0.704688 0.029630 0.018750
0 0.883333 0.287500 0.024074 0.012500
0 0.434259 0.679167 0.035185 0.020833
0 0.206481 0.375521 0.020370 0.012500
0 0.629630 0.513542 0.022222 0.013542
0 0.183333 0.412500 0.022222 0.013542
0 0.236111 0.398958 0.020370 0.010417
0 0.195370 0.380208 0.031481 0.018750
0 0.387963 0.659375 0.025926 0.017708
0 0.175000 0.288542 0.024074 0.015625
0 0.163889 0.470833 0.033333 0.015625
