0 0.013889 0.244271 0.027778 0.019792
0 0.015741 0.241667 0.020370 0.017708
0 0.061111 0.430208 0.037037 0.020833
0 0.820370 0.418750 0.024074 0.014583
0 0.038889 0.215104 0.038889 0.021875
0 0.771296 0.700000 0.027778 0.013542
0 0.128704 0.139583 0.024074 0.013542
0 0.044444 0.263021 0.031481 0.017708
0 0.018519 0.533854 0.037037 0.019792
0 0.755556 0.495833 0.027778 0.015625
0 0.769444 0.271354 0.024074 0.013542
0 0.760185 0.484375 0.018519 0.012500
0 0.718519 0.300000 0.022222 0.012500
0 0.996296 0.665104 0.007407 0.019792
0 0.799074 0.485417 0.025926 0.013542
0 0.733333 0.303125 0.018519 0.013542
0 0.787037 0.473958 0.022222 0.013542
0 0.731481 0.312500 0.022222 0.014583
0 0.821296 0.463021 0.018519 0.011458
0 0.825926 0.298958 0.024074 0.013542
0 0.946296 0.475000 0.027778 0.014583
0 0.873148 0.296354 0.024074 0.014583
0 0.987963 0.665625 0.022222 0.026042
0 0.995370 0.382812 0.005556 0.016667
0 0.997222 0.665625 0.003704 0.015625
0 0.994444 0.646354 0.009259 0.014583
0 0.995370 0.663021 0.007407 0.012500
0 0.993519 0.683333 0.011111 0.014583
0 0.997222 0.469792 0.003704 0.008333
0 0.117593 0.604167 0.031481 0.017708
0 0.714815 0.563542 0.024074 0.013542
0 0.764815 0.470833 0.020370 0.010417
0 0.756481 0.496354 0.027778 0.015625
0 0.764815 0.291146 0.020370 0.010417
0 0.714815 0.563021 0.025926 0.014583
0 0.765741 0.298438 0.024074 0.014583
0 0.724074 0.499479 0.029630 0.014583
0 0.813889 0.478125 0.024074 0.013542
0 0.638889 0.559375 0.016667 0.008333
0 0.887037 0.380729 0.016667 0.010417
0 0.701852 0.286458 0.025926 0.013542
0 0.792593 0.690104 0.029630 0.016667
0 0.701852 0.300000 0.031481 0.019792
0 0.662963 0.303125 0.031481 0.013542
0 0.658333 0.534896 0.025926 0.015625
0 0.560185 0.694792 0.020370 0.011458
0 0.825000 0.298958 0.024074 0.014583
0 0.807407 0.178646 0.009259 0.008333
0 0.637963 0.564063 0.020370 0.013542
0 0.644444 0.300521 0.033333 0.020833
0 0.997222 0.622396 0.024074 0.017708
0 0.427778 0.474479 0.033333 0.017708
0 0.848148 0.297396 0.024074 0.014583
0 0.430556 0.497396 0.031481 0.016667
0 0.991667 0.451562 0.016667 0.011458
0 0.353704 0.682813 0.027778 0.013542
0 0.669444 0.302604 0.037037 0.015625
0 0.425000 0.583333 0.018519 0.010417
0 0.280556 0.721875 0.035185 0.019792
0 0.267593 0.285417 0.033333 0.016667
0 0.642593 0.335938 0.025926 0.015625
0 0.257407 0.713021 0.027778 0.016667
0 0.301852 0.627083 0.031481 0.016667
0 0.287037 0.702083 0.035185 0.021875
0 0.219444 0.549479 0.029630 0.013542
0 0.263889 0.666146 0.033333 0.020833
0 0.247222 0.451042 0.046296 0.026042
0 0.262963 0.686979 0.031481 0.017708
0 0.210185 0.579167 0.014815 0.018750
0 0.207407 0.433854 0.046296 0.028125
0 0.183333 0.449479 0.050000 0.026042
0 0.118519 0.518229 0.024074 0.014583
0 0.150000 0.680208 0.035185 0.021875
0 0.168519 0.421354 0.048148 0.028125
0 0.106481 0.485417 0.033333 0.017708
0 0.097222 0.521354 0.024074 0.013542
0 0.137037 0.156771 0.022222 0.014583
0 0.139815 0.709896 0.035185 0.019792
0 0.475000 0.365625 0.025926 0.019792
0 0.119444 0.152604 0.025926 0.014583
0 0.103704 0.703646 0.029630 0.017708
0 0.073148 0.515104 0.016667 0.009375
0 0.092593 0.443229 0.031481 0.017708
0 0.275000 0.270833 0.027778 0.016667
0 0.280556 0.229687 0.031481 0.017708
0 0.100926 0.317708 0.025926 0.017708
0 0.126852 0.316146 0.029630 0.015625
0 0.122222 0.700000 0.027778 0.016667
0 0.053704 0.534375 0.033333 0.018750
0 0.067593 0.444792 0.038889 0.017708
