0 0.673148 0.496875 0.027778 0.015625
0 0.700926 0.267188 0.024074 0.014583
0 0.686111 0.485417 0.020370 0.012500
0 0.656481 0.294792 0.024074 0.014583
0 0.996296 0.673958 0.007407 0.018750
0 0.725926 0.485938 0.024074 0.014583
0 0.676852 0.300000 0.020370 0.013542
0 0.715741 0.475521 0.022222 0.013542
0 0.675926 0.310417 0.022222 0.012500
0 0.750926 0.463542 0.022222 0.011458
0 0.762037 0.296875 0.022222 0.014583
0 0.997222 0.267188 0.005556 0.016667
0 0.866667 0.477083 0.027778 0.015625
0 0.809259 0.294792 0.024074 0.015625
0 0.989815 0.670312 0.020370 0.023958
0 0.934259 0.385937 0.031481 0.018750
0 0.997222 0.503125 0.003704 0.017708
0 0.991667 0.664583 0.014815 0.016667
0 0.997222 0.681250 0.003704 0.016667
0 0.990741 0.664062 0.018519 0.010417
0 0.996296 0.731771 0.007407 0.016667
0 0.993519 0.661979 0.009259 0.017708
0 0.995370 0.341667 0.009259 0.014583
0 0.993519 0.344792 0.012963 0.013542
0 0.994444 0.653646 0.009259 0.011458
0 1.004630 0.395833 0.012963 0.018750
0 0.995370 0.384375 0.005556 0.012500
0 0.994444 0.669271 0.007407 0.014583
0 0.992593 0.695833 0.012963 0.015625
0 0.996296 0.476562 0.003704 0.009375
0 0.996296 0.455729 0.007407 0.020833
0 0.182407 0.719792 0.035185 0.019792
0 0.297222 0.581771 0.018519 0.009375
0 0.579630 0.296875 0.024074 0.016667
0 0.231481 0.682813 0.029630 0.015625
0 0.998148 0.454167 0.016667 0.011458
0 0.324074 0.494271 0.029630 0.017708
0 0.782407 0.294792 0.024074 0.014583
0 0.325000 0.470833 0.029630 0.015625
0 0.995370 0.633854 0.024074 0.018750
0 0.542593 0.295312 0.029630 0.017708
0 0.567593 0.565625 0.024074 0.013542
0 0.748148 0.172396 0.011111 0.007292
0 0.762037 0.295312 0.024074 0.014583
0 0.996296 0.310417 0.009259 0.009375
0 0.611111 0.339062 0.033333 0.017708
0 0.460185 0.697396 0.025926 0.015625
0 0.538889 0.535937 0.027778 0.016667
0 0.996296 0.566667 0.007407 0.012500
0 1.000926 0.645312 0.016667 0.015625
0 0.561111 0.300000 0.031481 0.017708
0 0.605556 0.295312 0.033333 0.019792
0 0.676852 0.695833 0.025926 0.017708
0 0.605556 0.280208 0.024074 0.014583
0 0.806481 0.381250 0.016667 0.011458
0 0.547222 0.559375 0.022222 0.011458
0 0.741667 0.478646 0.024074 0.013542
0 0.642593 0.500521 0.027778 0.014583
0 0.709259 0.296354 0.022222 0.014583
0 0.630556 0.564583 0.024074 0.014583
0 0.702778 0.286979 0.025926 0.014583
0 0.672222 0.496354 0.027778 0.016667
0 0.994444 0.524479 0.009259 0.011458
0 0.688889 0.470833 0.022222 0.012500
0 0.631481 0.565104 0.024074 0.014583
0 0.177778 0.276042 0.029630 0.016667
0 0.117593 0.445833 0.048148 0.027083
0 0.134259 0.665625 0.035185 0.020833
0 0.110185 0.544271 0.027778 0.012500
0 0.158333 0.701042 0.037037 0.021875
0 0.176852 0.625521 0.033333 0.017708
0 0.006481 0.139063 0.012963 0.016667
0 0.144444 0.711979 0.033333 0.015625
0 0.365741 0.360417 0.027778 0.022917
0 0.009259 0.600000 0.018519 0.018750
0 0.017593 0.707292 0.035185 0.020833
0 0.021296 0.143750 0.022222 0.015625
0 0.508333 0.331250 0.024074 0.015625
0 0.023148 0.514062 0.024074 0.013542
0 0.019444 0.478646 0.037037 0.018750
0 0.036111 0.413542 0.053704 0.029167
0 0.032407 0.678125 0.042593 0.022917
0 0.046296 0.512500 0.025926 0.014583
0 0.052778 0.444792 0.053704 0.025000
0 0.074074 0.427604 0.050000 0.029167
0 0.103704 0.573438 0.012963 0.017708
0 0.129630 0.685937 0.029630 0.017708
