0 0.369444 0.314583 0.020370 0.013542
0 0.430556 0.490104 0.020370 0.012500
0 0.425926 0.311979 0.022222 0.013542
0 0.938889 0.316667 0.031481 0.017708
0 0.069444 0.353646 0.033333 0.017708
0 0.134259 0.707812 0.022222 0.012500
0 0.117593 0.551042 0.031481 0.017708
0 0.949074 0.539583 0.020370 0.012500
0 0.844444 0.697917 0.025926 0.016667
0 0.141667 0.320312 0.031481 0.018750
0 0.175000 0.315625 0.040741 0.020833
0 0.213889 0.707292 0.029630 0.017708
0 0.188889 0.301563 0.033333 0.017708
0 0.478704 0.394792 0.024074 0.012500
0 0.223148 0.564583 0.020370 0.011458
0 0.293519 0.512500 0.022222 0.013542
0 0.282407 0.567708 0.024074 0.010417
0 0.996296 0.408333 0.005556 0.014583
0 0.403704 0.310937 0.022222 0.012500
0 0.278704 0.576562 0.029630 0.015625
0 0.390741 0.303125 0.024074 0.015625
0 0.995370 0.673958 0.007407 0.022917
0 0.994444 0.549479 0.025926 0.012500
0 0.310185 0.509375 0.029630 0.016667
0 0.932407 0.530208 0.022222 0.010417
0 0.347222 0.482812 0.022222 0.012500
0 0.277778 0.576562 0.031481 0.015625
0 0.993519 0.680729 0.011111 0.015625
0 0.310185 0.510417 0.025926 0.017708
0 0.323148 0.505729 0.022222 0.013542
0 0.351852 0.284375 0.024074 0.015625
0 0.352778 0.497396 0.024074 0.015625
0 0.350000 0.310937 0.022222 0.015625
0 0.995370 0.671875 0.005556 0.017708
0 0.392593 0.497396 0.024074 0.014583
0 0.394444 0.486458 0.024074 0.012500
0 0.376852 0.325521 0.020370 0.013542
0 0.993519 0.768750 0.012963 0.031250
0 0.419444 0.475000 0.024074 0.012500
0 0.434259 0.309896 0.024074 0.013542
0 0.927778 0.287500 0.025926 0.015625
0 0.484259 0.488021 0.027778 0.015625
0 0.525000 0.399479 0.029630 0.017708
0 0.465741 0.308854 0.024074 0.014583
0 0.746296 0.674479 0.033333 0.021875
0 0.505556 0.415625 0.020370 0.012500
0 0.491667 0.431250 0.011111 0.007292
0 0.916667 0.527083 0.024074 0.013542
0 0.531481 0.392188 0.014815 0.009375
0 0.823148 0.696875 0.033333 0.019792
0 0.996296 0.322917 0.020370 0.010417
0 0.788889 0.722396 0.031481 0.018750
0 0.991667 0.678646 0.014815 0.030208
0 0.995370 0.570312 0.020370 0.011458
0 0.875000 0.689063 0.031481 0.017708
0 0.997222 0.743229 0.016667 0.026042
0 0.824074 0.721875 0.029630 0.018750
0 0.991667 0.720833 0.012963 0.017708
0 0.868519 0.355208 0.031481 0.016667
0 0.895370 0.297396 0.029630 0.014583
0 0.989815 0.686458 0.018519 0.022917
0 0.862037 0.375000 0.027778 0.015625
0 0.993519 0.717708 0.009259 0.020833
0 0.887037 0.390625 0.029630 0.015625
0 0.913889 0.667188 0.031481 0.017708
0 0.994444 0.556771 0.009259 0.023958
0 0.989815 0.770312 0.016667 0.028125
0 0.991667 0.705208 0.016667 0.020833
0 0.994444 0.535937 0.011111 0.022917
0 0.986111 0.703125 0.027778 0.016667
0 0.993519 0.779167 0.012963 0.016667
0 0.994444 0.335417 0.009259 0.021875
0 0.993519 0.622917 0.009259 0.017708
0 0.990741 0.760938 0.014815 0.008333
0 0.995370 0.702604 0.007407 0.013542
0 1.005556 0.467708 0.020370 0.015625
0 0.992593 0.627083 0.012963 0.023958
0 0.993519 0.785937 0.012963 0.019792
0 0.994444 0.629167 0.009259 0.020833
0 0.994444 0.637500 0.007407 0.014583
0 1.000000 0.703646 0.012963 0.017708
0 0.991667 0.550521 0.016667 0.032292
0 0.843519 0.475000 0.027778 0.016667
0 0.989815 0.242188 0.020370 0.010417
0 0.990741 0.768229 0.016667 0.017708
0 0.992593 0.273438 0.011111 0.016667
0 0.863889 0.502604 0.025926 0.013542
0 0.990741 0.731250 0.016667 0.023958
