0 0.903704 0.311458 0.029630 0.015625
0 0.391667 0.307812 0.020370 0.012500
0 0.797222 0.694271 0.027778 0.016667
0 0.922222 0.536458 0.020370 0.012500
0 0.076852 0.547396 0.031481 0.017708
0 0.085185 0.704167 0.022222 0.011458
0 0.027778 0.348958 0.033333 0.017708
0 0.994444 0.708333 0.007407 0.014583
0 0.994444 0.346354 0.009259 0.022917
0 0.992593 0.785417 0.012963 0.016667
0 0.948148 0.700000 0.031481 0.017708
0 0.809259 0.471354 0.027778 0.015625
0 0.999074 0.672396 0.033333 0.014583
0 0.991667 0.537500 0.014815 0.031250
0 0.981481 0.706250 0.033333 0.018750
0 0.994444 0.642708 0.007407 0.013542
0 0.995370 0.636979 0.009259 0.019792
0 0.993519 0.787500 0.011111 0.019792
0 0.992593 0.615625 0.012963 0.022917
0 0.992593 0.434375 0.012963 0.023958
0 0.994444 0.628125 0.009259 0.018750
0 0.903704 0.527083 0.024074 0.011458
0 0.994444 0.537500 0.025926 0.012500
0 0.995370 0.666146 0.007407 0.022917
0 0.360185 0.299479 0.025926 0.015625
0 0.244444 0.572917 0.027778 0.014583
0 0.373148 0.307292 0.022222 0.012500
0 0.996296 0.401562 0.003704 0.014583
0 0.246296 0.564583 0.024074 0.010417
0 0.257407 0.509896 0.020370 0.014583
0 0.400000 0.486979 0.020370 0.012500
0 0.186111 0.561458 0.020370 0.012500
0 0.447222 0.391667 0.022222 0.013542
0 0.146296 0.296875 0.033333 0.017708
0 0.166667 0.703125 0.031481 0.017708
0 0.132407 0.310937 0.040741 0.020833
0 0.099074 0.316146 0.033333 0.018750
0 0.994444 0.523438 0.009259 0.022917
0 0.991667 0.709375 0.016667 0.020833
0 0.990741 0.728646 0.018519 0.023958
0 0.830556 0.499479 0.025926 0.013542
0 0.992593 0.272396 0.012963 0.017708
0 0.989815 0.233333 0.018519 0.010417
0 0.990741 0.763021 0.014815 0.008333
0 0.989815 0.765104 0.016667 0.017708
0 0.990741 0.759896 0.016667 0.027083
0 0.993519 0.558333 0.009259 0.016667
0 0.875000 0.663542 0.031481 0.017708
0 0.850000 0.386979 0.029630 0.016667
0 0.993519 0.719792 0.011111 0.021875
0 0.825000 0.370833 0.027778 0.015625
0 0.990741 0.679688 0.018519 0.022917
0 0.862037 0.292708 0.027778 0.015625
0 0.830556 0.351042 0.031481 0.017708
0 0.992593 0.722917 0.014815 0.018750
0 0.780556 0.718750 0.027778 0.017708
0 0.997222 0.732812 0.016667 0.026042
0 0.828704 0.685417 0.035185 0.017708
0 0.962037 0.575000 0.022222 0.012500
0 0.992593 0.682813 0.016667 0.030208
0 0.744444 0.718750 0.031481 0.018750
0 0.996296 0.319792 0.020370 0.010417
0 0.775000 0.693229 0.037037 0.021875
0 0.493519 0.389062 0.016667 0.009375
0 0.887963 0.523958 0.024074 0.012500
0 0.456481 0.428125 0.012963 0.007292
0 0.475926 0.412500 0.020370 0.010417
0 0.485185 0.395833 0.029630 0.017708
0 0.704630 0.670833 0.035185 0.019792
0 0.432407 0.304688 0.022222 0.015625
0 0.447222 0.484375 0.027778 0.015625
0 0.892593 0.282292 0.025926 0.016667
0 0.399074 0.306250 0.025926 0.014583
0 0.387037 0.471354 0.024074 0.012500
0 0.993519 0.771875 0.012963 0.028125
0 0.348148 0.320833 0.022222 0.012500
0 0.364815 0.483333 0.024074 0.012500
0 0.340741 0.310937 0.020370 0.013542
0 0.360185 0.493750 0.024074 0.013542
0 0.996296 0.664062 0.005556 0.017708
0 0.319444 0.307292 0.022222 0.014583
0 0.320370 0.493750 0.025926 0.015625
0 0.318519 0.280208 0.025926 0.016667
0 0.290741 0.502083 0.020370 0.012500
0 0.275000 0.507292 0.027778 0.017708
0 0.993519 0.685417 0.011111 0.015625
0 0.244444 0.572396 0.027778 0.015625
0 0.314815 0.479687 0.022222 0.012500
0 0.274074 0.505729 0.029630 0.016667
