0 0.570370 0.307292 0.020370 0.014583
0 0.997222 0.472396 0.003704 0.012500
0 0.987963 0.720313 0.022222 0.019792
0 0.995370 0.588021 0.009259 0.019792
0 0.991667 0.587500 0.014815 0.028125
0 0.999074 0.435937 0.000000 0.000000
0 0.993519 0.768229 0.012963 0.015625
0 0.994444 0.723437 0.009259 0.014583
0 0.996296 0.726562 0.005556 0.014583
0 0.996296 0.508333 0.007407 0.020833
0 1.000926 0.698438 0.018519 0.015625
0 0.996296 0.554688 0.007407 0.012500
0 0.296296 0.547396 0.025926 0.016667
0 0.270370 0.707292 0.027778 0.015625
0 0.274074 0.350000 0.031481 0.016667
0 0.991667 0.321354 0.014815 0.013542
0 0.549074 0.185938 0.011111 0.007292
0 0.403704 0.574479 0.024074 0.015625
0 0.314815 0.308333 0.022222 0.016667
0 0.982407 0.640625 0.033333 0.018750
0 0.108333 0.483854 0.029630 0.013542
0 0.585185 0.305729 0.022222 0.014583
0 0.099074 0.506250 0.033333 0.017708
0 0.982407 0.456250 0.027778 0.013542
0 0.039815 0.695312 0.037037 0.021875
0 0.350000 0.309896 0.027778 0.018750
0 0.038889 0.593750 0.020370 0.009375
0 0.993519 0.275000 0.011111 0.015625
0 0.994444 0.589063 0.011111 0.027083
0 0.992593 0.682292 0.012963 0.016667
0 0.995370 0.403646 0.009259 0.014583
0 0.969444 0.381771 0.009259 0.012500
0 0.992593 0.674479 0.011111 0.015625
0 0.992593 0.322396 0.012963 0.014583
0 0.994444 0.359896 0.009259 0.015625
0 0.991667 0.720833 0.014815 0.020833
0 0.996296 0.731250 0.007407 0.017708
0 0.987963 0.666146 0.020370 0.012500
0 0.996296 0.527083 0.020370 0.011458
0 0.989815 0.720313 0.020370 0.020833
0 0.990741 0.693229 0.016667 0.016667
0 0.997222 0.511979 0.003704 0.018750
0 0.653704 0.422917 0.018519 0.010417
0 0.498148 0.479167 0.022222 0.012500
0 0.437963 0.572917 0.025926 0.014583
0 0.993519 0.697917 0.011111 0.015625
0 0.473148 0.505208 0.027778 0.015625
0 0.484259 0.501563 0.018519 0.012500
0 0.704630 0.394792 0.031481 0.017708
0 0.503704 0.279167 0.024074 0.015625
0 0.500926 0.494271 0.025926 0.015625
0 0.477778 0.307292 0.025926 0.014583
0 0.945370 0.673438 0.033333 0.018750
0 0.995370 0.695312 0.005556 0.018750
0 0.540741 0.494271 0.024074 0.014583
0 0.499074 0.310417 0.022222 0.012500
0 0.537037 0.483854 0.024074 0.012500
0 0.501852 0.321875 0.022222 0.013542
0 0.991667 0.754167 0.016667 0.040625
0 0.565741 0.471875 0.022222 0.012500
0 0.570370 0.307812 0.022222 0.014583
0 0.996296 0.271875 0.003704 0.016667
0 0.655556 0.484896 0.027778 0.015625
0 0.613889 0.305208 0.022222 0.015625
0 0.329630 0.313021 0.029630 0.017708
0 0.368519 0.308333 0.033333 0.019792
0 0.425000 0.703125 0.029630 0.016667
0 0.375926 0.294271 0.029630 0.016667
0 0.617593 0.392188 0.024074 0.012500
0 0.384259 0.566146 0.025926 0.015625
0 0.558333 0.487500 0.020370 0.011458
0 0.454630 0.509375 0.027778 0.014583
0 0.996296 0.445312 0.005556 0.015625
0 0.531481 0.307292 0.022222 0.013542
0 0.438889 0.573438 0.025926 0.014583
0 0.522222 0.299479 0.024074 0.014583
0 0.995370 0.738021 0.007407 0.022917
0 0.473148 0.505729 0.025926 0.016667
0 0.994444 0.524479 0.009259 0.010417
