0 0.002778 0.364583 0.005556 0.015625
0 0.010185 0.638021 0.020370 0.017708
0 0.485185 0.571354 0.048148 0.026042
0 0.643519 0.268229 0.031481 0.019792
0 0.289815 0.516146 0.040741 0.022917
0 0.180556 0.678125 0.044444 0.025000
0 0.820370 0.523958 0.035185 0.018750
0 0.522222 0.480729 0.042593 0.026042
0 0.785185 0.373437 0.042593 0.021875
0 0.388889 0.731771 0.031481 0.017708
0 0.627778 0.713542 0.035185 0.020833
0 0.845370 0.506771 0.035185 0.018750
0 0.444444 0.758854 0.027778 0.016667
0 0.500000 0.213542 0.038889 0.023958
0 0.675000 0.538021 0.046296 0.022917
0 0.594444 0.717708 0.033333 0.020833
0 0.380556 0.253646 0.029630 0.019792
0 0.053704 0.475521 0.025926 0.014583
0 0.604630 0.278646 0.020370 0.012500
0 0.652778 0.515104 0.031481 0.017708
0 0.710185 0.270833 0.020370 0.015625
0 0.312963 0.710417 0.031481 0.018750
0 0.669444 0.685417 0.042593 0.023958
0 0.305556 0.377083 0.040741 0.020833
0 0.690741 0.498437 0.037037 0.021875
0 0.395370 0.662500 0.037037 0.019792
0 0.357407 0.769271 0.031481 0.018750
0 0.847222 0.557292 0.031481 0.017708
0 0.539815 0.717708 0.044444 0.020833
0 0.761111 0.427604 0.044444 0.025000
0 0.625926 0.245312 0.033333 0.017708
0 0.373148 0.658333 0.033333 0.017708
0 0.275000 0.660937 0.035185 0.014583
0 0.641667 0.546875 0.031481 0.016667
0 0.088889 0.678646 0.031481 0.016667
0 0.643519 0.570312 0.027778 0.015625
0 0.700926 0.278125 0.031481 0.017708
0 0.764815 0.515625 0.037037 0.020833
0 0.416667 0.765625 0.029630 0.016667
0 0.063889 0.258333 0.031481 0.014583
0 0.492593 0.542708 0.038889 0.021875
0 0.845370 0.536458 0.031481 0.017708
0 0.216667 0.363542 0.025926 0.012500
0 0.115741 0.647917 0.037037 0.017708
0 0.667593 0.698438 0.035185 0.015625
0 0.229630 0.642188 0.029630 0.016667
0 0.816667 0.567187 0.029630 0.016667
0 0.711111 0.631771 0.024074 0.014583
0 0.803704 0.555208 0.027778 0.015625
0 0.439815 0.212500 0.024074 0.012500
0 0.244444 0.365104 0.024074 0.009375
0 0.311111 0.542188 0.020370 0.012500
0 0.404630 0.445312 0.031481 0.018750
0 0.070370 0.269792 0.027778 0.012500
0 0.687037 0.284896 0.024074 0.015625
0 0.440741 0.629167 0.029630 0.016667
0 0.631481 0.524479 0.033333 0.018750
0 0.605556 0.547396 0.027778 0.017708
0 0.009259 0.448958 0.018519 0.012500
0 0.794444 0.347917 0.027778 0.013542
0 0.785185 0.532292 0.035185 0.019792
0 0.816667 0.379167 0.033333 0.019792
0 0.155556 0.691667 0.031481 0.019792
0 0.300926 0.683333 0.029630 0.016667
0 0.235185 0.430729 0.040741 0.020833
0 0.693519 0.483333 0.024074 0.011458
0 0.062963 0.673958 0.027778 0.013542
0 0.225000 0.775521 0.042593 0.026042
0 0.269444 0.353125 0.038889 0.021875
0 0.095370 0.288021 0.033333 0.016667
0 0.824074 0.335938 0.027778 0.015625
0 0.784259 0.573438 0.035185 0.019792
0 0.618519 0.258854 0.038889 0.025000
0 0.271296 0.650521 0.038889 0.019792
0 0.826852 0.571354 0.033333 0.018750
