0 0.992593 0.266146 0.012963 0.018750
0 0.258333 0.305208 0.022222 0.013542
0 0.994444 0.796875 0.011111 0.023958
0 0.285185 0.457813 0.025926 0.013542
0 0.305556 0.291667 0.027778 0.014583
0 0.793519 0.278646 0.029630 0.015625
0 0.334259 0.471875 0.027778 0.015625
0 0.337963 0.291146 0.024074 0.015625
0 0.567593 0.663542 0.033333 0.019792
0 0.373148 0.383333 0.029630 0.018750
0 0.385185 0.400521 0.020370 0.010417
0 0.350000 0.414583 0.014815 0.008333
0 0.782407 0.518750 0.022222 0.012500
0 0.379630 0.376042 0.016667 0.009375
0 0.625000 0.685937 0.035185 0.020833
0 0.996296 0.310417 0.020370 0.010417
0 0.601852 0.710417 0.029630 0.018750
0 0.991667 0.692187 0.014815 0.029167
0 0.762963 0.288021 0.027778 0.016667
0 0.990741 0.676562 0.014815 0.020833
0 0.716667 0.365625 0.029630 0.014583
0 0.994444 0.725521 0.011111 0.020833
0 0.738889 0.382812 0.029630 0.016667
0 0.744444 0.657813 0.031481 0.017708
0 0.994444 0.656771 0.009259 0.023958
0 0.993519 0.548438 0.011111 0.018750
0 0.991667 0.729688 0.014815 0.025000
0 0.990741 0.755208 0.018519 0.018750
0 0.992593 0.766146 0.014815 0.008333
0 0.990741 0.232813 0.020370 0.011458
0 0.723148 0.493750 0.025926 0.013542
0 0.989815 0.728125 0.016667 0.023958
0 0.991667 0.708333 0.014815 0.018750
0 0.993519 0.476562 0.009259 0.022917
0 0.812037 0.695312 0.029630 0.019792
0 0.991667 0.790104 0.012963 0.017708
0 0.994444 0.366667 0.009259 0.022917
0 0.994444 0.257292 0.007407 0.014583
0 0.993519 0.651563 0.009259 0.018750
0 0.994444 0.716667 0.009259 0.017708
0 0.992593 0.420833 0.012963 0.022917
0 0.995370 0.606250 0.009259 0.020833
0 0.993519 0.781771 0.011111 0.018750
0 0.994444 0.669792 0.009259 0.019792
0 0.995370 0.644792 0.007407 0.012500
0 0.845370 0.701562 0.035185 0.018750
0 0.992593 0.522396 0.012963 0.028125
0 0.998148 0.675521 0.033333 0.014583
0 0.996296 0.637500 0.031481 0.014583
0 0.700926 0.466146 0.029630 0.016667
0 0.826852 0.572917 0.024074 0.012500
0 0.682407 0.663542 0.018519 0.009375
0 0.677778 0.678646 0.033333 0.017708
0 0.997222 0.695312 0.014815 0.025000
0 0.637963 0.710417 0.029630 0.017708
0 0.674074 0.686458 0.022222 0.011458
0 0.895370 0.707812 0.029630 0.014583
0 0.721296 0.345833 0.031481 0.017708
0 0.274074 0.471875 0.025926 0.012500
0 0.016667 0.290625 0.033333 0.020833
0 0.017593 0.685937 0.033333 0.017708
0 0.033333 0.277083 0.035185 0.018750
0 0.351852 0.377604 0.022222 0.012500
0 0.066667 0.544271 0.022222 0.012500
0 0.301852 0.473438 0.022222 0.012500
0 0.147222 0.493229 0.024074 0.013542
0 0.130556 0.548958 0.024074 0.010417
0 0.945370 0.388021 0.031481 0.015625
0 0.283333 0.292187 0.020370 0.012500
0 0.134259 0.557292 0.033333 0.014583
0 0.269444 0.282292 0.024074 0.013542
0 0.995370 0.632292 0.007407 0.021875
0 0.987963 0.543229 0.024074 0.011458
0 0.162037 0.490104 0.029630 0.016667
0 0.800926 0.522917 0.020370 0.011458
0 0.209259 0.464583 0.022222 0.012500
0 0.139815 0.557813 0.020370 0.012500
0 0.993519 0.697917 0.011111 0.015625
0 0.170370 0.493750 0.024074 0.013542
0 0.186111 0.486458 0.022222 0.013542
0 0.223148 0.263021 0.025926 0.015625
0 0.216667 0.479167 0.027778 0.015625
0 0.229630 0.290625 0.025926 0.014583
0 0.937037 0.647917 0.038889 0.020833
0 0.255556 0.479687 0.024074 0.014583
0 0.250926 0.294792 0.024074 0.014583
