0 0.737037 0.688021 0.033333 0.017708
0 0.304630 0.323437 0.027778 0.015625
0 0.695370 0.650000 0.025926 0.015625
0 0.171296 0.234375 0.027778 0.018750
0 0.305556 0.545833 0.025926 0.014583
0 0.746296 0.322917 0.033333 0.018750
0 0.124074 0.445312 0.025926 0.011458
0 0.343519 0.140625 0.022222 0.014583
0 0.905556 0.485417 0.024074 0.013542
0 0.101852 0.411458 0.038889 0.020833
0 0.117593 0.539583 0.029630 0.014583
0 0.141667 0.534896 0.033333 0.016667
0 0.471296 0.506771 0.018519 0.010417
0 0.162963 0.530729 0.029630 0.017708
0 0.564815 0.469792 0.024074 0.015625
0 0.470370 0.268750 0.027778 0.018750
0 0.161111 0.238542 0.027778 0.018750
0 0.165741 0.235937 0.035185 0.018750
0 0.198148 0.529687 0.033333 0.019792
0 1.002778 0.693750 0.025926 0.012500
0 0.226852 0.203125 0.035185 0.022917
0 0.989815 0.414583 0.022222 0.013542
0 0.200000 0.254688 0.031481 0.018750
0 0.337963 0.122396 0.025926 0.014583
0 0.280556 0.422396 0.033333 0.020833
0 0.282407 0.437500 0.035185 0.018750
0 0.231481 0.529687 0.031481 0.017708
0 0.336111 0.695833 0.029630 0.018750
0 0.284259 0.308333 0.029630 0.016667
0 0.258333 0.309896 0.029630 0.018750
0 0.462037 0.215625 0.031481 0.017708
0 0.460185 0.258854 0.033333 0.018750
0 0.303704 0.434896 0.025926 0.017708
0 0.246296 0.505729 0.014815 0.008333
0 0.306481 0.701042 0.031481 0.018750
0 0.332407 0.135417 0.024074 0.015625
0 0.668519 0.352083 0.037037 0.021875
0 0.324074 0.599479 0.033333 0.018750
0 0.358333 0.706771 0.035185 0.020833
0 0.333333 0.135417 0.025926 0.014583
0 0.243519 0.517188 0.022222 0.012500
0 0.271296 0.479687 0.027778 0.016667
0 0.408333 0.410417 0.048148 0.027083
0 0.364815 0.677604 0.031481 0.020833
0 0.265741 0.514062 0.025926 0.014583
0 0.420370 0.439583 0.046296 0.027083
0 0.450000 0.422396 0.046296 0.029167
0 0.482407 0.440104 0.048148 0.026042
0 0.498148 0.660417 0.033333 0.020833
0 0.520370 0.696354 0.033333 0.021875
0 0.455556 0.709375 0.025926 0.015625
0 0.454630 0.272396 0.025926 0.012500
0 0.466667 0.717708 0.033333 0.019792
0 0.664815 0.573438 0.018519 0.010417
0 0.925926 0.282813 0.022222 0.014583
0 0.580556 0.676562 0.024074 0.011458
0 0.633333 0.486979 0.029630 0.017708
0 0.996296 0.281250 0.005556 0.015625
0 0.621296 0.463542 0.027778 0.016667
0 0.921296 0.278125 0.042593 0.027083
0 0.869444 0.559896 0.020370 0.013542
0 0.967593 0.160417 0.011111 0.007292
0 0.984259 0.283333 0.016667 0.015625
0 0.837963 0.687500 0.018519 0.010417
0 0.920370 0.283333 0.027778 0.012500
0 0.908333 0.282292 0.022222 0.012500
0 0.995370 0.687500 0.007407 0.015625
0 0.903704 0.267188 0.024074 0.013542
0 0.886111 0.579167 0.012963 0.006250
0 0.913889 0.491667 0.024074 0.014583
0 0.915741 0.284375 0.020370 0.011458
0 0.895370 0.552083 0.025926 0.013542
0 0.926852 0.279687 0.024074 0.014583
0 0.940741 0.482292 0.029630 0.016667
0 0.949074 0.456250 0.014815 0.008333
0 0.896296 0.552604 0.025926 0.013542
0 0.940741 0.482812 0.029630 0.016667
0 0.935185 0.254688 0.025926 0.013542
0 0.948148 0.474479 0.016667 0.011458
0 0.909259 0.282813 0.025926 0.012500
0 0.968519 0.471875 0.025926 0.014583
0 0.936111 0.290104 0.022222 0.012500
0 0.959259 0.459896 0.025926 0.014583
0 0.920370 0.297396 0.024074 0.014583
0 0.989815 0.448437 0.018519 0.012500
0 0.987963 0.282292 0.024074 0.014583
0 0.995370 0.433854 0.007407 0.014583
0 0.987963 0.281771 0.025926 0.014583
0 0.996296 0.396354 0.005556 0.016667
