0 0.536111 0.476562 0.024074 0.012500
0 0.997222 0.470833 0.003704 0.012500
0 0.991667 0.709896 0.016667 0.019792
0 0.995370 0.580208 0.009259 0.019792
0 0.991667 0.579167 0.016667 0.029167
0 0.999074 0.435937 0.000000 0.000000
0 0.993519 0.766146 0.012963 0.016667
0 0.994444 0.717708 0.009259 0.014583
0 0.996296 0.721354 0.005556 0.014583
0 0.996296 0.503646 0.007407 0.020833
0 0.994444 0.579167 0.011111 0.027083
0 0.992593 0.680729 0.012963 0.017708
0 0.995370 0.395833 0.007407 0.014583
0 0.956481 0.372396 0.009259 0.012500
0 0.993519 0.673438 0.011111 0.015625
0 0.993519 0.326562 0.012963 0.014583
0 0.994444 0.353646 0.009259 0.015625
0 0.991667 0.710938 0.014815 0.020833
0 0.995370 0.732812 0.005556 0.017708
0 0.987037 0.656250 0.020370 0.012500
0 0.996296 0.522917 0.020370 0.011458
0 0.991667 0.709375 0.016667 0.019792
0 0.990741 0.682813 0.016667 0.016667
0 0.997222 0.507812 0.003704 0.018750
0 0.656481 0.414583 0.020370 0.010417
0 0.709259 0.386979 0.031481 0.019792
0 0.950000 0.664062 0.035185 0.019792
0 0.613889 0.296875 0.024074 0.015625
0 0.657407 0.477083 0.027778 0.015625
0 0.997222 0.270313 0.005556 0.016667
0 0.569444 0.298958 0.022222 0.014583
0 0.565741 0.464062 0.022222 0.011458
0 0.991667 0.743229 0.018519 0.040625
0 0.500000 0.313542 0.022222 0.012500
0 0.497222 0.303646 0.022222 0.013542
0 0.540741 0.486979 0.024074 0.014583
0 0.996296 0.694792 0.005556 0.018750
0 0.475000 0.299479 0.024074 0.014583
0 0.500000 0.486979 0.024074 0.014583
0 0.501852 0.270833 0.024074 0.015625
0 0.486111 0.495312 0.018519 0.012500
0 0.474074 0.498437 0.027778 0.016667
0 0.993519 0.695833 0.011111 0.015625
0 0.438889 0.566667 0.025926 0.014583
0 0.499074 0.472396 0.022222 0.012500
0 0.993519 0.526563 0.009259 0.011458
0 0.475000 0.498437 0.027778 0.016667
0 0.995370 0.740625 0.007407 0.022917
0 0.519444 0.291146 0.024074 0.014583
0 0.438889 0.566146 0.025926 0.014583
0 0.528704 0.298958 0.022222 0.014583
0 0.996296 0.445833 0.005556 0.015625
0 0.454630 0.503125 0.025926 0.012500
0 0.558333 0.480208 0.020370 0.011458
0 0.383333 0.558854 0.025926 0.015625
0 0.616667 0.384375 0.024074 0.013542
0 0.376852 0.286458 0.029630 0.016667
0 0.431481 0.696875 0.027778 0.017708
0 0.369444 0.300521 0.033333 0.019792
0 0.330556 0.305729 0.027778 0.018750
0 1.000926 0.688542 0.018519 0.016667
0 0.995370 0.557292 0.005556 0.012500
0 0.299074 0.541146 0.025926 0.015625
0 0.270370 0.701042 0.029630 0.015625
0 0.280556 0.344792 0.033333 0.017708
0 0.042593 0.588542 0.020370 0.009375
0 0.991667 0.320312 0.014815 0.013542
0 0.350000 0.302083 0.025926 0.017708
0 0.036111 0.690625 0.038889 0.020833
0 0.982407 0.447396 0.027778 0.012500
0 0.100000 0.500521 0.033333 0.017708
0 0.584259 0.297396 0.022222 0.014583
0 0.107407 0.478125 0.029630 0.014583
0 0.984259 0.630729 0.029630 0.018750
0 0.314815 0.301042 0.024074 0.017708
0 0.401852 0.567708 0.025926 0.015625
0 0.546296 0.177083 0.011111 0.007292
0 0.569444 0.298958 0.022222 0.014583
