0 0.991667 0.605208 0.016667 0.033333
0 0.568519 0.314583 0.022222 0.014583
0 0.861111 0.683854 0.033333 0.020833
0 0.641667 0.406250 0.029630 0.018750
0 0.597222 0.420833 0.018519 0.010417
0 0.597222 0.438021 0.009259 0.005208
0 1.014815 0.538542 0.011111 0.009375
0 0.948148 0.706771 0.040741 0.019792
0 0.906481 0.731771 0.033333 0.018750
0 0.995370 0.549479 0.020370 0.011458
0 1.001852 0.699479 0.029630 0.017708
0 0.941667 0.731771 0.029630 0.017708
0 0.992593 0.709896 0.014815 0.019792
0 0.986111 0.366667 0.025926 0.016667
0 0.995370 0.308854 0.012963 0.014583
0 0.992593 0.700000 0.012963 0.017708
0 0.978704 0.385937 0.029630 0.014583
0 0.993519 0.737500 0.009259 0.020833
0 0.994444 0.402083 0.011111 0.016667
0 0.993519 0.669271 0.011111 0.015625
0 0.994444 0.589063 0.009259 0.026042
0 0.989815 0.804167 0.018519 0.030208
0 0.989815 0.252083 0.018519 0.010417
0 0.992593 0.276562 0.011111 0.016667
0 0.964815 0.513542 0.025926 0.013542
0 0.990741 0.746875 0.016667 0.022917
0 0.996296 0.712500 0.005556 0.014583
0 0.994444 0.551562 0.009259 0.021875
0 0.994444 0.713021 0.011111 0.014583
0 0.992593 0.777604 0.012963 0.016667
0 0.994444 0.609375 0.009259 0.016667
0 0.996296 0.705729 0.005556 0.011458
0 0.999074 0.436458 0.000000 0.000000
0 0.992593 0.611458 0.014815 0.026042
0 0.992593 0.789583 0.012963 0.020833
0 0.994444 0.613542 0.009259 0.020833
0 0.993519 0.642708 0.011111 0.020833
0 0.949074 0.484896 0.027778 0.015625
0 0.994444 0.708333 0.012963 0.018750
0 0.412963 0.512500 0.027778 0.017708
0 0.036111 0.510938 0.031481 0.014583
0 0.537963 0.315625 0.024074 0.014583
0 0.038889 0.471354 0.025926 0.009375
0 0.900000 0.652604 0.027778 0.015625
0 0.255556 0.318750 0.018519 0.015625
0 0.362037 0.579167 0.020370 0.012500
0 0.494444 0.198437 0.009259 0.006250
0 0.525926 0.317188 0.020370 0.013542
0 0.990741 0.325000 0.016667 0.015625
0 0.191667 0.355208 0.025926 0.016667
0 0.210185 0.707292 0.033333 0.013542
0 0.230556 0.551562 0.029630 0.017708
0 0.996296 0.546875 0.007407 0.012500
0 0.972222 0.707292 0.027778 0.016667
0 0.269444 0.323437 0.029630 0.017708
0 0.305556 0.319271 0.037037 0.019792
0 0.337037 0.708333 0.029630 0.016667
0 0.315741 0.305208 0.031481 0.016667
0 0.573148 0.401042 0.022222 0.012500
0 0.338889 0.571875 0.024074 0.012500
0 0.523148 0.494792 0.018519 0.011458
0 0.394444 0.515104 0.018519 0.012500
0 0.381481 0.570312 0.024074 0.011458
0 0.996296 0.422917 0.003704 0.014583
0 0.495370 0.316146 0.022222 0.012500
0 0.378704 0.578125 0.029630 0.014583
0 0.486111 0.307812 0.024074 0.014583
0 0.995370 0.703125 0.007407 0.022917
0 0.994444 0.592708 0.025926 0.012500
0 0.993519 0.532292 0.011111 0.012500
0 0.445370 0.486979 0.020370 0.012500
0 0.379630 0.578646 0.025926 0.015625
0 0.992593 0.690104 0.011111 0.015625
0 0.413889 0.512500 0.025926 0.015625
0 0.425926 0.507812 0.020370 0.013542
0 0.458333 0.289583 0.024074 0.014583
0 0.448148 0.501042 0.024074 0.014583
0 0.443519 0.315104 0.024074 0.014583
0 0.996296 0.689583 0.005556 0.017708
0 0.487963 0.501563 0.024074 0.014583
0 0.463889 0.319271 0.020370 0.012500
0 0.487037 0.490625 0.022222 0.010417
0 0.467593 0.329688 0.020370 0.013542
0 0.991667 0.760938 0.014815 0.035417
0 0.513889 0.479167 0.022222 0.012500
0 0.527778 0.316667 0.024074 0.014583
0 0.996296 0.289062 0.005556 0.017708
0 0.591667 0.493750 0.027778 0.015625
