0 0.999074 0.435937 0.000000 0.000000
0 0.006481 0.682292 0.012963 0.022917
0 0.024074 0.535937 0.027778 0.013542
0 0.020370 0.718750 0.037037 0.021875
0 0.043519 0.642188 0.035185 0.018750
0 0.028704 0.728125 0.031481 0.016667
0 0.357407 0.348958 0.025926 0.015625
0 0.065741 0.291667 0.031481 0.017708
0 0.070370 0.736458 0.038889 0.020833
0 0.160185 0.598958 0.022222 0.010417
0 0.462963 0.313542 0.025926 0.017708
0 0.119444 0.698958 0.038889 0.020833
0 0.989815 0.464583 0.016667 0.012500
0 0.204630 0.509375 0.031481 0.017708
0 0.681481 0.310417 0.022222 0.014583
0 0.208333 0.485417 0.031481 0.016667
0 0.995370 0.647917 0.024074 0.017708
0 0.426852 0.311458 0.025926 0.017708
0 0.476852 0.579167 0.024074 0.014583
0 0.647222 0.190104 0.011111 0.007292
0 0.663889 0.311979 0.022222 0.015625
0 0.992593 0.323437 0.011111 0.010417
0 0.442593 0.355208 0.027778 0.014583
0 0.352778 0.713021 0.027778 0.016667
0 0.407407 0.553125 0.027778 0.017708
0 0.996296 0.561979 0.007407 0.012500
0 1.000926 0.669792 0.018519 0.015625
0 0.442593 0.316146 0.031481 0.017708
0 0.485185 0.311458 0.031481 0.019792
0 0.542593 0.712500 0.027778 0.017708
0 0.487037 0.297396 0.024074 0.015625
0 0.703704 0.397917 0.020370 0.012500
0 0.455556 0.571354 0.024074 0.013542
0 0.642593 0.493229 0.024074 0.013542
0 0.540741 0.515104 0.024074 0.013542
0 0.618519 0.311458 0.022222 0.013542
0 0.526852 0.579167 0.025926 0.014583
0 0.611111 0.303125 0.024074 0.014583
0 0.565741 0.511458 0.025926 0.016667
0 0.994444 0.526042 0.009259 0.010417
0 0.586111 0.485938 0.022222 0.012500
0 0.526852 0.579167 0.025926 0.014583
0 0.566667 0.511458 0.027778 0.016667
0 0.575000 0.507812 0.016667 0.011458
0 0.599074 0.283333 0.024074 0.015625
0 0.585185 0.500521 0.024074 0.014583
0 0.564815 0.310937 0.024074 0.015625
0 0.996296 0.675521 0.005556 0.017708
0 0.625926 0.500521 0.024074 0.014583
0 0.585185 0.315104 0.020370 0.013542
0 0.615741 0.490625 0.022222 0.012500
0 0.586111 0.325000 0.020370 0.013542
0 0.650000 0.478125 0.024074 0.011458
0 0.663889 0.312500 0.022222 0.014583
0 0.997222 0.268229 0.005556 0.016667
0 0.755556 0.492188 0.027778 0.014583
0 0.708333 0.309896 0.024074 0.015625
0 0.990741 0.679688 0.018519 0.021875
0 0.816667 0.402604 0.031481 0.019792
0 0.759259 0.429167 0.020370 0.010417
0 0.997222 0.505208 0.003704 0.017708
0 0.990741 0.683854 0.014815 0.016667
0 0.997222 0.705729 0.003704 0.016667
0 0.989815 0.666146 0.020370 0.011458
0 0.995370 0.739062 0.005556 0.016667
0 0.992593 0.689063 0.009259 0.018750
0 0.995370 0.352604 0.009259 0.014583
0 0.992593 0.339062 0.011111 0.013542
0 0.994444 0.661458 0.011111 0.013542
0 0.971296 0.385937 0.009259 0.013542
0 0.995370 0.396875 0.007407 0.013542
0 0.989815 0.682813 0.009259 0.016667
0 0.994444 0.595833 0.011111 0.028125
0 0.996296 0.471354 0.007407 0.020833
0 0.996296 0.707292 0.005556 0.014583
0 0.994444 0.710417 0.009259 0.013542
0 0.992593 0.711979 0.012963 0.017708
0 0.997222 0.478646 0.005556 0.010417
