0 0.222592 0.487396 0.067038 0.040208
0 0.480556 0.296770 0.078148 0.040208
0 0.613240 0.147812 0.072038 0.039584
0 0.645370 0.018646 0.067038 0.040416
0 0.571388 0.419010 0.064260 0.036770
0 0.913796 0.143178 0.097222 0.052604
0 0.266852 0.533438 0.070740 0.041250
0 0.530370 0.027552 0.082592 0.046980
0 0.297500 0.350416 0.090926 0.050834
0 0.598240 0.052656 0.070926 0.037812
0 0.983982 0.960626 0.087222 0.051250
0 0.521574 0.750572 0.092778 0.048646
0 0.723240 0.461980 0.061666 0.034376
0 0.196482 0.432448 0.071112 0.042604
0 0.471666 0.858438 0.090370 0.050000
0 0.015648 0.438750 0.082778 0.040000
0 0.659352 0.120416 0.066852 0.040000
0 0.658888 0.537760 0.064444 0.036354
0 0.732870 0.324010 0.072038 0.042604
0 0.329630 0.998750 0.073334 0.043750
0 0.555834 0.747188 0.083888 0.044792
0 0.285186 0.376562 0.082962 0.050624
0 0.925740 0.085416 0.080370 0.043958
0 0.092592 0.941822 0.053334 0.028438
0 0.760186 0.499374 0.065186 0.039584
0 0.127130 0.439270 0.068334 0.041250
0 0.300462 0.078334 0.089814 0.048958
0 0.968056 0.419636 0.077592 0.048020
0 0.837222 0.518646 0.055186 0.035208
0 0.604260 0.759792 0.072222 0.039584
0 0.682500 0.316406 0.069074 0.037812
0 0.488426 0.319374 0.073888 0.028750
0 0.251666 0.096614 0.061482 0.037396
0 0.139352 0.349584 0.060926 0.034376
0 0.255556 0.144374 0.054074 0.034792
0 0.393148 0.555000 0.064444 0.035208
0 0.483426 0.034844 0.076852 0.043646
0 0.782778 0.532396 0.058518 0.035000
0 0.205740 0.513958 0.082222 0.054374
0 0.529444 0.151980 0.072592 0.038958
0 0.640000 0.670624 0.052592 0.030834
0 0.184074 0.567396 0.068888 0.035624
0 0.479908 0.700364 0.077592 0.046770
0 0.397962 0.548438 0.087038 0.049584
0 0.089260 0.339584 0.051482 0.030416
0 0.356112 0.966822 0.057778 0.036354
0 0.425092 0.854218 0.079444 0.042396
0 0.545926 0.364584 0.060370 0.035000
0 0.244630 0.375990 0.067408 0.038646
0 0.120370 0.507396 0.053334 0.031250
0 0.416574 0.540364 0.045370 0.027604
0 0.174908 0.554636 0.045740 0.027812
0 0.570462 0.695000 0.057592 0.030416
0 0.010000 0.888802 0.020370 0.026562
0 0.176296 0.096666 0.055926 0.036042
0 0.231112 0.053334 0.065186 0.039166
0 0.819166 0.256042 0.063148 0.036250
0 0.370834 0.568750 0.049814 0.028750
0 0.135462 0.529636 0.050186 0.027188
0 0.772870 0.888386 0.062778 0.037812
0 0.601482 0.079948 0.043334 0.026354
0 0.471046 0.723490 0.050352 0.020104
0 0.884944 0.418282 0.049444 0.027812
0 0.571064 0.115860 0.056462 0.031114
0 0.390926 0.268438 0.053704 0.031458
0 0.592510 0.140552 0.052426 0.026312
0 0.397962 0.277344 0.062222 0.036980
0 0.293722 0.405598 0.057000 0.023178
0 0.557740 0.341374 0.061296 0.031520
0 0.168444 0.290662 0.078444 0.035594
0 0.410852 0.721828 0.050814 0.023948
0 0.525556 0.068594 0.072962 0.041562
