0 0.762778 0.534297 0.036481 0.020781
0 0.205370 0.360938 0.025370 0.011979
0 0.084259 0.645365 0.039259 0.017813
0 0.278843 0.670703 0.030648 0.015781
0 0.646852 0.702786 0.028519 0.011615
0 0.198981 0.638672 0.031111 0.018490
0 0.796250 0.570286 0.026204 0.013177
0 0.695463 0.634219 0.026852 0.015729
0 0.785509 0.557943 0.028241 0.015573
0 0.442454 0.209141 0.024722 0.013906
0 0.235556 0.361745 0.025185 0.010052
0 0.300741 0.539974 0.021667 0.013177
0 0.386435 0.444193 0.031389 0.018906
0 0.067731 0.264818 0.025093 0.013594
0 0.685417 0.284375 0.024907 0.014375
0 0.409583 0.628021 0.031574 0.018125
0 0.615556 0.526667 0.032593 0.019583
0 0.588148 0.548333 0.027963 0.018021
0 0.005000 0.444401 0.010185 0.013281
0 0.785231 0.347500 0.028796 0.015208
0 0.587454 0.277318 0.022870 0.013906
0 0.636315 0.517320 0.035593 0.017984
0 0.708287 0.270182 0.022685 0.013802
0 0.060185 0.253698 0.026667 0.015625
0 0.122315 0.687995 0.033704 0.019323
0 0.272963 0.682292 0.030185 0.017500
0 0.212546 0.427109 0.039722 0.021198
0 0.678056 0.483411 0.028889 0.018177
0 0.044630 0.669792 0.025741 0.015208
0 0.198981 0.774219 0.043519 0.024792
0 0.239954 0.350182 0.038796 0.023385
0 0.092037 0.283698 0.034444 0.017812
0 0.820000 0.335312 0.026296 0.015417
0 0.764722 0.575990 0.036296 0.019479
0 0.602870 0.256979 0.041111 0.027187
0 0.391389 0.766198 0.029259 0.017500
0 0.741713 0.517422 0.038426 0.021823
0 0.696574 0.277500 0.032222 0.017604
0 0.627778 0.572187 0.027037 0.017396
0 0.069676 0.674792 0.030463 0.017188
0 0.625833 0.548307 0.030741 0.018698
0 0.244213 0.659687 0.036944 0.014375
0 0.341250 0.658203 0.034537 0.018906
0 0.611296 0.243698 0.033519 0.020104
0 0.735833 0.429219 0.045185 0.025000
0 0.507824 0.719375 0.041389 0.020000
0 0.829676 0.560208 0.033426 0.020000
0 0.329444 0.768880 0.032222 0.018177
0 0.366435 0.662005 0.036019 0.021302
0 0.664815 0.499375 0.036667 0.021875
0 0.277917 0.373594 0.041944 0.022396
0 0.642593 0.688281 0.041481 0.025312
0 0.462870 0.542708 0.040185 0.021979
0 0.046296 0.470911 0.026667 0.014219
0 0.380093 0.249687 0.032593 0.019792
0 0.563565 0.719635 0.034167 0.020625
0 0.650231 0.539167 0.044907 0.024479
0 0.484028 0.209818 0.038796 0.024010
0 0.418611 0.759323 0.027593 0.017604
0 0.802130 0.379896 0.036111 0.019792
0 0.598241 0.716224 0.035556 0.021302
0 0.361620 0.730990 0.030833 0.017188
0 0.760787 0.375286 0.046389 0.024323
0 0.491991 0.480313 0.043611 0.025625
0 0.799120 0.526328 0.035463 0.018906
0 0.148750 0.675208 0.045463 0.025417
0 0.265185 0.513776 0.041296 0.023490
0 0.633426 0.266719 0.035370 0.020625
0 0.456898 0.571589 0.048611 0.026302
0 0.285694 0.709505 0.032130 0.018385
0 0.822685 0.509323 0.033519 0.020208
0 0.806620 0.573906 0.036019 0.019792
0 0.240278 0.648385 0.039074 0.020104
