0 0.670370 0.285938 0.025926 0.013542
0 0.861111 0.633854 0.033333 0.015625
0 0.181481 0.663021 0.037037 0.019792
0 0.762963 0.660417 0.031481 0.020833
0 0.795370 0.763021 0.029630 0.015625
0 0.572222 0.780729 0.037037 0.022917
0 0.674074 0.665104 0.035185 0.016667
0 0.376852 0.676042 0.024074 0.016667
0 0.647222 0.434375 0.038889 0.021875
0 0.675926 0.687500 0.031481 0.017708
0 0.562037 0.693750 0.038889 0.021875
0 0.326852 0.476042 0.024074 0.013542
0 0.668519 0.253125 0.029630 0.019792
0 0.988889 0.723958 0.022222 0.016667
0 0.933333 0.216667 0.042593 0.026042
0 0.748148 0.734375 0.031481 0.016667
0 0.983333 0.486979 0.029630 0.025000
0 0.592593 0.680729 0.046296 0.023958
0 0.684259 0.519271 0.040741 0.021875
0 0.898148 0.576042 0.050000 0.027083
0 0.314815 0.640104 0.031481 0.016667
0 0.136111 0.696354 0.033333 0.018750
0 0.471296 0.685937 0.025926 0.014583
0 0.270370 0.327083 0.035185 0.017708
0 0.278704 0.348438 0.033333 0.017708
0 0.295370 0.363542 0.027778 0.016667
0 0.642593 0.646354 0.024074 0.015625
0 0.193519 0.670833 0.031481 0.016667
0 0.400926 0.555208 0.022222 0.014583
0 0.174074 0.694792 0.031481 0.017708
0 0.183333 0.648438 0.024074 0.013542
0 0.742593 0.358333 0.042593 0.023958
0 0.678704 0.654167 0.035185 0.019792
0 0.766667 0.770833 0.025926 0.014583
0 0.678704 0.714063 0.029630 0.018750
0 0.291667 0.448437 0.027778 0.016667
0 0.525926 0.650521 0.040741 0.022917
0 0.936111 0.548438 0.042593 0.023958
0 0.769444 0.380729 0.042593 0.023958
0 0.712963 0.773438 0.031481 0.018750
0 0.954630 0.722917 0.042593 0.021875
0 0.405556 0.680729 0.029630 0.016667
0 0.799005 0.668844 0.034583 0.015958
0 0.790463 0.662682 0.036481 0.018073
0 0.129630 0.671875 0.037037 0.019792
